units SI
begin
velocity  666.0
time   100.0
#numPieces     weightIndividual         weightTotal    aref                     beta                     impulseVel          CD        CL        
1              3196.5                    3196.5        12.458                   1982.3                   32.614                     1.0       0.1
9              59.783                    538.05        0.63824                   203.6                    15.85                     1.0       0.1
91             [  2.722,  484.4]        2.2166e+04     [0.03716, 0.4645]        [  32.71,  438.0]        [  14.75,  91.44]          1.0       0.1
8              [  22.68,  396.9]         1678.3        [  0.223,  5.686]        [  55.66,  73.72]        [  32.61,  190.2]          1.0       0.1
175            [  1.134,  73.71]         6548.7        [0.01115, 0.7154]        [  53.22,   79.1]        [  17.95,  59.28]          1.0       0.1
4              17.236                    68.946         1.217                   37.106                   74.554                     1.0       0.1
1406           [0.04536,  249.9]        1.7573e+05     [0.000929,  2.917]       [  34.67,  69.82]        [  421.8,  9.022]          1.0       0.1
8              31.888                     255.1         0.288                   253.89                   4.6634                     1.0       0.1
977            [ 0.6804,  90.72]        4.4648e+04     [0.01486,   1.96]        [   24.9,  36.13]        [  35.63,  234.8]          1.0       0.1
1              381.02                    381.02        0.83613                  370.58                   6.2484                     1.0       0.1
2              13.608                    27.216        0.044593                  361.3                   5.4864                     1.0       0.1
1              296.51                    296.51        0.74322                  886.65                   18.654                     1.0       0.1
126            [  1.134,  113.4]         7215.5        [0.02601,  2.564]        [   30.0,   60.0]        [  44.26,  111.4]          1.0       0.1
13             [  36.29,  946.0]         6384.6        [0.04645, 0.3995]        [  147.4,  438.0]        [  4.359,  97.11]         10.0       0.1
12             [  27.22,  39.01]         397.35        [ 0.3437, 0.4831]        [  63.47,  64.45]        [  106.0,  220.4]         1.29       0.1
526            [0.04536,  249.9]        6.5743e+04     [0.000929,  2.936]       [  33.69,  69.33]        [  53.64,  264.6]          1.0       0.1
1              510.02                    510.02        4.4593                   254.37                   22.464                     1.0       0.1
2              10.206                    20.412        0.32144                  73.725                   32.339                     1.0       0.1
16             [  21.09,  82.33]         827.35        [0.01672,0.04459]        [  157.2,  436.5]        [  16.55,  22.13]          2.5       0.1
4              31.888                    127.55         0.288                   253.89                   43.129                     1.0       0.1
1              90.718                    90.718        1.1427                   93.743                   52.761                     1.0       0.1
1081           [ 0.9072,  213.4]        1.1584e+05     [0.01765,  4.831]        [  31.25,  276.8]        [  4.023,  100.8]          1.0       0.1
1              8049.4                    8049.4        29.264                   611.28                    8.382                     1.0       0.1
end