FORMAT	LATLON	METERS	

#Time LonDeg              LatDeg              AltM                
0     -106.3666           32.915999           10.0                
1     -106.3666           32.915999           34.780156           
2     -106.3666           32.915999           109.57776           
3     -106.3666           32.915998           234.75315           
4     -106.3666           32.915998           410.28102           
5     -106.3666           32.915997           635.76219           
6     -106.3666           32.915997           910.29913           
7     -106.3666           32.915996           1230.4472           
8     -106.36661          32.915995           1587.9323           
9     -106.36661          32.915994           1974.4831           
10    -106.36661          32.915993           2385.2848           
11    -106.36662          32.915992           2818.5392           
12    -106.36662          32.915991           3273.374            
13    -106.36663          32.91599            3749.278            
14    -106.36664          32.915988           4246.0716           
15    -106.36664          32.915987           4763.8715           
16    -106.36665          32.915986           5303.0672           
17    -106.36666          32.915985           5864.303            
18    -106.36667          32.915984           6448.4605           
19    -106.36668          32.915982           7056.6472           
20    -106.36669          32.915981           7690.4554           
21    -106.3667           32.91598            8352.6034           
22    -106.36672          32.915978           9046.3642           
23    -106.36673          32.915977           9774.9197           
24    -106.36675          32.915976           10541.736           
25    -106.36677          32.915974           11350.197           
26    -106.36679          32.915973           12203.894           
27    -106.36681          32.915971           13106.536           
28    -106.36683          32.91597            14060.726           
29    -106.36686          32.915968           15068.985           
30    -106.36688          32.915966           16081.347           
31    -106.36691          32.915964           17050.719           
32    -106.36694          32.915963           17983.063           
33    -106.36696          32.915961           18882.994           
34    -106.36699          32.915959           19754.014           
35    -106.36702          32.915957           20598.669           
36    -106.36705          32.915954           21418.952           
37    -106.36708          32.915952           22216.603           
38    -106.36711          32.91595            22993.125           
39    -106.36714          32.915947           23749.823           
40    -106.36718          32.915945           24487.835           
41    -106.36721          32.915942           25208.067           
42    -106.36724          32.915939           25911.315           
43    -106.36728          32.915936           26598.289           
44    -106.36731          32.915933           27269.628           
45    -106.36734          32.915931           27958.72            
46    -106.36738          32.915932           28714.864           
47    -106.36741          32.915936           29540.65            
48    -106.36744          32.915944           30438.446           
49    -106.36747          32.915954           31410.669           
50    -106.36749          32.915968           32459.728           
51    -106.36752          32.915986           33588.257           
52    -106.36755          32.916006           34799.177           
53    -106.36757          32.916031           36095.714           
54    -106.3676           32.916059           37481.427           
55    -106.36762          32.916091           38960.246           
56    -106.36765          32.916128           40536.497           
57    -106.36767          32.916168           42214.936           
58    -106.36769          32.916213           44000.79            
59    -106.36772          32.916262           45899.798           
60    -106.36774          32.916316           47918.257           
61    -106.36776          32.916376           50063.09            
62    -106.36779          32.91644            52341.908           
63    -106.36781          32.916511           54763.112           
64    -106.36784          32.916587           57335.998           
65    -106.36787          32.916669           60070.901           
66    -106.3679           32.916759           62979.384           
67    -106.36793          32.916852           65990.21            
68    -106.36796          32.916945           68987.373           
69    -106.368            32.917038           71971.418           
70    -106.36804          32.91713            74943.426           
71    -106.36809          32.917222           77904.149           
72    -106.36814          32.917314           80854.112           
73    -106.36819          32.917406           83793.685           
74    -106.36825          32.917497           86723.127           
75    -106.36831          32.917588           89642.62            
76    -106.36837          32.917679           92552.298           
77    -106.36844          32.91777            95452.254           
78    -106.36851          32.91786            98342.558           
79    -106.36859          32.91795            101223.26           
80    -106.36867          32.91804            104094.4            
81    -106.36875          32.91813            106956.0            
82    -106.36884          32.91822            109808.09           
83    -106.36893          32.918309           112650.69           
84    -106.36902          32.918398           115483.82           
85    -106.36912          32.918487           118307.48           
86    -106.36922          32.918576           121121.68           
87    -106.36932          32.918665           123926.45           
88    -106.36943          32.918753           126721.79           
89    -106.36954          32.918841           129507.71           
90    -106.36966          32.918929           132284.21           
91    -106.36978          32.919017           135051.31           
92    -106.3699           32.919104           137809.02           
93    -106.37002          32.919191           140557.34           
94    -106.37015          32.919279           143296.28           
95    -106.37028          32.919365           146025.85           
96    -106.37042          32.919452           148746.05           
97    -106.37056          32.919539           151456.91           
98    -106.3707           32.919625           154158.41           
99    -106.37084          32.919711           156850.58           
100   -106.37099          32.919797           159533.42           
101   -106.37114          32.919883           162206.93           
102   -106.3713           32.919968           164871.12           
103   -106.37146          32.920053           167526.01           
104   -106.37162          32.920138           170171.6            
105   -106.37178          32.920223           172807.89           
106   -106.37195          32.920308           175434.9            
107   -106.37212          32.920393           178052.63           
108   -106.3723           32.920477           180661.09           
109   -106.37247          32.920561           183260.28           
110   -106.37265          32.920645           185850.22           
111   -106.37284          32.920729           188430.91           
112   -106.37303          32.920812           191002.36           
113   -106.37322          32.920895           193564.57           
114   -106.37341          32.920979           196117.56           
115   -106.37361          32.921062           198661.32           
116   -106.3738           32.921144           201195.87           
117   -106.37401          32.921227           203721.22           
118   -106.37421          32.921309           206237.37           
119   -106.37442          32.921391           208744.32           
120   -106.37463          32.921473           211242.1            
121   -106.37485          32.921555           213730.69           
122   -106.37506          32.921637           216210.11           
123   -106.37529          32.921718           218680.37           
124   -106.37551          32.9218             221141.47           
125   -106.37573          32.921881           223593.42           
126   -106.37596          32.921962           226036.23           
127   -106.3762           32.922042           228469.9            
128   -106.37643          32.922123           230894.44           
129   -106.37667          32.922203           233309.86           
130   -106.37691          32.922283           235716.16           
131   -106.37715          32.922363           238113.35           
132   -106.3774           32.922443           240501.44           
133   -106.37765          32.922523           242880.43           
134   -106.3779           32.922602           245250.33           
135   -106.37816          32.922682           247611.15           
136   -106.37841          32.922761           249962.89           
137   -106.37868          32.92284            252305.55           
138   -106.37894          32.922918           254639.16           
139   -106.3792           32.922997           256963.7            
140   -106.37947          32.923075           259279.2            
141   -106.37974          32.923153           261585.64           
142   -106.38002          32.923231           263883.05           
143   -106.3803           32.923309           266171.43           
144   -106.38058          32.923387           268450.78           
145   -106.38086          32.923464           270721.11           
146   -106.38114          32.923542           272982.42           
147   -106.38143          32.923619           275234.72           
148   -106.38172          32.923696           277478.03           
149   -106.38201          32.923773           279712.34           
150   -106.38231          32.923849           281937.65           
151   -106.38261          32.923926           284153.99           
152   -106.38291          32.924002           286361.34           
153   -106.38321          32.924078           288559.73           
154   -106.38352          32.924154           290749.14           
155   -106.38382          32.92423            292929.6            
156   -106.38413          32.924306           295101.1            
157   -106.38445          32.924381           297263.66           
158   -106.38476          32.924456           299417.27           
159   -106.38508          32.924531           301561.94           
160   -106.3854           32.924606           303697.68           
161   -106.38572          32.924681           305824.5            
162   -106.38605          32.924756           307942.4            
163   -106.38638          32.92483            310051.38           
164   -106.38671          32.924905           312151.45           
165   -106.38704          32.924979           314242.62           
166   -106.38738          32.925053           316324.89           
167   -106.38771          32.925126           318398.28           
168   -106.38805          32.9252             320462.77           
169   -106.3884           32.925273           322518.38           
170   -106.38874          32.925347           324565.12           
171   -106.38909          32.92542            326602.99           
172   -106.38944          32.925493           328631.99           
173   -106.38979          32.925566           330652.14           
174   -106.39014          32.925638           332663.42           
175   -106.3905           32.925711           334665.87           
176   -106.39086          32.925783           336659.46           
177   -106.39122          32.925855           338644.22           
178   -106.39158          32.925927           340620.15           
179   -106.39195          32.925999           342587.25           
180   -106.39231          32.926071           344545.52           
181   -106.39268          32.926143           346494.98           
182   -106.39305          32.926214           348435.62           
183   -106.39343          32.926285           350367.46           
184   -106.3938           32.926356           352290.5            
185   -106.39418          32.926427           354204.74           
186   -106.39456          32.926498           356110.18           
187   -106.39495          32.926569           358006.84           
188   -106.39533          32.926639           359894.72           
189   -106.39572          32.926709           361773.82           
190   -106.39611          32.92678            363644.15           
191   -106.3965           32.92685            365505.71           
192   -106.39689          32.926919           367358.5            
193   -106.39729          32.926989           369202.54           
194   -106.39768          32.927059           371037.83           
195   -106.39808          32.927128           372864.36           
196   -106.39848          32.927197           374682.16           
197   -106.39889          32.927266           376491.21           
198   -106.39929          32.927335           378291.53           
199   -106.3997           32.927404           380083.12           
200   -106.40011          32.927473           381865.99           
201   -106.40052          32.927541           383640.13           
202   -106.40093          32.92761            385405.56           
203   -106.40135          32.927678           387162.28           
204   -106.40177          32.927746           388910.29           
205   -106.40219          32.927814           390649.6            
206   -106.40261          32.927882           392380.21           
207   -106.40303          32.927949           394102.12           
208   -106.40345          32.928017           395815.35           
209   -106.40388          32.928084           397519.9            
210   -106.40431          32.928151           399215.76           
211   -106.40474          32.928218           400902.95           
212   -106.40517          32.928285           402581.46           
213   -106.40561          32.928352           404251.31           
214   -106.40604          32.928418           405912.5            
215   -106.40648          32.928485           407565.02           
216   -106.40692          32.928551           409208.9            
217   -106.40736          32.928617           410844.12           
218   -106.4078           32.928683           412470.7            
219   -106.40825          32.928749           414088.63           
220   -106.4087           32.928815           415697.93           
221   -106.40915          32.92888            417298.59           
222   -106.4096           32.928946           418890.62           
223   -106.41005          32.929011           420474.03           
224   -106.4105           32.929076           422048.81           
225   -106.41096          32.929141           423614.98           
226   -106.41141          32.929206           425172.53           
227   -106.41187          32.929271           426721.48           
228   -106.41233          32.929336           428261.82           
229   -106.4128           32.9294             429793.55           
230   -106.41326          32.929464           431316.69           
231   -106.41373          32.929529           432831.23           
232   -106.41419          32.929593           434337.19           
233   -106.41466          32.929657           435834.55           
234   -106.41513          32.92972            437323.34           
235   -106.4156           32.929784           438803.54           
236   -106.41608          32.929847           440275.17           
237   -106.41655          32.929911           441738.23           
238   -106.41703          32.929974           443192.72           
239   -106.41751          32.930037           444638.64           
240   -106.41799          32.9301             446076.01           
241   -106.41847          32.930163           447504.82           
242   -106.41895          32.930226           448925.07           
243   -106.41944          32.930288           450336.77           
244   -106.41992          32.930351           451739.93           
245   -106.42041          32.930413           453134.55           
246   -106.4209           32.930475           454520.62           
247   -106.42139          32.930537           455898.16           
248   -106.42188          32.930599           457267.17           
249   -106.42238          32.930661           458627.64           
250   -106.42287          32.930722           459979.59           
251   -106.42337          32.930784           461323.02           
252   -106.42387          32.930845           462657.93           
253   -106.42437          32.930906           463984.33           
254   -106.42487          32.930967           465302.21           
255   -106.42537          32.931028           466611.58           
256   -106.42587          32.931089           467912.45           
257   -106.42638          32.93115            469204.81           
258   -106.42688          32.931211           470488.68           
259   -106.42739          32.931271           471764.05           
260   -106.4279           32.931331           473030.92           
261   -106.42841          32.931391           474289.31           
262   -106.42892          32.931451           475539.21           
263   -106.42944          32.931511           476780.62           
264   -106.42995          32.931571           478013.56           
265   -106.43047          32.931631           479238.01           
266   -106.43098          32.93169            480454.0            
267   -106.4315           32.93175            481661.51           
268   -106.43202          32.931809           482860.55           
269   -106.43254          32.931868           484051.13           
270   -106.43306          32.931927           485233.24           
271   -106.43359          32.931986           486406.89           
272   -106.43411          32.932045           487572.09           
273   -106.43464          32.932104           488728.84           
274   -106.43516          32.932162           489877.13           
275   -106.43569          32.932221           491016.97           
276   -106.43622          32.932279           492148.37           
277   -106.43675          32.932337           493271.32           
278   -106.43728          32.932395           494385.84           
279   -106.43782          32.932453           495491.92           
280   -106.43835          32.932511           496589.56           
281   -106.43889          32.932568           497678.77           
282   -106.43942          32.932626           498759.56           
283   -106.43996          32.932683           499831.91           
284   -106.4405           32.93274            500895.84           
285   -106.44104          32.932798           501951.35           
286   -106.44158          32.932855           502998.45           
287   -106.44212          32.932912           504037.12           
288   -106.44267          32.932968           505067.38           
289   -106.44321          32.933025           506089.24           
290   -106.44376          32.933082           507102.68           
291   -106.4443           32.933138           508107.71           
292   -106.44485          32.933194           509104.35           
293   -106.4454           32.93325            510092.58           
294   -106.44595          32.933306           511072.41           
295   -106.4465           32.933362           512043.85           
296   -106.44705          32.933418           513006.89           
297   -106.4476           32.933474           513961.54           
298   -106.44816          32.93353            514907.8            
299   -106.44871          32.933585           515845.67           
300   -106.44927          32.93364            516775.16           
301   -106.44982          32.933696           517696.27           
302   -106.45038          32.933751           518609.0            
303   -106.45094          32.933806           519513.34           
304   -106.4515           32.93386            520409.32           
305   -106.45206          32.933915           521296.92           
306   -106.45262          32.93397            522176.14           
307   -106.45318          32.934024           523047.0            
308   -106.45374          32.934079           523909.49           
309   -106.45431          32.934133           524763.61           
310   -106.45487          32.934187           525609.38           
311   -106.45544          32.934241           526446.78           
312   -106.456            32.934295           527275.82           
313   -106.45657          32.934349           528096.5            
314   -106.45714          32.934403           528908.83           
315   -106.45771          32.934456           529712.81           
316   -106.45828          32.93451            530508.43           
317   -106.45885          32.934563           531295.71           
318   -106.45942          32.934616           532074.64           
319   -106.45999          32.934669           532845.22           
320   -106.46057          32.934722           533607.46           
321   -106.46114          32.934775           534361.36           
322   -106.46172          32.934828           535106.91           
323   -106.46229          32.934881           535844.13           
324   -106.46287          32.934933           536573.01           
325   -106.46344          32.934985           537293.56           
326   -106.46402          32.935038           538005.78           
327   -106.4646           32.93509            538709.66           
328   -106.46518          32.935142           539405.22           
329   -106.46576          32.935194           540092.44           
330   -106.46634          32.935246           540771.34           
331   -106.46692          32.935298           541441.92           
332   -106.4675           32.935349           542104.17           
333   -106.46809          32.935401           542758.1            
334   -106.46867          32.935452           543403.72           
335   -106.46925          32.935503           544041.01           
336   -106.46984          32.935555           544669.99           
337   -106.47042          32.935606           545290.65           
338   -106.47101          32.935657           545903.0            
339   -106.4716           32.935707           546507.03           
340   -106.47218          32.935758           547102.76           
341   -106.47277          32.935809           547690.18           
342   -106.47336          32.935859           548269.28           
343   -106.47395          32.93591            548840.09           
344   -106.47454          32.93596            549402.58           
345   -106.47513          32.93601            549956.78           
346   -106.47572          32.93606            550502.67           
347   -106.47631          32.93611            551040.25           
348   -106.4769           32.93616            551569.54           
349   -106.47749          32.93621            552090.53           
350   -106.47809          32.936259           552603.23           
351   -106.47868          32.936309           553107.62           
352   -106.47927          32.936358           553603.73           
353   -106.47987          32.936408           554091.54           
354   -106.48046          32.936457           554571.05           
355   -106.48106          32.936506           555042.28           
356   -106.48166          32.936555           555505.21           
357   -106.48225          32.936604           555959.86           
358   -106.48285          32.936652           556406.21           
359   -106.48345          32.936701           556844.28           
360   -106.48404          32.93675            557274.07           
361   -106.48464          32.936798           557695.56           
362   -106.48524          32.936846           558108.78           
363   -106.48584          32.936894           558513.71           
364   -106.48644          32.936943           558910.36           
365   -106.48704          32.936991           559298.73           
366   -106.48764          32.937038           559678.82           
367   -106.48824          32.937086           560050.63           
368   -106.48884          32.937134           560414.16           
369   -106.48944          32.937181           560769.41           
370   -106.49004          32.937229           561116.39           
371   -106.49065          32.937276           561455.09           
372   -106.49125          32.937323           561785.52           
373   -106.49185          32.937371           562107.67           
374   -106.49245          32.937418           562421.55           
375   -106.49306          32.937465           562727.16           
376   -106.49366          32.937511           563024.49           
377   -106.49426          32.937558           563313.55           
378   -106.49487          32.937605           563594.35           
379   -106.49547          32.937651           563866.87           
380   -106.49608          32.937698           564131.12           
381   -106.49668          32.937744           564387.11           
382   -106.49729          32.93779            564634.82           
383   -106.49789          32.937836           564874.27           
384   -106.4985           32.937882           565105.45           
385   -106.49911          32.937928           565328.37           
386   -106.49971          32.937974           565543.02           
387   -106.50032          32.938019           565749.41           
388   -106.50093          32.938065           565947.53           
389   -106.50153          32.93811            566137.38           
390   -106.50214          32.938156           566318.97           
391   -106.50275          32.938201           566492.3            
392   -106.50335          32.938246           566657.37           
393   -106.50396          32.938291           566814.17           
394   -106.50457          32.938336           566962.71           
395   -106.50518          32.938381           567102.99           
396   -106.50579          32.938426           567235.01           
397   -106.50639          32.93847            567358.77           
398   -106.507            32.938515           567474.26           
399   -106.50761          32.938559           567581.5            
400   -106.50822          32.938604           567680.47           
401   -106.50883          32.938648           567771.18           
402   -106.50944          32.938692           567853.64           
403   -106.51005          32.938736           567927.83           
404   -106.51065          32.93878            567993.77           
405   -106.51126          32.938824           568051.44           
406   -106.51187          32.938867           568100.86           
407   -106.51248          32.938911           568142.02           
408   -106.51309          32.938955           568174.92           
409   -106.5137           32.938998           568199.55           
410   -106.51431          32.939041           568215.93           
411   -106.51492          32.939084           568224.06           
412   -106.51553          32.939128           568223.92           
413   -106.51614          32.93917            568215.52           
414   -106.51674          32.939213           568198.87           
415   -106.51735          32.939256           568173.95           
416   -106.51796          32.939299           568140.78           
417   -106.51857          32.939341           568099.35           
418   -106.51918          32.939384           568049.66           
419   -106.51979          32.939426           567991.7            
420   -106.5204           32.939469           567925.49           
421   -106.52101          32.939511           567851.03           
422   -106.52161          32.939553           567768.3            
423   -106.52222          32.939595           567677.31           
424   -106.52283          32.939637           567578.06           
425   -106.52344          32.939679           567470.55           
426   -106.52405          32.93972            567354.78           
427   -106.52466          32.939762           567230.74           
428   -106.52526          32.939803           567098.45           
429   -106.52587          32.939845           566957.9            
430   -106.52648          32.939886           566809.08           
431   -106.52709          32.939927           566652.0            
432   -106.52769          32.939968           566486.66           
433   -106.5283           32.940009           566313.06           
434   -106.52891          32.94005            566131.19           
435   -106.52952          32.940091           565941.06           
436   -106.53012          32.940132           565742.66           
437   -106.53073          32.940172           565536.0            
438   -106.53133          32.940213           565321.08           
439   -106.53194          32.940253           565097.89           
440   -106.53255          32.940293           564866.43           
441   -106.53315          32.940333           564626.7            
442   -106.53376          32.940374           564378.71           
443   -106.53436          32.940414           564122.45           
444   -106.53497          32.940453           563857.92           
445   -106.53557          32.940493           563585.12           
446   -106.53617          32.940533           563304.06           
447   -106.53678          32.940573           563014.72           
448   -106.53738          32.940612           562717.11           
449   -106.53798          32.940651           562411.23           
450   -106.53859          32.940691           562097.07           
451   -106.53919          32.94073            561774.64           
452   -106.53979          32.940769           561443.94           
453   -106.54039          32.940808           561104.97           
454   -106.54099          32.940847           560757.71           
455   -106.5416           32.940886           560402.18           
456   -106.5422           32.940925           560038.38           
457   -106.5428           32.940963           559666.29           
458   -106.5434           32.941002           559285.93           
459   -106.544            32.94104            558897.28           
460   -106.5446           32.941078           558500.36           
461   -106.54519          32.941117           558095.15           
462   -106.54579          32.941155           557681.66           
463   -106.54639          32.941193           557259.88           
464   -106.54699          32.941231           556829.82           
465   -106.54758          32.941269           556391.48           
466   -106.54818          32.941306           555944.84           
467   -106.54878          32.941344           555489.92           
468   -106.54937          32.941381           555026.71           
469   -106.54997          32.941419           554555.21           
470   -106.55056          32.941456           554075.42           
471   -106.55116          32.941494           553587.33           
472   -106.55175          32.941531           553090.95           
473   -106.55234          32.941568           552586.28           
474   -106.55293          32.941605           552073.31           
475   -106.55353          32.941642           551552.04           
476   -106.55412          32.941678           551022.48           
477   -106.55471          32.941715           550484.61           
478   -106.5553           32.941752           549938.45           
479   -106.55589          32.941788           549383.98           
480   -106.55648          32.941824           548821.2            
481   -106.55707          32.941861           548250.13           
482   -106.55765          32.941897           547670.74           
483   -106.55824          32.941933           547083.05           
484   -106.55883          32.941969           546487.05           
485   -106.55941          32.942005           545882.73           
486   -106.56             32.942041           545270.11           
487   -106.56058          32.942076           544649.17           
488   -106.56117          32.942112           544019.91           
489   -106.56175          32.942148           543382.34           
490   -106.56233          32.942183           542736.45           
491   -106.56292          32.942218           542082.24           
492   -106.5635           32.942254           541419.71           
493   -106.56408          32.942289           540748.86           
494   -106.56466          32.942324           540069.68           
495   -106.56524          32.942359           539382.18           
496   -106.56582          32.942393           538686.35           
497   -106.56639          32.942428           537982.19           
498   -106.56697          32.942463           537269.69           
499   -106.56755          32.942497           536548.87           
500   -106.56812          32.942532           535819.71           
501   -106.5687           32.942566           535082.21           
502   -106.56927          32.9426             534336.37           
503   -106.56985          32.942635           533582.2            
504   -106.57042          32.942669           532819.68           
505   -106.57099          32.942703           532048.82           
506   -106.57156          32.942737           531269.61           
507   -106.57213          32.94277            530482.06           
508   -106.5727           32.942804           529686.16           
509   -106.57327          32.942838           528881.9            
510   -106.57384          32.942871           528069.3            
511   -106.5744           32.942904           527248.33           
512   -106.57497          32.942938           526419.01           
513   -106.57553          32.942971           525581.33           
514   -106.5761           32.943004           524735.29           
515   -106.57666          32.943037           523880.89           
516   -106.57722          32.94307            523018.12           
517   -106.57778          32.943103           522146.99           
518   -106.57834          32.943136           521267.48           
519   -106.5789           32.943168           520379.6            
520   -106.57946          32.943201           519483.35           
521   -106.58002          32.943233           518578.72           
522   -106.58058          32.943266           517665.72           
523   -106.58113          32.943298           516744.33           
524   -106.58169          32.94333            515814.57           
525   -106.58224          32.943362           514876.41           
526   -106.58279          32.943394           513929.87           
527   -106.58334          32.943426           512974.94           
528   -106.5839           32.943458           512011.62           
529   -106.58445          32.943489           511039.9            
530   -106.58499          32.943521           510059.79           
531   -106.58554          32.943552           509071.28           
532   -106.58609          32.943584           508074.37           
533   -106.58663          32.943615           507069.05           
534   -106.58718          32.943646           506055.33           
535   -106.58772          32.943677           505033.2            
536   -106.58826          32.943708           504002.65           
537   -106.5888           32.943739           502963.7            
538   -106.58934          32.94377            501916.33           
539   -106.58988          32.943801           500860.53           
540   -106.59042          32.943831           499796.32           
541   -106.59096          32.943862           498723.69           
542   -106.59149          32.943892           497642.62           
543   -106.59203          32.943923           496553.13           
544   -106.59256          32.943953           495455.21           
545   -106.59309          32.943983           494348.85           
546   -106.59362          32.944013           493234.05           
547   -106.59415          32.944043           492110.81           
548   -106.59468          32.944073           490979.13           
549   -106.59521          32.944103           489839.01           
550   -106.59574          32.944132           488690.44           
551   -106.59626          32.944162           487533.41           
552   -106.59678          32.944191           486367.93           
553   -106.59731          32.944221           485194.0            
554   -106.59783          32.94425            484011.6            
555   -106.59835          32.944279           482820.74           
556   -106.59887          32.944308           481621.42           
557   -106.59938          32.944337           480413.62           
558   -106.5999           32.944366           479197.36           
559   -106.60041          32.944395           477972.62           
560   -106.60093          32.944423           476739.4            
561   -106.60144          32.944452           475497.71           
562   -106.60195          32.944481           474247.52           
563   -106.60246          32.944509           472988.86           
564   -106.60297          32.944537           471721.7            
565   -106.60347          32.944565           470446.05           
566   -106.60398          32.944594           469161.9            
567   -106.60448          32.944622           467869.25           
568   -106.60498          32.944649           466568.1            
569   -106.60548          32.944677           465258.44           
570   -106.60598          32.944705           463940.28           
571   -106.60648          32.944733           462613.6            
572   -106.60698          32.94476            461278.41           
573   -106.60747          32.944788           459934.69           
574   -106.60797          32.944815           458582.46           
575   -106.60846          32.944842           457221.7            
576   -106.60895          32.944869           455852.4            
577   -106.60944          32.944896           454474.58           
578   -106.60993          32.944923           453088.22           
579   -106.61042          32.94495            451693.32           
580   -106.6109           32.944977           450289.88           
581   -106.61138          32.945004           448877.89           
582   -106.61187          32.94503            447457.35           
583   -106.61235          32.945057           446028.26           
584   -106.61282          32.945083           444590.61           
585   -106.6133           32.945109           443144.4            
586   -106.61378          32.945135           441689.63           
587   -106.61425          32.945161           440226.28           
588   -106.61472          32.945187           438754.37           
589   -106.61519          32.945213           437273.88           
590   -106.61566          32.945239           435784.81           
591   -106.61613          32.945265           434287.16           
592   -106.6166           32.94529            432780.92           
593   -106.61706          32.945316           431266.09           
594   -106.61752          32.945341           429742.66           
595   -106.61798          32.945366           428210.64           
596   -106.61844          32.945392           426670.01           
597   -106.6189           32.945417           425120.78           
598   -106.61936          32.945442           423562.94           
599   -106.61981          32.945466           421996.49           
600   -106.62026          32.945491           420421.42           
601   -106.62071          32.945516           418837.72           
602   -106.62116          32.945541           417245.4            
603   -106.62161          32.945565           415644.45           
604   -106.62205          32.945589           414034.87           
605   -106.6225           32.945614           412416.65           
606   -106.62294          32.945638           410789.78           
607   -106.62338          32.945662           409154.27           
608   -106.62382          32.945686           407510.11           
609   -106.62425          32.94571            405857.3            
610   -106.62469          32.945734           404195.82           
611   -106.62512          32.945757           402525.68           
612   -106.62555          32.945781           400846.88           
613   -106.62598          32.945804           399159.4            
614   -106.62641          32.945828           397463.25           
615   -106.62683          32.945851           395758.42           
616   -106.62726          32.945874           394044.9            
617   -106.62768          32.945897           392322.69           
618   -106.6281           32.94592            390591.79           
619   -106.62852          32.945943           388852.19           
620   -106.62893          32.945966           387103.89           
621   -106.62934          32.945989           385346.89           
622   -106.62976          32.946011           383581.17           
623   -106.63017          32.946034           381806.73           
624   -106.63057          32.946056           380023.58           
625   -106.63098          32.946078           378231.69           
626   -106.63138          32.946101           376431.08           
627   -106.63178          32.946123           374621.74           
628   -106.63218          32.946145           372803.65           
629   -106.63258          32.946166           370976.83           
630   -106.63298          32.946188           369141.25           
631   -106.63337          32.94621            367296.92           
632   -106.63376          32.946231           365443.83           
633   -106.63415          32.946253           363581.98           
634   -106.63454          32.946274           361711.36           
635   -106.63492          32.946295           359831.97           
636   -106.63531          32.946317           357943.8            
637   -106.63569          32.946338           356046.85           
638   -106.63607          32.946359           354141.11           
639   -106.63644          32.946379           352226.58           
640   -106.63682          32.9464             350303.25           
641   -106.63719          32.946421           348371.12           
642   -106.63756          32.946441           346430.18           
643   -106.63793          32.946462           344480.42           
644   -106.63829          32.946482           342521.86           
645   -106.63866          32.946502           340554.46           
646   -106.63902          32.946522           338578.24           
647   -106.63938          32.946542           336593.19           
648   -106.63973          32.946562           334599.3            
649   -106.64009          32.946582           332596.56           
650   -106.64044          32.946602           330584.98           
651   -106.64079          32.946621           328564.54           
652   -106.64114          32.946641           326535.24           
653   -106.64148          32.94666            324497.08           
654   -106.64182          32.94668            322450.05           
655   -106.64216          32.946699           320394.14           
656   -106.6425           32.946718           318329.35           
657   -106.64284          32.946737           316255.67           
658   -106.64317          32.946756           314173.1            
659   -106.6435           32.946774           312081.63           
660   -106.64383          32.946793           309981.26           
661   -106.64416          32.946812           307871.98           
662   -106.64448          32.94683            305753.79           
663   -106.6448           32.946848           303626.67           
664   -106.64512          32.946867           301490.64           
665   -106.64543          32.946885           299345.66           
666   -106.64575          32.946903           297191.76           
667   -106.64606          32.946921           295028.9            
668   -106.64637          32.946938           292857.1            
669   -106.64667          32.946956           290676.35           
670   -106.64698          32.946974           288486.63           
671   -106.64728          32.946991           286287.95           
672   -106.64758          32.947008           284080.3            
673   -106.64787          32.947026           281863.66           
674   -106.64817          32.947043           279638.05           
675   -106.64846          32.94706            277403.44           
676   -106.64874          32.947077           275159.84           
677   -106.64903          32.947094           272907.23           
678   -106.64931          32.94711            270645.62           
679   -106.64959          32.947127           268374.99           
680   -106.64987          32.947143           266095.34           
681   -106.65014          32.94716            263806.66           
682   -106.65042          32.947176           261508.95           
683   -106.65069          32.947192           259202.2            
684   -106.65095          32.947208           256886.41           
685   -106.65122          32.947224           254561.56           
686   -106.65148          32.94724            252227.65           
687   -106.65174          32.947256           249884.68           
688   -106.65199          32.947271           247532.64           
689   -106.65224          32.947287           245171.52           
690   -106.65249          32.947302           242801.32           
691   -106.65274          32.947317           240422.03           
692   -106.65298          32.947332           238033.64           
693   -106.65323          32.947348           235636.14           
694   -106.65346          32.947362           233229.54           
695   -106.6537           32.947377           230813.82           
696   -106.65393          32.947392           228388.97           
697   -106.65416          32.947407           225955.0            
698   -106.65439          32.947421           223511.89           
699   -106.65461          32.947435           221059.63           
700   -106.65483          32.94745            218598.22           
701   -106.65505          32.947464           216127.66           
702   -106.65527          32.947478           213647.93           
703   -106.65548          32.947492           211159.03           
704   -106.65569          32.947505           208660.96           
705   -106.6559           32.947519           206153.69           
706   -106.6561           32.947533           203637.24           
707   -106.6563           32.947546           201111.59           
708   -106.65649          32.947559           198576.73           
709   -106.65669          32.947573           196032.65           
710   -106.65688          32.947586           193479.36           
711   -106.65707          32.947599           190916.84           
712   -106.65725          32.947612           188345.08           
713   -106.65743          32.947624           185764.09           
714   -106.65761          32.947637           183173.84           
715   -106.65779          32.947649           180574.34           
716   -106.65796          32.947662           177965.57           
717   -106.65813          32.947674           175347.53           
718   -106.65829          32.947686           172720.21           
719   -106.65845          32.947698           170083.61           
720   -106.65861          32.94771            167437.72           
721   -106.65877          32.947722           164782.52           
722   -106.65892          32.947734           162118.01           
723   -106.65907          32.947745           159444.19           
724   -106.65922          32.947757           156761.04           
725   -106.65936          32.947768           154068.57           
726   -106.6595           32.947779           151366.75           
727   -106.65963          32.94779            148655.59           
728   -106.65977          32.947801           145935.07           
729   -106.6599           32.947812           143205.19           
730   -106.66002          32.947823           140465.94           
731   -106.66014          32.947833           137717.31           
732   -106.66026          32.947844           134959.3            
733   -106.66038          32.947854           132191.9            
734   -106.66049          32.947864           129415.09           
735   -106.6606           32.947874           126628.88           
736   -106.6607           32.947884           123833.25           
737   -106.6608           32.947894           121028.2            
738   -106.6609           32.947904           118213.72           
739   -106.661            32.947914           115389.81           
740   -106.66109          32.947923           112556.46           
741   -106.66117          32.947932           109713.67           
742   -106.66126          32.947942           106861.44           
743   -106.66134          32.947951           103999.77           
744   -106.66141          32.94796            101128.67           
745   -106.66149          32.947969           98248.143           
746   -106.66156          32.947977           95358.221           
747   -106.66162          32.947986           92458.935           
748   -106.66168          32.947994           89550.337           
749   -106.66174          32.948003           86632.506           
750   -106.66179          32.948011           83705.556           
751   -106.66184          32.948019           80769.655           
752   -106.66189          32.948027           77825.047           
753   -106.66193          32.948035           74872.082           
754   -106.66197          32.948042           71911.265           
755   -106.66201          32.94805            68943.323           
756   -106.66204          32.948057           65969.297           
757   -106.66207          32.948065           62990.674           
758   -106.66209          32.948072           60009.58            
759   -106.66211          32.948079           57029.034           
760   -106.66213          32.948085           54053.304           
761   -106.66214          32.948092           51088.373           
762   -106.66215          32.948099           48142.532           
763   -106.66215          32.948105           45227.075           
764   -106.66215          32.948111           42357.019           
765   -106.66215          32.948116           39551.673           
766   -106.66214          32.948122           36834.712           
767   -106.66213          32.948127           34233.363           
768   -106.66212          32.948131           31776.31            
769   -106.6621           32.948135           29490.338           
770   -106.66208          32.948139           27396.38            
771   -106.66207          32.948142           25506.137           
772   -106.66205          32.948145           23820.933           
773   -106.66203          32.948147           22332.467           
774   -106.66202          32.948148           21025.375           
775   -106.662            32.94815            19880.194           
776   -106.66199          32.948151           18876.147           
777   -106.66197          32.948152           17993.929           
778   -106.66196          32.948152           17222.239           
779   -106.66195          32.948153           16554.542           
780   -106.66193          32.948153           15984.224           
781   -106.66192          32.948153           15492.981           
782   -106.66192          32.948153           15061.962           
783   -106.66191          32.948153           14678.024           
784   -106.6619           32.948152           14331.237           
785   -106.66189          32.948152           14011.294           
786   -106.66188          32.948151           13710.032           
787   -106.66188          32.948151           13422.226           
788   -106.66187          32.94815            13144.393           
789   -106.66186          32.948149           12874.162           
790   -106.66186          32.948148           12609.916           
791   -106.66185          32.948147           12350.775           
792   -106.66184          32.948146           12096.216           
793   -106.66184          32.948145           11845.793           
794   -106.66183          32.948144           11599.127           
795   -106.66182          32.948142           11355.9             
796   -106.66182          32.948141           11115.839           
797   -106.66181          32.94814            10878.705           
798   -106.6618           32.948138           10644.357           
799   -106.6618           32.948137           10412.817           
800   -106.66179          32.948135           10184.122           
801   -106.66178          32.948133           9958.2983           
802   -106.66178          32.948132           9735.361            
803   -106.66177          32.94813            9515.3156           
804   -106.66177          32.948128           9298.159            
805   -106.66176          32.948126           9083.88             
806   -106.66175          32.948125           8872.4599           
807   -106.66175          32.948123           8663.8855           
808   -106.66174          32.948121           8458.1291           
809   -106.66174          32.948119           8255.1665           
810   -106.66173          32.948117           8054.9644           
811   -106.66173          32.948115           7857.4854           
812   -106.66172          32.948113           7662.6883           
813   -106.66171          32.948111           7470.5288           
814   -106.66171          32.948109           7280.96             
815   -106.6617           32.948107           7093.9325           
816   -106.6617           32.948105           6909.4034           
817   -106.66169          32.948103           6727.3363           
818   -106.66169          32.948101           6547.6862           
819   -106.66168          32.948099           6370.4187           
820   -106.66168          32.948097           6195.4872           
821   -106.66167          32.948095           6022.8456           
822   -106.66167          32.948093           5852.4465           
823   -106.66167          32.948091           5684.2414           
824   -106.66166          32.948089           5518.1815           
825   -106.66166          32.948087           5354.2173           
826   -106.66165          32.948085           5192.2992           
827   -106.66165          32.948083           5032.3793           
828   -106.66165          32.948081           4874.4145           
829   -106.66164          32.948079           4718.371            
830   -106.66164          32.948077           4564.2153           
831   -106.66163          32.948075           4411.9111           
832   -106.66163          32.948073           4261.4212           
833   -106.66163          32.948071           4112.7074           
834   -106.66162          32.948069           3965.7312           
835   -106.66162          32.948067           3820.4539           
836   -106.66162          32.948065           3676.8366           
837   -106.66161          32.948064           3534.8409           
838   -106.66161          32.948062           3394.4284           
839   -106.66161          32.94806            3255.5613           
840   -106.6616           32.948058           3118.2027           
841   -106.6616           32.948056           2982.3159           
842   -106.6616           32.948054           2847.8654           
843   -106.6616           32.948052           2714.8163           
844   -106.66159          32.948051           2583.1348           
845   -106.66159          32.948049           2452.7879           
846   -106.66159          32.948047           2323.7434           
847   -106.66158          32.948045           2195.9704           
848   -106.66158          32.948044           2069.4387           
849   -106.66158          32.948042           1944.1192           
850   -106.66158          32.94804            1819.9836           
851   -106.66157          32.948038           1697.0048           
852   -106.66157          32.948037           1575.1563           
853   -106.66157          32.948035           1454.4127           
854   -106.66157          32.948033           1334.7495           
855   -106.66157          32.948032           1216.1429           
856   -106.66156          32.94803            1098.5701           
857   -106.66156          32.948028           982.00895           
858   -106.66156          32.948027           866.43819           
859   -106.66156          32.948025           751.83722           
860   -106.66156          32.948024           638.18617           
861   -106.66155          32.948022           525.46588           
862   -106.66155          32.94802            413.65781           
863   -106.66155          32.948019           302.74408           
864   -106.66155          32.948017           192.70738           
865   -106.66155          32.948016           83.531004           
