FORMAT	LATLON	METERS	

#Time LonDeg              LatDeg              AltM                
0     -106.3666           32.915999           10.0                
1     -106.3666           32.915999           34.780156           
2     -106.3666           32.915999           109.57776           
3     -106.3666           32.915998           234.75315           
4     -106.3666           32.915998           410.28102           
5     -106.3666           32.915997           635.76219           
6     -106.3666           32.915997           910.29913           
7     -106.3666           32.915996           1230.4472           
8     -106.36661          32.915995           1587.9323           
9     -106.36661          32.915994           1974.4831           
10    -106.36661          32.915993           2385.2848           
11    -106.36662          32.915992           2818.5392           
12    -106.36662          32.915991           3273.374            
13    -106.36663          32.91599            3749.278            
14    -106.36664          32.915988           4246.0716           
15    -106.36664          32.915987           4763.8715           
16    -106.36665          32.915986           5303.0672           
17    -106.36666          32.915985           5864.303            
18    -106.36667          32.915984           6448.4605           
19    -106.36668          32.915982           7056.6472           
20    -106.36669          32.915981           7690.4554           
21    -106.3667           32.91598            8352.6034           
22    -106.36672          32.915978           9046.3642           
23    -106.36673          32.915977           9774.9197           
24    -106.36675          32.915976           10541.736           
25    -106.36677          32.915974           11350.197           
26    -106.36679          32.915973           12203.894           
27    -106.36681          32.915971           13106.536           
28    -106.36683          32.91597            14060.726           
29    -106.36686          32.915968           15068.985           
30    -106.36688          32.915966           16081.347           
31    -106.36691          32.915964           17050.719           
32    -106.36694          32.915963           17983.063           
33    -106.36696          32.915961           18882.994           
34    -106.36699          32.915959           19754.014           
35    -106.36702          32.915957           20598.669           
36    -106.36705          32.915954           21418.952           
37    -106.36708          32.915952           22216.603           
38    -106.36711          32.91595            22993.125           
39    -106.36714          32.915947           23749.823           
40    -106.36718          32.915945           24487.835           
41    -106.36721          32.915942           25208.067           
42    -106.36724          32.915939           25911.315           
43    -106.36728          32.915936           26598.289           
44    -106.36731          32.915933           27269.628           
45    -106.36734          32.91593            27925.893           
46    -106.36738          32.915927           28567.557           
47    -106.36742          32.915923           29195.027           
48    -106.36745          32.91592            29808.678           
49    -106.36749          32.915916           30408.86            
50    -106.36753          32.915912           30995.975           
51    -106.36757          32.915908           31570.381           
52    -106.3676           32.915904           32132.418           
53    -106.36764          32.9159             32682.378           
54    -106.36768          32.915896           33220.514           
55    -106.36772          32.915892           33747.052           
56    -106.36776          32.915887           34262.189           
57    -106.36781          32.915883           34766.101           
58    -106.36785          32.915878           35258.945           
59    -106.36789          32.915873           35740.862           
60    -106.36793          32.915868           36211.975           
61    -106.36798          32.915863           36672.397           
62    -106.36802          32.915858           37122.228           
63    -106.36807          32.915853           37561.558           
64    -106.36811          32.915847           37990.467           
65    -106.36816          32.915842           38409.029           
66    -106.3682           32.915836           38817.309           
67    -106.36825          32.91583            39215.366           
68    -106.3683           32.915824           39603.254           
69    -106.36834          32.915818           39981.023           
70    -106.36839          32.915812           40348.729           
71    -106.36844          32.915806           40706.421           
72    -106.36849          32.915799           41054.158           
73    -106.36854          32.915793           41391.978           
74    -106.36859          32.915786           41719.922           
75    -106.36864          32.915779           42038.025           
76    -106.36869          32.915772           42346.317           
77    -106.36874          32.915765           42644.826           
78    -106.36879          32.915758           42933.574           
79    -106.36884          32.91575            43212.576           
80    -106.36889          32.915743           43481.85            
81    -106.36894          32.915735           43741.401           
82    -106.36899          32.915727           43991.24            
83    -106.36905          32.915719           44231.374           
84    -106.3691           32.915711           44461.806           
85    -106.36915          32.915703           44682.541           
86    -106.36921          32.915695           44893.585           
87    -106.36926          32.915686           45094.941           
88    -106.36931          32.915678           45286.612           
89    -106.36937          32.915669           45468.603           
90    -106.36942          32.91566            45640.916           
91    -106.36948          32.915651           45803.554           
92    -106.36953          32.915642           45956.519           
93    -106.36959          32.915633           46099.815           
94    -106.36964          32.915624           46233.442           
95    -106.3697           32.915614           46357.404           
96    -106.36975          32.915604           46471.702           
97    -106.36981          32.915595           46576.337           
98    -106.36986          32.915585           46671.312           
99    -106.36992          32.915575           46756.627           
100   -106.36998          32.915564           46832.284           
101   -106.37003          32.915554           46898.283           
102   -106.37009          32.915544           46954.626           
103   -106.37014          32.915533           47001.314           
104   -106.3702           32.915522           47038.347           
105   -106.37026          32.915511           47065.726           
106   -106.37031          32.9155             47083.451           
107   -106.37037          32.915489           47091.522           
108   -106.37042          32.915478           47089.94            
109   -106.37048          32.915466           47078.705           
110   -106.37054          32.915455           47057.817           
111   -106.37059          32.915443           47027.276           
112   -106.37065          32.915431           46987.083           
113   -106.37071          32.915419           46937.237           
114   -106.37076          32.915407           46877.739           
115   -106.37082          32.915395           46808.591           
116   -106.37087          32.915383           46729.791           
117   -106.37093          32.91537            46641.342           
118   -106.37099          32.915358           46543.243           
119   -106.37104          32.915345           46435.495           
120   -106.3711           32.915332           46318.1             
121   -106.37115          32.915319           46191.059           
122   -106.37121          32.915306           46054.372           
123   -106.37126          32.915292           45908.04            
124   -106.37132          32.915279           45752.066           
125   -106.37137          32.915265           45586.45            
126   -106.37142          32.915252           45411.195           
127   -106.37148          32.915238           45226.301           
128   -106.37153          32.915224           45031.772           
129   -106.37159          32.91521            44827.608           
130   -106.37164          32.915196           44613.814           
131   -106.37169          32.915181           44390.392           
132   -106.37174          32.915167           44157.344           
133   -106.3718           32.915152           43914.675           
134   -106.37185          32.915137           43662.388           
135   -106.3719           32.915122           43400.488           
136   -106.37195          32.915107           43128.983           
137   -106.372            32.915092           42847.881           
138   -106.37205          32.915077           42557.194           
139   -106.3721           32.915061           42256.941           
140   -106.37215          32.915046           41947.139           
141   -106.3722           32.91503            41627.816           
142   -106.37225          32.915014           41299.0             
143   -106.3723           32.914998           40960.723           
144   -106.37235          32.914982           40613.022           
145   -106.37239          32.914966           40255.937           
146   -106.37244          32.91495            39889.514           
147   -106.37249          32.914933           39513.805           
148   -106.37253          32.914917           39128.857           
149   -106.37258          32.9149             38734.722           
150   -106.37262          32.914883           38331.447           
151   -106.37267          32.914866           37919.083           
152   -106.37271          32.914849           37497.687           
153   -106.37275          32.914832           37067.325           
154   -106.3728           32.914815           36628.064           
155   -106.37284          32.914797           36179.982           
156   -106.37288          32.91478            35723.164           
157   -106.37292          32.914762           35257.701           
158   -106.37296          32.914745           34783.695           
159   -106.373            32.914727           34301.26            
160   -106.37304          32.914709           33810.516           
161   -106.37307          32.914691           33311.599           
162   -106.37311          32.914673           32804.657           
163   -106.37315          32.914655           32289.852           
164   -106.37318          32.914637           31767.362           
165   -106.37321          32.914619           31237.381           
166   -106.37325          32.914601           30700.123           
167   -106.37328          32.914582           30155.816           
168   -106.37331          32.914564           29604.721           
169   -106.37334          32.914545           29047.11            
170   -106.37337          32.914527           28483.294           
171   -106.3734           32.914509           27913.596           
172   -106.37343          32.91449            27338.377           
173   -106.37346          32.914472           26758.024           
174   -106.37348          32.914453           26172.954           
175   -106.37351          32.914435           25583.617           
176   -106.37353          32.914417           24990.495           
177   -106.37355          32.914398           24394.108           
178   -106.37358          32.91438            23794.952           
179   -106.3736           32.914362           23193.582           
180   -106.37362          32.914344           22590.537           
181   -106.37364          32.914326           21986.416           
182   -106.37365          32.914308           21381.85            
183   -106.37367          32.914291           20777.512           
184   -106.37369          32.914273           20174.113           
185   -106.3737           32.914256           19572.404           
186   -106.37371          32.914239           18973.196           
187   -106.37373          32.914222           18377.335           
188   -106.37374          32.914205           17785.711           
189   -106.37375          32.914189           17199.184           
190   -106.37376          32.914173           16618.525           
191   -106.37376          32.914157           16044.447           
192   -106.37377          32.914142           15477.639           
193   -106.37378          32.914127           14918.753           
194   -106.37378          32.914112           14368.396           
195   -106.37379          32.914098           13827.126           
196   -106.37379          32.914084           13295.442           
197   -106.37379          32.91407            12773.805           
198   -106.3738           32.914057           12262.599           
199   -106.3738           32.914044           11762.173           
200   -106.3738           32.914032           11272.79            
201   -106.3738           32.91402            10794.657           
202   -106.3738           32.914008           10327.897           
203   -106.3738           32.913997           9872.5907           
204   -106.37379          32.913986           9428.7196           
205   -106.37379          32.913976           8996.2519           
206   -106.37379          32.913965           8575.0854           
207   -106.37379          32.913956           8165.0819           
208   -106.37378          32.913946           7766.062            
209   -106.37378          32.913937           7377.8132           
210   -106.37378          32.913928           7000.0974           
211   -106.37377          32.91392            6632.3978           
212   -106.37377          32.913912           6273.6577           
213   -106.37376          32.913904           5922.8594           
214   -106.37376          32.913896           5579.1147           
215   -106.37375          32.913889           5241.5943           
216   -106.37375          32.913882           4909.5764           
217   -106.37374          32.913875           4582.4556           
218   -106.37374          32.913868           4259.7197           
219   -106.37373          32.913861           3940.9063           
220   -106.37372          32.913854           3625.6186           
221   -106.37372          32.913848           3313.4955           
222   -106.37371          32.913841           3004.2405           
223   -106.3737           32.913835           2697.5943           
224   -106.3737           32.913829           2393.3337           
225   -106.37369          32.913823           2091.2649           
226   -106.37368          32.913817           1791.2167           
227   -106.37368          32.913811           1493.1044           
228   -106.37367          32.913805           1196.9765           
229   -106.37366          32.9138             902.8904            
230   -106.37366          32.913794           610.89052           
231   -106.37365          32.913789           321.01011           
232   -106.37364          32.913783           33.272077           
