ANTARES_ZDC1

0
0 99900 53580 58980
0 0 0 1
4
37.95 284.55
37.85 284.716666667
37.95 284.783333333
37.95 284.55
ANTARES_ZDC2

0
0 99900 53580 58980
0 0 0 1
7
37.8333333333 284.483333333
37.65 284.483333333
37.6666666667 284.483333333
37.7 284.5
37.3166666667 284.5
37.4333333333 284.333333333
37.8333333333 284.483333333
ANTARES_ZNY1

0
0 99900 53580 58980
0 0 0 1
5
26.1333333333 296.8
27.7666666667 298.716666667
23.3333333333 303.116666667
21.95 300.866666667
26.1333333333 296.8
PACIFIC_REENTRY

0
0 99900 82980 84600
0 0 0 1
13
28.6333333333 240.533333333
29.2 239.816666667
29.5166666667 239.45
30.2 238.666666667
30.9 237.883333333
32.45 236.216666667
33.1666666667 235.466666667
34.3833333333 236.933333333
33.5666666667 238.216666667
32.3666666667 239.766666667
31.2833333333 240.933333333
29.85 242.15
28.6333333333 240.533333333
SS2_SPACEPORTAM_0DEG

0
0 99900 66900 68700
0 0 0 1
5
32.9301666667 252.311155556
32.93365 253.773522222
35.5076 253.731213889
35.4869361111 252.2768
32.9301666667 252.311155556
VAFB_ATLAS1

0
0 99900 47700 53820
0 0 0 1
5
34.4166666667 239.383333333
34.4333333333 239.35
34.6333333333 239.4
34.6333333333 239.433333333
34.4166666667 239.383333333
VAFB_ATLAS2

0
0 99900 47700 53820
0 0 0 1
5
12.4166666667 235.616666667
12.6666666667 234.266666667
15.6333333333 234.816666667
15.3833333333 236.183333333
12.4166666667 235.616666667
W-289S_ATLAS_VAFB

0
0 99900 47580 62880
0 0 0 1
14
34.09 239.498888889
34.0 239.498888889
34.0 240.205833333
33.6544444444 240.882777778
33.475 240.882777778
33.475 240.9325
33.4555555556 240.971388889
33.475 240.996388889
33.475 241.216666667
32.1663888889 239.666944444
31.9 238.423888889
32.225 238.282222222
33.2480555556 237.678055556
34.09 239.498888889
W-386_WALLOPS_PEGASUS

0
0 99900 53580 58980
0 0 0 1
9
38.6138888889 285.003055556
38.75 285.116944444
38.75 285.666666667
37.95 286.991666667
37.2275 287.333333333
37.0 284.5
37.1336111111 284.5
37.1336111111 284.216944444
38.6138888889 285.003055556
W-532E_VAFB

0
0 99900 47580 62880
0 0 0 1
7
35.2069444444 238.950555556
35.0991666667 239.076666667
34.7986111111 238.399166667
34.1077777778 237.154722222
34.425 236.950277778
34.9252777778 238.315555556
35.2069444444 238.950555556
W-532N_VAFB

0
0 99900 47580 62880
0 0 0 1
8
35.6166666667 238.465555556
35.2069444444 238.950555556
34.9252777778 238.315555556
34.425 236.950277778
35.2166666667 236.432222222
35.4833333333 236.998888889
35.0666666667 237.282222222
35.6166666667 238.465555556
W-532S_VAFB

0
0 99900 47580 62880
0 0 0 1
7
35.0991666667 239.076666667
34.9355555556 239.267777778
34.3983333333 239.498888889
33.7861111111 237.360277778
34.1077777778 237.154722222
34.7986111111 238.399166667
35.0991666667 239.076666667
W-537_VAFB

0
0 99900 47580 62880
0 0 0 1
5
34.0833333333 239.5
34.4 239.498888889
33.7861111111 237.360277778
33.2480555556 237.678055556
34.0833333333 239.5
W-72A_WALLOPS_PEGASUS

0
0 99900 53580 58980
0 0 0 1
6
36.8169444444 284.100277778
36.8169444444 284.466944444
36.7827777778 285.500277778
35.1766666667 285.500277778
35.9502777778 284.450277778
36.8169444444 284.100277778
W-72B_WALLOPS_PEGASUS

0
0 99900 53580 58980
0 0 0 1
7
36.7827777778 285.500277778
36.7025 287.333888889
35.0930555556 287.333333333
34.4880555556 286.426944444
34.5527777778 286.319444444
35.1766666667 285.500277778
36.7827777778 285.500277778
