CAPEC_FALCON91

0
0 99900 900 2880
0 0 0 1
10
28.5833333333 279.383333333
28.7833333333 279.483333333
30.6 281.5
33.314075 284.816494444
33.2920111111 284.837780556
28.55 279.666666667
28.4333333333 279.65
28.5 279.45
28.5333333333 279.4
28.5833333333 279.383333333
CAPEC_FALCON92

0
0 99900 900 2880
0 0 0 1
8
28.6666666667 279.433333333
28.7833333333 279.483333333
31.8666666667 283.0
31.7 283.0
28.55 279.666666667
28.4333333333 279.65
28.4666666667 279.533333333
28.6666666667 279.433333333
CAPEC_FALCON93

0
0 99900 900 2880
0 0 0 1
10
33.9 284.683333333
35.6333333333 286.466666667
36.7666666667 289.3
36.6833333333 289.4
34.7333333333 287.666666667
32.7 285.483333333
33.2920111111 284.837780556
33.314075 284.816494444
33.6333333333 284.466666667
33.9 284.683333333
CAPEC_FALCON94

0
0 99900 900 2880
0 0 0 1
7
33.6408 284.492433333
33.9074666667 284.7091
35.6408 286.492433333
35.9908 287.375766667
35.0908 287.375766667
33.3408 284.825766667
33.6408 284.492433333
CAPEC_FALCON9_TFR

0
0 99900 85500 2880
0 0 0 1
19
28.8544444444 279.294722222
29.125 279.5
29.0755 279.666333333
29.0081666667 279.777166667
28.9465 279.842166667
28.8506138889 279.898438889
28.7468333333 279.952
28.673 279.965666667
28.5008333333 279.949166667
28.3325 279.856833333
28.225 279.733333333
28.4169444444 279.491944444
28.4169444444 279.366944444
28.4169444444 279.304444444
28.5225 279.269722222
28.6336111111 279.216388889
28.8194444444 279.154444444
28.8544444444 279.212777778
28.8544444444 279.294722222
LYNX_HAWAII_200DEG

0
0 99900 3000 4800
0 0 0 1
5
19.6535083333 204.623333333
19.9129138889 203.275169444
17.4249138889 202.203127778
17.2150361111 203.493394444
19.6535083333 204.623333333
LYNX_MOJAVE_50DEG

0
0 99900 66300 68100
0 0 0 1
5
35.4014194444 241.281544444
34.5332611111 242.31605
36.5772444444 244.368513889
37.4606222222 243.321286111
35.4014194444 241.281544444
LYNX_SPOKLAHOMA_315DEG

0
0 99900 7800 9600
0 0 0 1
5
36.9113944444 258.457416667
37.8321472222 259.592019444
35.7364444444 261.583827778
34.8712277778 260.52515
36.9113944444 258.457416667
LYNX_SS2_FRONTRANGE_150DEG

0
0 99900 55200 57000
0 0 0 1
5
40.2275444444 256.035938889
39.5654444444 254.699230556
37.4236333333 256.626355556
38.1252388889 257.9408
40.2275444444 256.035938889
LYNX_SS2_MIDLAND_120DEG

0
0 99900 63600 65400
0 0 0 1
5
32.5340916667 258.257641667
31.5427666667 257.29885
29.98785 259.573355556
31.0471611111 260.544236111
32.5340916667 258.257641667
MINOTAUR_KODIAK1

0
0 99900 38400 42900
0 0 0 1
19
56.4166666667 210.566666667
57.25 208.683333333
57.3 208.55
57.3166666667 208.55
57.3333333333 208.566666667
57.35 208.583333333
57.45 208.066666667
57.5 207.916666667
57.4833333333 207.716666667
57.4333333333 207.583333333
57.35 207.583333333
57.2666666667 207.616666667
56.9833333333 208.066666667
56.9833333333 208.1
57.0 208.133333333
57.0166666667 208.15
56.9666666667 208.266666667
56.1166666667 210.05
56.4166666667 210.566666667
MINOTAUR_KODIAK2

0
0 60000 38400 42900
0 0 0 1
9
56.4166666667 210.566666667
57.35 208.583333333
57.5 207.916666667
57.4833333333 207.716666667
57.4333333333 207.583333333
57.35 207.583333333
57.2666666667 207.616666667
56.9833333333 208.066666667
56.4166666667 210.566666667
MINOTAUR_KODIAK3

0
0 99900 38400 42900
0 0 0 1
5
46.4833333333 224.683333333
45.7333333333 225.55
45.5666666667 225.25
46.3166666667 224.383333333
46.4833333333 224.683333333
MINOTAUR_KODIAK4

0
0 99900 38400 42900
0 0 0 1
5
44.4 226.383333333
44.5166666667 226.616666667
43.8833333333 227.216666667
43.7666666667 226.983333333
44.4 226.383333333
SPACEPORTGA_FALCON91

0
0 99900 53100 55080
0 0 0 1
7
31.0396388889 278.578269444
29.2127194444 282.141016667
28.5699138889 283.240713889
27.3307138889 285.185930556
27.3092972222 285.169255556
30.8959361111 278.447069444
31.0396388889 278.578269444
SPACEPORTGA_FALCON92

0
0 99900 53100 55080
0 0 0 1
5
31.0396388889 278.578269444
29.2127194444 282.141016667
28.9509611111 282.132338889
30.8959361111 278.447069444
31.0396388889 278.578269444
SPACEPORTGA_FALCON93

0
0 99900 53100 55080
0 0 0 1
7
27.9386277778 285.584227778
26.5780166667 289.558725
24.3552055556 293.082997222
24.2568638889 293.049391667
25.2331472222 288.788969444
26.65605 284.7504
27.9386277778 285.584227778
SPACEPORTGA_FALCON94

0
0 99900 53100 55080
0 0 0 1
6
27.9386277778 285.584227778
26.5780166667 289.558725
26.0920083333 290.298588889
25.5600111111 289.241586111
27.4956166667 285.300416667
27.9386277778 285.584227778
SS2_ELLINGTONFIELD_120DEG

0
0 99900 69000 70800
0 0 0 1
5
30.0621055556 265.171825
29.0707805556 264.213033333
27.5158638889 266.487538889
28.575175 267.458419444
30.0621055556 265.171825
SS2_SPACEPORTAM_0DEG

0
0 99900 57000 58800
0 0 0 1
5
32.9301666667 252.311155556
32.93365 253.773522222
35.5076 253.731213889
35.4869361111 252.2768
32.9301666667 252.311155556
SS2_SPACEPORTAM_0DEG

0
0 99900 57000 58800
0 0 0 1
5
32.9301666667 252.311155556
32.93365 253.773522222
35.5076 253.731213889
35.4869361111 252.2768
32.9301666667 252.311155556
SS2_SPACEPORTAM_0DEG

0
0 99900 57000 58800
0 0 0 1
5
32.9301666667 252.311155556
32.93365 253.773522222
35.5076 253.731213889
35.4869361111 252.2768
32.9301666667 252.311155556
SS2_TITUSVILLE_50DEG

0
0 99900 57300 59100
0 0 0 1
5
28.843225 278.779580556
27.9750694444 279.814083333
30.0190527778 281.866547222
30.9024277778 280.819319444
28.843225 278.779580556
VAFB_PEGASUS1

0
0 99900 53100 55620
0 0 0 1
5
35.3666666667 236.633333333
36.35 237.0
36.3 237.233333333
35.3 236.883333333
35.3666666667 236.633333333
VAFB_PEGASUS2

0
0 99900 53100 55620
0 0 0 1
5
28.7333333333 234.433333333
28.9 233.883333333
30.6333333333 234.533333333
30.4833333333 235.083333333
28.7333333333 234.433333333
VAFB_PEGASUS3

0
0 99900 53100 55620
0 0 0 1
5
20.1166666667 233.033333333
20.25 232.366666667
23.5 233.116666667
23.3666666667 233.8
20.1166666667 233.033333333
VAFB_PEGASUS4

0
0 99900 53100 55620
0 0 0 1
5
-4.2 231.083333333
-4.13333333333 230.65
-2.0 230.933333333
-2.06666666667 231.366666667
-4.2 231.083333333
VANHORN_BLUEORIGIN1

0
0 99900 60000 61800
0 0 0 1
9
31.735 255.237222222
31.6376722222 255.491252778
31.4516666667 255.569352778
31.2589611111 255.476830556
31.1683333333 255.237222222
31.2644194444 254.987838889
31.4516666667 254.905091667
31.6448722222 255.006683333
31.735 255.237222222
W-283_VAFB_PEGASUS

0
0 60000 53100 55620
0 0 0 1
7
36.8666666667 236.832222222
36.3333333333 235.682222222
35.2166666667 236.432222222
35.4833333333 236.998888889
35.0666666667 237.282222222
35.3486111111 237.883611111
36.8666666667 236.832222222
W-285A_VAFB_PEGASUS

0
0 45000 53100 55620
0 0 0 1
6
36.9833333333 237.069722222
36.1833333333 237.607222222
35.6166666667 238.465555556
35.3486111111 237.883611111
36.8666666667 236.832222222
36.9833333333 237.069722222
W-532N_VAFB

0
0 99900 53100 55620
0 0 0 1
8
35.6166666667 238.465555556
35.2069444444 238.950555556
34.9252777778 238.315555556
34.425 236.950277778
35.2166666667 236.432222222
35.4833333333 236.998888889
35.0666666667 237.282222222
35.6166666667 238.465555556
