LYNX_CECIL_180DEG

0
0 99900 50880 52680
0 0 0 1
5
27.7738277778 277.448436111
27.7773111111 278.9108
30.3512611111 278.868491667
30.3305944444 277.414080556
27.7738277778 277.448436111
LYNX_MOJAVE_50DEG

0
0 99900 66300 68100
0 0 0 1
5
35.4014194444 241.281544444
34.5332611111 242.31605
36.5772444444 244.368513889
37.4606222222 243.321286111
35.4014194444 241.281544444
LYNX_SS2_MIDLAND_120DEG

0
0 99900 48900 50700
0 0 0 1
5
32.5340916667 258.257641667
31.5427666667 257.29885
29.98785 259.573355556
31.0471611111 260.544236111
32.5340916667 258.257641667
POKERFLAT_SOUNDINGROCKET_1

0
0 99900 51600 1200
0 0 0 1
9
65.2833333333 212.516666667
65.2417694444 212.767797222
65.1333305556 212.873377778
65.0404666667 212.791633333
64.9833333333 212.516666667
65.0292194444 212.261791667
65.1333305556 212.159955556
65.2360861111 212.248636111
65.2833333333 212.516666667
POKERFLAT_SOUNDINGROCKET_2

0
0 99900 51600 1200
0 0 0 1
9
65.3150388889 211.724469444
65.85 211.229808333
66.4508722222 211.857230556
66.6833333333 213.266669444
66.4340916667 214.746966667
65.85 215.303525
65.2951916667 214.744422222
65.0166666667 213.266669444
65.3150388889 211.724469444
SPACEPORTAM_ARMADILLO1

0
0 99900 46500 60900
0 0 0 1
9
33.1069444444 253.093611111
33.064125 253.236897222
32.9402777778 253.292202778
32.8339694444 253.247372222
32.7736111111 253.093611111
32.8227055556 252.958591667
32.9402777778 252.895019444
33.0533861111 252.952644444
33.1069444444 253.093611111
SS2_SPACEPORTAM_0DEG

0
0 99900 72600 74400
0 0 0 1
5
32.9301666667 252.311155556
32.93365 253.773522222
35.5076 253.731213889
35.4869361111 252.2768
32.9301666667 252.311155556
