S4DE_BLUEORIGIN_2025H0_0

0
0 15000 60600 60660
0 0 0 1
38
31.4681 255.249
31.4681 255.277
31.4681 255.283
31.4681 255.289
31.4591 255.306
31.4546 255.312
31.4546 255.312
31.4411 255.317
31.4366 255.317
31.4276 255.317
31.4231 255.317
31.4187 255.317
31.4186 255.317
31.4186 255.317
31.4052 255.312
31.3962 255.306
31.3962 255.306
31.3917 255.295
31.3872 255.283
31.3872 255.249
31.3872 255.238
31.3872 255.238
31.3917 255.22
31.3962 255.209
31.4007 255.203
31.4052 255.203
31.4231 255.203
31.4321 255.203
31.4411 255.203
31.4456 255.203
31.4456 255.203
31.4501 255.209
31.4546 255.215
31.4591 255.22
31.4591 255.22
31.4591 255.22
31.4681 255.243
31.4681 255.249
S4DE_BLUEORIGIN_2025H0_1

0
15000 30000 60600 60660
0 0 0 1
32
31.4636 255.289
31.4636 255.3
31.4546 255.312
31.4411 255.317
31.4366 255.317
31.4276 255.317
31.4232 255.317
31.4231 255.317
31.4052 255.312
31.4052 255.312
31.4052 255.312
31.3962 255.306
31.3917 255.3
31.3872 255.283
31.3872 255.283
31.3872 255.26
31.3962 255.215
31.4007 255.209
31.4052 255.209
31.4097 255.209
31.4231 255.209
31.4276 255.209
31.4456 255.209
31.4501 255.209
31.4501 255.209
31.4501 255.209
31.4546 255.22
31.4636 255.249
31.4636 255.249
31.4636 255.255
31.4636 255.272
31.4636 255.289
S4DE_BLUEORIGIN_2025H0_2

0
30000 45000 60600 60660
0 0 0 1
31
31.4546 255.26
31.4546 255.277
31.4546 255.283
31.4546 255.289
31.4546 255.289
31.4456 255.3
31.4456 255.3
31.4366 255.3
31.4097 255.3
31.4052 255.3
31.4052 255.3
31.4007 255.295
31.3962 255.289
31.3962 255.289
31.3962 255.283
31.3962 255.277
31.3962 255.272
31.3962 255.255
31.3962 255.243
31.3962 255.22
31.3962 255.215
31.3962 255.215
31.4007 255.209
31.4007 255.209
31.4097 255.209
31.4411 255.209
31.4501 255.209
31.4501 255.209
31.4546 255.243
31.4546 255.243
31.4546 255.26
S4DE_BLUEORIGIN_2025H0_3

0
45000 60000 60600 60660
0 0 0 1
30
31.4501 255.22
31.4501 255.238
31.4501 255.249
31.4501 255.277
31.4501 255.277
31.4501 255.277
31.4411 255.277
31.4321 255.277
31.4142 255.277
31.4097 255.277
31.4052 255.277
31.4007 255.277
31.3962 255.272
31.3962 255.272
31.3962 255.255
31.3962 255.238
31.3962 255.226
31.3962 255.22
31.3962 255.215
31.3962 255.215
31.4007 255.209
31.4007 255.209
31.4052 255.209
31.4097 255.209
31.4142 255.209
31.4411 255.209
31.4501 255.209
31.4501 255.209
31.4501 255.209
31.4501 255.22
S4DE_BLUEORIGIN_2025H2_2

0
30000 45000 60720 60780
0 0 0 1
16
31.4366 255.266
31.4366 255.266
31.4366 255.266
31.4321 255.266
31.4187 255.266
31.4142 255.266
31.4142 255.266
31.4142 255.266
31.4142 255.26
31.4141 255.255
31.4142 255.249
31.4186 255.243
31.4187 255.243
31.4321 255.243
31.4366 255.249
31.4366 255.266
S4DE_BLUEORIGIN_2025H2_3

0
45000 60000 60720 60780
0 0 0 1
19
31.4411 255.255
31.4411 255.26
31.4411 255.26
31.4411 255.26
31.4232 255.26
31.4097 255.26
31.4052 255.26
31.4052 255.255
31.4052 255.243
31.4052 255.22
31.4052 255.22
31.4097 255.22
31.4142 255.22
31.4187 255.22
31.4321 255.22
31.4411 255.22
31.4411 255.22
31.4411 255.232
31.4411 255.255
S4DE_BLUEORIGIN_2025H3_0

0
0 15000 60780 60840
0 0 0 1
31
31.4726 255.283
31.4726 255.289
31.4726 255.295
31.4726 255.295
31.4681 255.3
31.4546 255.312
31.4411 255.317
31.4411 255.317
31.4276 255.317
31.4186 255.317
31.3917 255.306
31.3827 255.289
31.3827 255.289
31.3827 255.289
31.3827 255.266
31.3827 255.243
31.3827 255.232
31.3872 255.215
31.3917 255.203
31.3962 255.198
31.4007 255.198
31.4052 255.198
31.4097 255.198
31.4187 255.198
31.4411 255.198
31.4456 255.198
31.4501 255.198
31.4546 255.198
31.4726 255.238
31.4726 255.255
31.4726 255.283
S4DE_BLUEORIGIN_2025H3_1

0
15000 30000 60780 60840
0 0 0 1
32
31.4681 255.277
31.4681 255.289
31.4681 255.295
31.4681 255.295
31.4636 255.3
31.4546 255.312
31.4501 255.317
31.4501 255.317
31.4366 255.323
31.4321 255.323
31.4142 255.323
31.3962 255.312
31.3872 255.3
31.3827 255.283
31.3827 255.26
31.3827 255.255
31.3827 255.249
31.3827 255.243
31.3827 255.243
31.3872 255.22
31.3917 255.209
31.3962 255.203
31.3962 255.203
31.4007 255.203
31.4411 255.203
31.4501 255.203
31.4501 255.203
31.4501 255.203
31.4591 255.22
31.4681 255.243
31.4681 255.249
31.4681 255.277
S4DE_BLUEORIGIN_2025H3_2

0
30000 45000 60780 60840
0 0 0 1
35
31.4546 255.272
31.4546 255.277
31.4501 255.289
31.4411 255.295
31.4411 255.295
31.4366 255.295
31.4231 255.295
31.4186 255.295
31.4141 255.295
31.4097 255.295
31.4052 255.295
31.4007 255.289
31.3917 255.277
31.3917 255.277
31.3917 255.272
31.3917 255.26
31.3917 255.243
31.3917 255.226
31.3917 255.22
31.3917 255.22
31.3962 255.203
31.3962 255.203
31.3962 255.203
31.4007 255.203
31.4097 255.203
31.4187 255.203
31.4276 255.203
31.4411 255.203
31.4456 255.203
31.4456 255.203
31.4501 255.209
31.4501 255.209
31.4546 255.238
31.4546 255.243
31.4546 255.272
S4DE_BLUEORIGIN_2025H3_3

0
45000 60000 60780 60840
0 0 0 1
25
31.4456 255.26
31.4456 255.266
31.4456 255.266
31.4456 255.266
31.4456 255.266
31.4411 255.266
31.4321 255.266
31.4276 255.266
31.4052 255.266
31.4007 255.266
31.3962 255.266
31.3962 255.266
31.3962 255.249
31.3962 255.238
31.3962 255.215
31.3962 255.209
31.3962 255.203
31.4007 255.203
31.4186 255.203
31.4366 255.203
31.4411 255.203
31.4456 255.203
31.4456 255.203
31.4456 255.203
31.4456 255.26
S4DE_FALCON9CAPE_2025H0_0

0
0 15000 900 960
0 0 0 1
24
28.5988 279.433
28.5992 279.438
28.5951 279.445
28.582 279.452
28.582 279.452
28.5596 279.454
28.5506 279.455
28.5323 279.451
28.5323 279.451
28.5267 279.435
28.5252 279.412
28.5244 279.401
28.5241 279.395
28.5274 279.377
28.536 279.371
28.536 279.371
28.5405 279.37
28.5719 279.367
28.5763 279.366
28.5808 279.366
28.5902 279.371
28.5902 279.371
28.5954 279.382
28.5988 279.433
S4DE_FALCON9CAPE_2025H0_1

0
15000 30000 900 960
0 0 0 1
24
28.5876 279.4
28.5891 279.422
28.5898 279.434
28.5902 279.439
28.5857 279.44
28.5723 279.441
28.5633 279.442
28.5409 279.445
28.5364 279.445
28.5364 279.445
28.536 279.439
28.5353 279.428
28.5341 279.411
28.5326 279.388
28.5323 279.383
28.5323 279.383
28.5412 279.382
28.5726 279.378
28.5771 279.378
28.5816 279.377
28.5864 279.383
28.5864 279.383
28.5868 279.388
28.5876 279.4
S4DE_FALCON9CAPE_2025H1_0

0
0 15000 960 1020
0 0 0 1
25
28.5898 279.434
28.5902 279.439
28.5902 279.439
28.5861 279.446
28.5547 279.449
28.5502 279.449
28.5409 279.445
28.5401 279.433
28.5386 279.411
28.5383 279.405
28.5379 279.399
28.542 279.393
28.542 279.393
28.5465 279.392
28.5599 279.391
28.5689 279.39
28.5734 279.39
28.5778 279.389
28.5823 279.389
28.5823 279.389
28.5876 279.4
28.5876 279.4
28.5879 279.405
28.5883 279.411
28.5898 279.434
S4DE_FALCON9CAPE_2025H1_1

0
15000 30000 960 1020
0 0 0 1
28
28.7292 279.562
28.7296 279.568
28.7299 279.573
28.7299 279.573
28.721 279.574
28.5996 279.513
28.5712 279.493
28.5663 279.488
28.5615 279.483
28.5615 279.483
28.5514 279.466
28.5409 279.445
28.5405 279.439
28.5394 279.422
28.5379 279.399
28.5375 279.393
28.5371 279.388
28.5371 279.388
28.5371 279.388
28.5416 279.387
28.573 279.384
28.5864 279.383
28.6395 279.434
28.6492 279.445
28.6541 279.45
28.6937 279.503
28.7292 279.562
28.7292 279.562
S4DE_FALCON9CAPE_2025H1_2

0
30000 45000 960 1020
0 0 0 1
33
28.8405 279.676
28.8409 279.682
28.832 279.683
28.8275 279.683
28.8185 279.684
28.8092 279.68
28.6952 279.594
28.6048 279.524
28.5857 279.509
28.5667 279.493
28.5615 279.483
28.5562 279.472
28.5506 279.455
28.5502 279.449
28.5476 279.41
28.5517 279.403
28.5603 279.397
28.5693 279.396
28.5737 279.395
28.5782 279.395
28.5782 279.395
28.601 279.398
28.601 279.398
28.6387 279.423
28.6529 279.433
28.6671 279.443
28.6671 279.443
28.6866 279.463
28.6914 279.469
28.7699 279.563
28.8297 279.649
28.8349 279.66
28.8405 279.676
S4DE_FALCON9CAPE_2025H1_3

0
45000 60000 960 1020
0 0 0 1
41
28.8604 279.703
28.8611 279.714
28.8566 279.715
28.8521 279.715
28.8521 279.715
28.8103 279.697
28.801 279.692
28.7531 279.651
28.5898 279.502
28.5753 279.487
28.5656 279.476
28.5656 279.476
28.5656 279.476
28.5652 279.471
28.5648 279.465
28.5633 279.442
28.5622 279.425
28.5618 279.42
28.5614 279.414
28.5614 279.414
28.5659 279.413
28.5704 279.413
28.5793 279.412
28.5793 279.412
28.6018 279.41
28.6107 279.409
28.6107 279.409
28.6201 279.413
28.672 279.448
28.6959 279.468
28.7247 279.494
28.7344 279.504
28.7392 279.509
28.7979 279.578
28.8331 279.631
28.8383 279.642
28.8435 279.653
28.8544 279.68
28.86 279.697
28.86 279.697
28.8604 279.703
S4DE_FALCON9CAPE_2025H2_2

0
30000 45000 1020 1080
0 0 0 1
20
28.8405 279.676
28.8409 279.682
28.8364 279.682
28.8275 279.683
28.823 279.684
28.8185 279.684
28.8092 279.68
28.8043 279.674
28.7946 279.664
28.7938 279.653
28.7935 279.647
28.7927 279.635
28.7927 279.635
28.8106 279.634
28.8151 279.633
28.82 279.638
28.8248 279.643
28.8297 279.649
28.8349 279.66
28.8405 279.676
S4DE_FALCON9CAPE_2025H2_3

0
45000 60000 1020 1080
0 0 0 1
31
28.9814 279.827
28.9814 279.827
28.9769 279.828
28.9676 279.823
28.8727 279.753
28.8536 279.738
28.7531 279.651
28.7434 279.641
28.7333 279.625
28.7229 279.603
28.7229 279.603
28.7225 279.597
28.7213 279.58
28.7206 279.569
28.7202 279.563
28.7198 279.557
28.7239 279.551
28.7281 279.545
28.7281 279.545
28.7415 279.544
28.7415 279.544
28.7549 279.542
28.7594 279.542
28.7594 279.542
28.7688 279.546
28.8271 279.609
28.8319 279.614
28.8368 279.619
28.9807 279.816
28.981 279.822
28.9814 279.827
S4DE_FALCON9GA_2025H0_0

0
0 15000 53100 53160
0 0 0 1
24
30.9246 278.593
30.9201 278.594
30.915 278.589
30.9087 278.573
30.9087 278.573
30.9057 278.545
30.9045 278.533
30.9065 278.51
30.9065 278.51
30.9192 278.502
30.9371 278.499
30.946 278.497
30.9504 278.497
30.9644 278.5
30.9701 278.51
30.9701 278.51
30.9707 278.516
30.975 278.556
30.9756 278.561
30.9762 278.567
30.973 278.579
30.973 278.579
30.9647 278.586
30.9246 278.593
S4DE_FALCON9GA_2025H0_1

0
15000 30000 53100 53160
0 0 0 1
24
30.9501 278.577
30.9323 278.58
30.9233 278.582
30.9189 278.583
30.9183 278.577
30.9164 278.56
30.9152 278.549
30.9122 278.52
30.9116 278.515
30.9116 278.515
30.916 278.514
30.9249 278.513
30.9383 278.51
30.9561 278.507
30.9606 278.506
30.9606 278.506
30.9618 278.518
30.9661 278.557
30.9667 278.563
30.9673 278.569
30.9634 278.575
30.9634 278.575
30.959 278.576
30.9501 278.577
S4DE_FALCON9GA_2025H1_0

0
0 15000 53160 53220
0 0 0 1
25
30.9233 278.582
30.9189 278.583
30.9189 278.583
30.9138 278.578
30.9095 278.538
30.9089 278.533
30.9122 278.52
30.9211 278.519
30.9389 278.516
30.9434 278.515
30.9478 278.514
30.9529 278.519
30.9529 278.519
30.9535 278.525
30.9553 278.542
30.9565 278.553
30.9572 278.559
30.9578 278.564
30.9584 278.57
30.9584 278.57
30.9501 278.577
30.9501 278.577
30.9456 278.578
30.9412 278.579
30.9233 278.582
S4DE_FALCON9GA_2025H1_1

0
15000 30000 53160 53220
0 0 0 1
28
30.8296 278.765
30.8252 278.766
30.8207 278.767
30.8207 278.767
30.8195 278.755
30.8616 278.598
30.8757 278.561
30.8796 278.555
30.8834 278.549
30.8834 278.549
30.8956 278.535
30.9122 278.52
30.9166 278.52
30.93 278.517
30.9478 278.514
30.9523 278.514
30.9567 278.513
30.9567 278.513
30.9567 278.513
30.9573 278.518
30.9616 278.558
30.9634 278.575
30.9256 278.645
30.9179 278.658
30.9141 278.664
30.8744 278.717
30.8296 278.765
30.8296 278.765
S4DE_FALCON9GA_2025H1_2

0
30000 45000 53160 53220
0 0 0 1
33
30.7457 278.912
30.7412 278.913
30.74 278.902
30.7394 278.896
30.7381 278.885
30.7414 278.873
30.8025 278.724
30.8533 278.606
30.8642 278.581
30.8751 278.556
30.8834 278.549
30.8917 278.541
30.9045 278.533
30.9089 278.533
30.9401 278.527
30.9452 278.532
30.9509 278.543
30.9521 278.554
30.9527 278.56
30.9533 278.565
30.9533 278.565
30.9519 278.594
30.9519 278.594
30.9345 278.643
30.9274 278.662
30.9203 278.68
30.9203 278.68
30.905 278.706
30.9011 278.713
30.8307 278.817
30.7667 278.897
30.7584 278.904
30.7457 278.912
S4DE_FALCON9GA_2025H1_3

0
45000 60000 53160 53220
0 0 0 1
41
30.7258 278.939
30.7169 278.94
30.7163 278.935
30.7157 278.929
30.7157 278.929
30.728 278.875
30.7312 278.863
30.7608 278.8
30.8693 278.586
30.8808 278.566
30.8885 278.553
30.8885 278.553
30.8885 278.553
30.8929 278.553
30.8974 278.552
30.9152 278.549
30.9286 278.546
30.933 278.546
30.9375 278.545
30.9375 278.545
30.9381 278.551
30.9387 278.556
30.9399 278.568
30.9399 278.568
30.943 278.596
30.9442 278.607
30.9442 278.607
30.941 278.619
30.9165 278.687
30.9017 278.718
30.8831 278.756
30.8754 278.769
30.8716 278.775
30.821 278.853
30.7807 278.9
30.7724 278.908
30.7641 278.915
30.743 278.93
30.7303 278.938
30.7303 278.938
30.7258 278.939
S4DE_FALCON9GA_2025H2_2

0
30000 45000 53220 53280
0 0 0 1
20
30.7457 278.912
30.7412 278.913
30.7406 278.907
30.7394 278.896
30.7388 278.891
30.7381 278.885
30.7414 278.873
30.7452 278.866
30.7529 278.853
30.7618 278.852
30.7663 278.851
30.7752 278.85
30.7752 278.85
30.7776 278.872
30.7783 278.878
30.7744 278.884
30.7706 278.891
30.7667 278.897
30.7584 278.904
30.7457 278.912
S4DE_FALCON9GA_2025H2_3

0
45000 60000 53220 53280
0 0 0 1
31
30.6341 279.099
30.6341 279.099
30.6335 279.093
30.6368 279.081
30.6869 278.957
30.6979 278.932
30.7608 278.8
30.7685 278.787
30.7806 278.774
30.7972 278.759
30.7972 278.759
30.8017 278.759
30.8151 278.756
30.824 278.755
30.8284 278.754
30.8329 278.753
30.8379 278.758
30.843 278.763
30.843 278.763
30.8448 278.78
30.8448 278.78
30.8467 278.797
30.8473 278.803
30.8473 278.803
30.8441 278.815
30.7979 278.892
30.7941 278.898
30.7902 278.905
30.6431 279.097
30.6386 279.098
30.6341 279.099
S4DE_LYNXFRONTRANGE_2025H0_0

0
0 15000 55800 55860
0 0 0 1
31
39.7859 255.559
39.778 255.545
39.7621 255.518
39.7595 255.513
39.7569 255.508
39.7764 255.455
39.7764 255.455
39.78 255.452
39.8128 255.422
39.8164 255.418
39.8164 255.418
39.8243 255.432
39.827 255.437
39.8296 255.441
39.8323 255.446
39.8243 255.432
39.8508 255.478
39.8534 255.483
39.8534 255.483
39.8524 255.491
39.8514 255.499
39.8468 255.51
39.8349 255.528
39.8349 255.528
39.8203 255.542
39.8058 255.555
39.8021 255.558
39.7985 255.562
39.7985 255.562
39.7886 255.564
39.7859 255.559
S4DE_LYNXFRONTRANGE_2025H1_0

0
0 15000 55860 55920
0 0 0 1
42
39.6702 255.61
39.6623 255.596
39.6596 255.591
39.6596 255.591
39.6606 255.583
39.6606 255.583
39.6689 255.568
39.6771 255.554
39.6772 255.554
39.6808 255.55
39.6917 255.54
39.699 255.534
39.7135 255.52
39.7172 255.517
39.7281 255.507
39.7317 255.503
39.7317 255.503
39.7526 255.491
39.7734 255.479
39.7906 255.47
39.8042 255.465
39.8042 255.465
39.8253 255.502
39.8306 255.511
39.8359 255.52
39.8312 255.532
39.8276 255.535
39.8203 255.542
39.8131 255.548
39.8058 255.555
39.7949 255.565
39.7803 255.579
39.7767 255.582
39.7486 255.601
39.7314 255.61
39.7115 255.614
39.7016 255.616
39.7016 255.616
39.6953 255.615
39.6765 255.611
39.6702 255.61
39.6702 255.61
S4DE_LYNXFRONTRANGE_2025H1_1

0
15000 30000 55860 55920
0 0 0 1
29
39.655 255.602
39.6523 255.598
39.6543 255.582
39.6553 255.574
39.6553 255.574
39.6626 255.567
39.6953 255.537
39.699 255.534
39.7886 255.486
39.7886 255.486
39.7913 255.491
39.7992 255.505
39.8124 255.528
39.8177 255.537
39.8177 255.537
39.8031 255.55
39.7777 255.574
39.7631 255.587
39.7304 255.618
39.7168 255.623
39.7168 255.623
39.687 255.629
39.6771 255.631
39.6771 255.631
39.6682 255.625
39.6682 255.625
39.6682 255.625
39.6629 255.616
39.655 255.602
S4DE_LYNXFRONTRANGE_2025H1_2

0
30000 45000 55860 55920
0 0 0 1
32
39.6718 255.622
39.6639 255.608
39.6613 255.604
39.6586 255.599
39.6632 255.588
39.6633 255.588
39.6851 255.568
39.6887 255.564
39.6924 255.561
39.7132 255.549
39.734 255.537
39.734 255.537
39.7393 255.546
39.7446 255.555
39.7499 255.564
39.7605 255.583
39.7605 255.583
39.7605 255.583
39.7595 255.591
39.7595 255.591
39.7449 255.604
39.734 255.614
39.7304 255.618
39.7195 255.628
39.7122 255.634
39.7049 255.641
39.7013 255.644
39.7013 255.644
39.695 255.643
39.6824 255.641
39.6824 255.641
39.6718 255.622
S4DE_LYNXFRONTRANGE_2025H2_0

0
0 15000 55920 55980
0 0 0 1
19
39.6586 255.599
39.656 255.594
39.6606 255.583
39.6642 255.58
39.6679 255.576
39.6715 255.573
39.6752 255.57
39.6841 255.576
39.6867 255.58
39.6894 255.585
39.691 255.597
39.6838 255.604
39.6801 255.607
39.6765 255.611
39.6765 255.611
39.6639 255.608
39.6639 255.608
39.6639 255.608
39.6586 255.599
S4DE_LYNXFRONTRANGE_2025H2_1

0
15000 30000 55920 55980
0 0 0 1
31
39.6404 255.616
39.6351 255.607
39.6398 255.595
39.648 255.581
39.6517 255.577
39.6553 255.574
39.659 255.571
39.6626 255.567
39.6771 255.554
39.6808 255.55
39.6808 255.55
39.6907 255.548
39.6907 255.548
39.6934 255.553
39.696 255.558
39.7013 255.567
39.7066 255.576
39.7092 255.581
39.7109 255.593
39.7099 255.601
39.7052 255.613
39.7016 255.616
39.687 255.629
39.687 255.629
39.6771 255.631
39.6672 255.633
39.6609 255.632
39.6484 255.63
39.6484 255.63
39.6457 255.625
39.6404 255.616
S4DE_LYNXFRONTRANGE_2025H2_2

0
30000 45000 55920 55980
0 0 0 1
30
39.6374 255.64
39.6348 255.635
39.6348 255.635
39.6331 255.623
39.6378 255.611
39.6461 255.597
39.6497 255.593
39.6606 255.583
39.6752 255.57
39.6924 255.561
39.7023 255.559
39.7086 255.56
39.7086 255.56
39.7086 255.56
39.7112 255.565
39.7139 255.569
39.7191 255.579
39.7271 255.592
39.7297 255.597
39.7314 255.61
39.7314 255.61
39.7231 255.624
39.7158 255.631
39.7049 255.641
39.7013 255.644
39.7013 255.644
39.6679 255.654
39.6517 255.655
39.6401 255.644
39.6374 255.64
S4DE_LYNXFRONTRANGE_2025H2_3

0
45000 60000 55920 55980
0 0 0 1
29
39.6454 255.654
39.6427 255.649
39.6401 255.644
39.6401 255.644
39.6384 255.632
39.6394 255.624
39.6394 255.624
39.6431 255.62
39.654 255.61
39.6576 255.607
39.6722 255.594
39.6794 255.587
39.6831 255.584
39.6831 255.584
39.6894 255.585
39.6894 255.585
39.692 255.589
39.7105 255.622
39.7132 255.626
39.7132 255.626
39.7132 255.626
39.6976 255.648
39.6903 255.654
39.6794 255.665
39.6721 255.671
39.6596 255.669
39.6533 255.667
39.6507 255.663
39.6454 255.654
S4DE_LYNXFRONTRANGE_2025H6_1

0
15000 30000 56160 56220
0 0 0 1
25
39.4165 255.836
39.4086 255.823
39.4086 255.823
39.4096 255.815
39.4205 255.805
39.4314 255.794
39.435 255.791
39.4387 255.788
39.4559 255.779
39.4559 255.779
39.4621 255.78
39.4648 255.785
39.4674 255.789
39.4701 255.794
39.4701 255.794
39.4691 255.802
39.4572 255.82
39.4535 255.823
39.439 255.837
39.4317 255.844
39.4281 255.847
39.4281 255.847
39.4218 255.846
39.4191 255.841
39.4165 255.836
S4DE_LYNXFRONTRANGE_2025H6_2

0
30000 45000 56160 56220
0 0 0 1
32
39.4155 255.844
39.4102 255.835
39.4076 255.831
39.4076 255.831
39.4086 255.823
39.4132 255.811
39.4132 255.811
39.4168 255.808
39.4205 255.805
39.4387 255.788
39.4459 255.781
39.4459 255.781
39.4704 255.766
39.4704 255.766
39.4793 255.771
39.4793 255.771
39.4846 255.781
39.4899 255.79
39.4926 255.794
39.4926 255.794
39.4942 255.807
39.4942 255.807
39.4859 255.822
39.4823 255.825
39.4568 255.849
39.4459 255.859
39.4423 255.862
39.4386 255.865
39.4324 255.864
39.4261 255.863
39.4234 255.858
39.4155 255.844
S4DE_LYNXFRONTRANGE_2025H6_3

0
45000 60000 56160 56220
0 0 0 1
26
39.4376 255.873
39.4165 255.836
39.4175 255.828
39.4185 255.82
39.4185 255.82
39.4221 255.817
39.4294 255.81
39.4403 255.8
39.4476 255.794
39.4658 255.777
39.4694 255.773
39.4793 255.771
39.4856 255.773
39.4936 255.787
39.5015 255.8
39.5041 255.805
39.5058 255.818
39.5058 255.818
39.4985 255.824
39.4876 255.834
39.4767 255.844
39.4658 255.854
39.4512 255.868
39.4476 255.871
39.4376 255.873
39.4376 255.873
S4DE_LYNXFRONTRANGE_2025H7_0

0
0 15000 56220 56280
0 0 0 1
32
39.1946 255.886
39.193 255.873
39.1923 255.853
39.2032 255.843
39.2141 255.832
39.4142 255.803
39.4142 255.803
39.4205 255.805
39.4205 255.805
39.4205 255.805
39.4231 255.809
39.4258 255.814
39.4284 255.818
39.4284 255.818
39.4274 255.826
39.4274 255.826
39.4238 255.83
39.4201 255.833
39.4165 255.836
39.4165 255.836
39.3847 255.859
39.3639 255.871
39.3639 255.871
39.3259 255.892
39.2779 255.915
39.2779 255.915
39.268 255.917
39.2482 255.921
39.2419 255.92
39.223 255.916
39.2025 255.9
39.1946 255.886
S4DE_LYNXFRONTRANGE_2025H7_1

0
15000 30000 56220 56280
0 0 0 1
36
39.2042 255.912
39.191 255.889
39.191 255.889
39.185 255.859
39.186 255.851
39.187 255.843
39.1916 255.832
39.1917 255.832
39.1953 255.829
39.2026 255.822
39.2062 255.819
39.2062 255.819
39.2198 255.813
39.4225 255.789
39.4287 255.79
39.4287 255.79
39.4314 255.794
39.434 255.799
39.442 255.813
39.4473 255.822
39.4463 255.83
39.4463 255.83
39.4426 255.833
39.439 255.837
39.4353 255.84
39.4208 255.854
39.3927 255.872
39.3755 255.881
39.3275 255.904
39.2832 255.924
39.2498 255.934
39.2247 255.929
39.2158 255.923
39.2042 255.912
39.2042 255.912
39.2042 255.912
S4DE_LYNXFRONTRANGE_2025H7_2

0
30000 45000 56220 56280
0 0 0 1
32
39.1956 255.878
39.1956 255.878
39.194 255.865
39.1949 255.857
39.195 255.857
39.195 255.857
39.1986 255.854
39.2313 255.824
39.2313 255.824
39.4324 255.786
39.4387 255.788
39.4449 255.789
39.445 255.789
39.4502 255.798
39.4555 255.807
39.4635 255.821
39.4651 255.834
39.4641 255.842
39.4568 255.849
39.4459 255.859
39.4423 255.862
39.4386 255.865
39.4006 255.886
39.3834 255.895
39.2948 255.935
39.2713 255.942
39.2713 255.942
39.2488 255.942
39.2425 255.94
39.2273 255.933
39.2247 255.929
39.1956 255.878
S4DE_LYNXFRONTRANGE_2025H7_3

0
45000 60000 56220 56280
0 0 0 1
31
39.3007 255.887
39.2955 255.877
39.31 255.864
39.3246 255.851
39.3282 255.847
39.3318 255.844
39.349 255.835
39.4377 255.796
39.4476 255.794
39.4602 255.796
39.4602 255.796
39.4628 255.801
39.4654 255.805
39.4707 255.815
39.4734 255.819
39.476 255.824
39.4777 255.836
39.4767 255.844
39.473 255.848
39.4694 255.851
39.4548 255.865
39.4512 255.868
39.4476 255.871
39.4304 255.88
39.396 255.898
39.3517 255.917
39.3282 255.925
39.3219 255.924
39.3219 255.924
39.3166 255.914
39.3007 255.887
S4DE_LYNXFRONTRANGE_2025H8_1

0
15000 30000 56280 56340
0 0 0 1
24
39.1966 255.87
39.194 255.865
39.1913 255.861
39.187 255.843
39.187 255.843
39.1917 255.832
39.1953 255.829
39.2026 255.822
39.2098 255.815
39.2135 255.812
39.2135 255.812
39.2234 255.81
39.2313 255.824
39.234 255.828
39.2366 255.833
39.2419 255.842
39.2399 255.858
39.2353 255.869
39.2316 255.873
39.2171 255.886
39.2108 255.885
39.2108 255.885
39.1992 255.874
39.1966 255.87
S4DE_LYNXFRONTRANGE_2025H8_2

0
30000 45000 56280 56340
0 0 0 1
25
39.2019 255.879
39.194 255.865
39.194 255.865
39.1949 255.857
39.1996 255.846
39.2032 255.843
39.2178 255.829
39.2251 255.822
39.2287 255.819
39.235 255.82
39.235 255.82
39.2376 255.825
39.2429 255.834
39.2455 255.839
39.2482 255.843
39.2508 255.848
39.2535 255.853
39.2578 255.87
39.2505 255.877
39.2323 255.893
39.225 255.9
39.2214 255.903
39.2151 255.902
39.2125 255.898
39.2019 255.879
S4DE_LYNXHAWAII_2025H0_0

0
0 15000 3600 3660
0 0 0 1
31
19.67 203.997
19.6752 203.981
19.6858 203.95
19.6875 203.945
19.6893 203.939
19.7353 203.933
19.7353 203.933
19.7395 203.935
19.7767 203.955
19.7809 203.958
19.7809 203.958
19.7756 203.973
19.7738 203.979
19.7721 203.984
19.7703 203.989
19.7756 203.973
19.758 204.026
19.7563 204.031
19.7563 204.031
19.7504 204.034
19.7445 204.037
19.7344 204.038
19.7161 204.034
19.7161 204.034
19.6996 204.026
19.683 204.017
19.6789 204.014
19.6747 204.012
19.6747 204.012
19.6682 204.002
19.67 203.997
S4DE_LYNXHAWAII_2025H1_0

0
0 15000 3660 3720
0 0 0 1
42
19.5764 203.897
19.5816 203.881
19.5834 203.876
19.5834 203.876
19.5893 203.873
19.5893 203.873
19.6035 203.875
19.6177 203.876
19.6177 203.876
19.6218 203.878
19.6342 203.885
19.6425 203.889
19.6591 203.898
19.6632 203.901
19.6756 203.907
19.6798 203.909
19.6798 203.909
19.6987 203.926
19.7176 203.942
19.7324 203.956
19.7431 203.968
19.7431 203.968
19.729 204.01
19.7255 204.021
19.722 204.031
19.712 204.032
19.7078 204.03
19.6996 204.026
19.6913 204.021
19.683 204.017
19.6706 204.01
19.654 204.001
19.6499 203.999
19.6227 203.978
19.6079 203.964
19.5948 203.944
19.5883 203.935
19.5883 203.935
19.5859 203.927
19.5788 203.905
19.5764 203.897
19.5764 203.897
S4DE_LYNXHAWAII_2025H1_1

0
15000 30000 3660 3720
0 0 0 1
29
19.5734 203.877
19.5751 203.872
19.5869 203.866
19.5928 203.863
19.5928 203.863
19.6011 203.867
19.6384 203.887
19.6425 203.889
19.7207 203.962
19.7206 203.962
19.7189 203.968
19.7136 203.984
19.7048 204.01
19.7013 204.02
19.7013 204.02
19.6848 204.011
19.6558 203.996
19.6392 203.987
19.602 203.967
19.5913 203.955
19.5913 203.955
19.5717 203.926
19.5652 203.916
19.5652 203.916
19.5646 203.903
19.5646 203.903
19.5646 203.903
19.5681 203.893
19.5734 203.877
S4DE_LYNXHAWAII_2025H1_2

0
30000 45000 3660 3720
0 0 0 1
32
19.5687 203.905
19.574 203.89
19.5758 203.884
19.5775 203.879
19.5875 203.878
19.5876 203.878
19.6124 203.892
19.6165 203.894
19.6207 203.896
19.6396 203.913
19.6586 203.929
19.6586 203.929
19.655 203.94
19.6515 203.95
19.648 203.961
19.641 203.982
19.641 203.982
19.641 203.982
19.6351 203.985
19.6351 203.985
19.6185 203.976
19.6061 203.969
19.602 203.967
19.5895 203.96
19.5813 203.956
19.573 203.951
19.5688 203.949
19.5688 203.949
19.5665 203.941
19.5617 203.926
19.5617 203.926
19.5687 203.905
S4DE_LYNXHAWAII_2025H2_0

0
0 15000 3720 3780
0 0 0 1
19
19.5775 203.879
19.5793 203.874
19.5893 203.873
19.5934 203.875
19.5976 203.878
19.6017 203.88
19.6059 203.882
19.6065 203.895
19.6047 203.9
19.603 203.905
19.5953 203.914
19.587 203.909
19.5829 203.907
19.5788 203.905
19.5788 203.905
19.574 203.89
19.574 203.89
19.574 203.89
19.5775 203.879
S4DE_LYNXHAWAII_2025H2_1

0
15000 30000 3720 3780
0 0 0 1
31
19.5568 203.868
19.5603 203.858
19.5704 203.857
19.5845 203.858
19.5887 203.86
19.5928 203.863
19.597 203.865
19.6011 203.867
19.6177 203.876
19.6218 203.878
19.6218 203.878
19.6283 203.888
19.6283 203.888
19.6266 203.893
19.6248 203.898
19.6213 203.909
19.6178 203.919
19.616 203.925
19.6084 203.933
19.6025 203.936
19.5924 203.937
19.5883 203.935
19.5717 203.926
19.5717 203.926
19.5652 203.916
19.5587 203.906
19.5563 203.899
19.5515 203.884
19.5515 203.884
19.5533 203.879
19.5568 203.868
S4DE_LYNXHAWAII_2025H2_2

0
30000 45000 3720 3780
0 0 0 1
30
19.5391 203.877
19.5409 203.872
19.5409 203.872
19.5485 203.864
19.5586 203.863
19.5727 203.864
19.5769 203.866
19.5893 203.873
19.6059 203.882
19.6207 203.896
19.6272 203.906
19.6296 203.913
19.6296 203.913
19.6296 203.913
19.6278 203.919
19.6261 203.924
19.6225 203.934
19.6173 203.95
19.6155 203.955
19.6079 203.964
19.6079 203.964
19.5937 203.962
19.5854 203.958
19.573 203.951
19.5688 203.949
19.5688 203.949
19.5451 203.918
19.5362 203.9
19.5374 203.882
19.5391 203.877
S4DE_LYNXHAWAII_2025H2_3

0
45000 60000 3720 3780
0 0 0 1
29
19.5338 203.893
19.5356 203.888
19.5374 203.882
19.5374 203.882
19.545 203.874
19.5509 203.871
19.5509 203.871
19.5551 203.873
19.5675 203.88
19.5716 203.882
19.5882 203.891
19.5965 203.896
19.6006 203.898
19.6006 203.898
19.603 203.905
19.603 203.905
19.6012 203.911
19.5889 203.947
19.5872 203.953
19.5872 203.953
19.5872 203.953
19.5647 203.947
19.5564 203.942
19.544 203.936
19.5357 203.931
19.531 203.916
19.5286 203.909
19.5303 203.903
19.5338 203.893
S4DE_LYNXHAWAII_2025H6_1

0
15000 30000 3960 4020
0 0 0 1
25
19.2925 203.738
19.2978 203.722
19.2978 203.722
19.3037 203.719
19.3161 203.726
19.3285 203.733
19.3326 203.735
19.3368 203.737
19.3516 203.751
19.3516 203.751
19.354 203.759
19.3522 203.764
19.3504 203.769
19.3487 203.775
19.3487 203.775
19.3428 203.778
19.3245 203.774
19.3203 203.772
19.3038 203.763
19.2955 203.758
19.2914 203.756
19.2914 203.756
19.289 203.749
19.2907 203.743
19.2925 203.738
S4DE_LYNXHAWAII_2025H6_2

0
30000 45000 3960 4020
0 0 0 1
32
19.2866 203.741
19.2901 203.731
19.2919 203.725
19.2919 203.725
19.2978 203.722
19.3078 203.721
19.3078 203.721
19.3119 203.724
19.3161 203.726
19.3368 203.737
19.3451 203.742
19.3451 203.742
19.3681 203.76
19.3681 203.76
19.3688 203.773
19.3688 203.773
19.3653 203.783
19.3617 203.794
19.36 203.799
19.36 203.799
19.3523 203.807
19.3523 203.807
19.3381 203.806
19.334 203.804
19.305 203.788
19.2926 203.782
19.2885 203.779
19.2843 203.777
19.2819 203.77
19.2796 203.762
19.2813 203.757
19.2866 203.741
S4DE_LYNXHAWAII_2025H6_3

0
45000 60000 3960 4020
0 0 0 1
26
19.2784 203.78
19.2925 203.738
19.2984 203.735
19.3043 203.732
19.3043 203.732
19.3084 203.734
19.3167 203.739
19.3291 203.745
19.3374 203.75
19.3581 203.761
19.3622 203.763
19.3688 203.773
19.3712 203.78
19.3659 203.796
19.3606 203.812
19.3588 203.817
19.3512 203.825
19.3512 203.825
19.3429 203.821
19.3305 203.814
19.3181 203.808
19.3057 203.801
19.2891 203.792
19.285 203.79
19.2784 203.78
19.2784 203.78
S4DE_LYNXHAWAII_2025H7_0

0
0 15000 4020 4080
0 0 0 1
32
19.1449 203.522
19.1525 203.514
19.1661 203.503
19.1785 203.509
19.1909 203.516
19.3137 203.718
19.3137 203.718
19.3161 203.726
19.3161 203.726
19.3161 203.726
19.3143 203.731
19.3126 203.736
19.3108 203.742
19.3108 203.742
19.3049 203.745
19.3049 203.745
19.3008 203.743
19.2966 203.74
19.2925 203.738
19.2925 203.738
19.2611 203.715
19.2422 203.699
19.2422 203.699
19.2084 203.668
19.1682 203.628
19.1682 203.628
19.1617 203.618
19.1486 203.599
19.1462 203.591
19.1391 203.569
19.1396 203.538
19.1449 203.522
S4DE_LYNXHAWAII_2025H7_1

0
15000 30000 4020 4080
0 0 0 1
36
19.1319 203.546
19.1407 203.52
19.1407 203.52
19.1578 203.498
19.1637 203.495
19.1696 203.492
19.1796 203.491
19.1796 203.491
19.1838 203.493
19.192 203.498
19.1962 203.5
19.1962 203.5
19.2068 203.512
19.3279 203.72
19.3303 203.727
19.3303 203.727
19.3285 203.733
19.3267 203.738
19.3215 203.754
19.318 203.764
19.3121 203.767
19.3121 203.767
19.3079 203.765
19.3038 203.763
19.2996 203.761
19.2831 203.752
19.2559 203.731
19.2411 203.717
19.2008 203.676
19.1647 203.638
19.141 203.607
19.1314 203.577
19.1308 203.564
19.1319 203.546
19.1319 203.546
19.1319 203.546
S4DE_LYNXHAWAII_2025H7_2

0
30000 45000 4020 4080
0 0 0 1
32
19.1508 203.519
19.1508 203.519
19.1584 203.511
19.1643 203.508
19.1643 203.508
19.1643 203.508
19.1684 203.51
19.2057 203.53
19.2057 203.53
19.3344 203.73
19.3368 203.737
19.3392 203.745
19.3392 203.745
19.3357 203.755
19.3321 203.766
19.3269 203.781
19.3192 203.79
19.3133 203.793
19.305 203.788
19.2926 203.782
19.2885 203.779
19.2843 203.777
19.2506 203.746
19.2358 203.732
19.1635 203.656
19.1463 203.635
19.1463 203.635
19.1351 203.61
19.1327 203.602
19.1297 203.582
19.1314 203.577
19.1508 203.519
S4DE_LYNXHAWAII_2025H7_3

0
45000 60000 4020 4080
0 0 0 1
31
19.1989 203.638
19.2024 203.628
19.219 203.636
19.2355 203.645
19.2397 203.648
19.2438 203.65
19.2586 203.664
19.3309 203.74
19.3374 203.75
19.3422 203.765
19.3422 203.765
19.3404 203.77
19.3387 203.775
19.3351 203.786
19.3334 203.791
19.3316 203.796
19.324 203.805
19.3181 203.808
19.3139 203.805
19.3098 203.803
19.2932 203.794
19.2891 203.792
19.285 203.79
19.2701 203.776
19.2406 203.747
19.2044 203.709
19.1872 203.688
19.1849 203.68
19.1849 203.68
19.1884 203.67
19.1989 203.638
S4DE_LYNXHAWAII_2025H8_1

0
15000 30000 4080 4140
0 0 0 1
24
19.1566 203.516
19.1584 203.511
19.1602 203.506
19.1696 203.492
19.1696 203.492
19.1796 203.491
19.1838 203.493
19.192 203.498
19.2003 203.502
19.2045 203.505
19.2045 203.505
19.211 203.514
19.2057 203.53
19.204 203.535
19.2022 203.541
19.1987 203.551
19.1869 203.557
19.1768 203.558
19.1727 203.556
19.1561 203.547
19.1538 203.539
19.1538 203.539
19.1549 203.521
19.1566 203.516
S4DE_LYNXHAWAII_2025H8_2

0
30000 45000 4080 4140
0 0 0 1
25
19.1531 203.527
19.1584 203.511
19.1584 203.511
19.1643 203.508
19.1743 203.507
19.1785 203.509
19.195 203.518
19.2033 203.523
19.2075 203.525
19.2098 203.532
19.2098 203.532
19.2081 203.538
19.2046 203.548
19.2028 203.553
19.2011 203.559
19.1993 203.564
19.1975 203.569
19.1881 203.583
19.1799 203.578
19.1592 203.567
19.1509 203.563
19.1467 203.56
19.1443 203.553
19.1461 203.548
19.1531 203.527
S4DE_LYNXMIDLAND_2025H0_0

0
0 15000 64200 64260
0 0 0 1
31
31.963 257.876
31.9522 257.865
31.9307 257.845
31.9271 257.841
31.9235 257.838
31.9299 257.78
31.9299 257.78
31.9326 257.775
31.957 257.734
31.9597 257.73
31.9597 257.73
31.9705 257.74
31.9741 257.743
31.9776 257.747
31.9812 257.75
31.9705 257.74
32.0064 257.774
32.01 257.778
32.01 257.778
32.0109 257.786
32.0117 257.794
32.0099 257.806
32.0027 257.828
32.0027 257.828
31.9919 257.846
31.981 257.864
31.9783 257.869
31.9756 257.873
31.9756 257.873
31.9666 257.879
31.963 257.876
S4DE_LYNXMIDLAND_2025H1_0

0
0 15000 64260 64320
0 0 0 1
42
31.8639 257.967
31.8531 257.956
31.8495 257.953
31.8495 257.953
31.8487 257.945
31.8487 257.945
31.8532 257.928
31.8577 257.911
31.8577 257.911
31.8604 257.906
31.8685 257.893
31.874 257.883
31.8848 257.865
31.8875 257.861
31.8956 257.847
31.8983 257.842
31.8983 257.842
31.9154 257.823
31.9326 257.804
31.947 257.789
31.9587 257.779
31.9587 257.779
31.9874 257.806
31.9946 257.813
32.0018 257.82
32.0 257.832
31.9973 257.837
31.9919 257.846
31.9864 257.855
31.981 257.864
31.9729 257.878
31.9621 257.896
31.9594 257.901
31.9368 257.929
31.9224 257.944
31.9044 257.955
31.8954 257.961
31.8954 257.961
31.8891 257.962
31.8702 257.966
31.8639 257.967
31.8639 257.967
S4DE_LYNXMIDLAND_2025H1_1

0
15000 30000 64260 64320
0 0 0 1
29
31.8477 257.966
31.8441 257.962
31.8424 257.946
31.8415 257.938
31.8415 257.938
31.8469 257.929
31.8712 257.888
31.874 257.883
31.9488 257.805
31.9488 257.805
31.9523 257.808
31.9631 257.819
31.9811 257.836
31.9883 257.843
31.9883 257.843
31.9774 257.861
31.9585 257.893
31.9477 257.911
31.9233 257.952
31.9116 257.962
31.9116 257.962
31.8846 257.979
31.8756 257.985
31.8756 257.985
31.8657 257.983
31.8657 257.983
31.8657 257.983
31.8585 257.976
31.8477 257.966
S4DE_LYNXMIDLAND_2025H1_2

0
30000 45000 64260 64320
0 0 0 1
32
31.8684 257.978
31.8576 257.968
31.854 257.964
31.8504 257.961
31.8522 257.948
31.8523 257.948
31.8685 257.921
31.8712 257.917
31.8739 257.912
31.891 257.893
31.9082 257.873
31.9082 257.873
31.9153 257.88
31.9225 257.887
31.9297 257.894
31.9441 257.908
31.9441 257.908
31.9441 257.908
31.945 257.916
31.945 257.916
31.9341 257.934
31.926 257.947
31.9233 257.952
31.9152 257.966
31.9098 257.975
31.9044 257.984
31.9017 257.989
31.9016 257.989
31.8954 257.99
31.8828 257.992
31.8828 257.992
31.8684 257.978
S4DE_LYNXMIDLAND_2025H2_0

0
0 15000 64320 64380
0 0 0 1
19
31.8504 257.961
31.8468 257.958
31.8487 257.945
31.8514 257.94
31.8541 257.936
31.8568 257.931
31.8595 257.927
31.8694 257.929
31.873 257.932
31.8766 257.936
31.881 257.947
31.8756 257.956
31.8729 257.961
31.8702 257.966
31.8702 257.966
31.8576 257.968
31.8576 257.968
31.8576 257.968
31.8504 257.961
S4DE_LYNXMIDLAND_2025H2_1

0
15000 30000 64320 64380
0 0 0 1
31
31.8369 257.984
31.8297 257.977
31.8315 257.964
31.8361 257.947
31.8388 257.943
31.8415 257.938
31.8442 257.934
31.8469 257.929
31.8577 257.911
31.8604 257.906
31.8604 257.906
31.8694 257.901
31.8694 257.901
31.873 257.904
31.8766 257.907
31.8838 257.914
31.891 257.921
31.8946 257.925
31.899 257.936
31.8999 257.944
31.8981 257.957
31.8954 257.961
31.8846 257.979
31.8846 257.979
31.8756 257.985
31.8666 257.991
31.8603 257.992
31.8477 257.994
31.8477 257.994
31.8441 257.991
31.8369 257.984
S4DE_LYNXMIDLAND_2025H2_2

0
30000 45000 64320 64380
0 0 0 1
30
31.8396 258.008
31.836 258.004
31.836 258.004
31.8315 257.993
31.8333 257.98
31.8378 257.963
31.8405 257.959
31.8487 257.945
31.8595 257.927
31.8739 257.912
31.8829 257.906
31.8892 257.905
31.8892 257.905
31.8892 257.905
31.8928 257.909
31.8964 257.912
31.9036 257.919
31.9144 257.929
31.9179 257.933
31.9224 257.944
31.9224 257.944
31.9179 257.961
31.9125 257.97
31.9044 257.984
31.9017 257.989
31.9017 257.989
31.8719 258.01
31.8566 258.017
31.8431 258.011
31.8396 258.008
S4DE_LYNXMIDLAND_2025H2_3

0
45000 60000 64320 64380
0 0 0 1
29
31.8503 258.018
31.8467 258.015
31.8431 258.011
31.8431 258.011
31.8387 258.0
31.8378 257.992
31.8378 257.992
31.8405 257.987
31.8486 257.974
31.8513 257.969
31.8621 257.951
31.8676 257.942
31.8703 257.937
31.8703 257.937
31.8766 257.936
31.8766 257.936
31.8802 257.939
31.9053 257.963
31.9089 257.967
31.9089 257.967
31.9089 257.967
31.8989 257.993
31.8935 258.002
31.8854 258.016
31.88 258.025
31.8674 258.027
31.8611 258.028
31.8575 258.025
31.8503 258.018
S4DE_LYNXMIDLAND_2025H6_1

0
15000 30000 64560 64620
0 0 0 1
25
31.6736 258.278
31.6628 258.267
31.6628 258.267
31.6619 258.259
31.67 258.246
31.6781 258.232
31.6809 258.228
31.6836 258.223
31.698 258.208
31.698 258.208
31.7043 258.207
31.7079 258.211
31.7115 258.214
31.7151 258.217
31.7151 258.217
31.7159 258.225
31.7087 258.247
31.706 258.252
31.6952 258.27
31.6898 258.279
31.6871 258.284
31.6871 258.284
31.6808 258.285
31.6772 258.281
31.6736 258.278
S4DE_LYNXMIDLAND_2025H6_2

0
30000 45000 64560 64620
0 0 0 1
32
31.6745 258.286
31.6673 258.279
31.6637 258.275
31.6637 258.275
31.6628 258.267
31.6646 258.255
31.6646 258.255
31.6673 258.25
31.67 258.246
31.6836 258.223
31.689 258.214
31.689 258.214
31.7088 258.19
31.7088 258.19
31.7187 258.192
31.7187 258.192
31.7259 258.199
31.7331 258.206
31.7367 258.209
31.7367 258.209
31.7411 258.221
31.7411 258.221
31.7366 258.238
31.7339 258.243
31.715 258.274
31.7068 258.288
31.7041 258.293
31.7014 258.297
31.6951 258.298
31.6888 258.3
31.6852 258.296
31.6745 258.286
S4DE_LYNXMIDLAND_2025H6_3

0
45000 60000 64560 64620
0 0 0 1
26
31.7023 258.305
31.6736 258.278
31.6727 258.27
31.6718 258.262
31.6718 258.262
31.6745 258.257
31.6799 258.248
31.688 258.234
31.6934 258.225
31.707 258.203
31.7097 258.198
31.7187 258.192
31.725 258.191
31.7358 258.201
31.7465 258.212
31.7501 258.215
31.7546 258.227
31.7546 258.227
31.7492 258.236
31.7411 258.249
31.733 258.263
31.7248 258.277
31.714 258.295
31.7113 258.3
31.7023 258.305
31.7023 258.305
S4DE_LYNXMIDLAND_2025H7_0

0
0 15000 64620 64680
0 0 0 1
32
31.4728 258.407
31.4683 258.396
31.4629 258.376
31.471 258.363
31.4792 258.349
31.6637 258.247
31.6637 258.247
31.67 258.246
31.67 258.246
31.67 258.246
31.6736 258.249
31.6772 258.253
31.6808 258.256
31.6808 258.256
31.6817 258.264
31.6817 258.264
31.679 258.269
31.6763 258.273
31.6736 258.278
31.6736 258.278
31.6483 258.311
31.6312 258.33
31.6312 258.33
31.5997 258.364
31.5591 258.404
31.5591 258.404
31.5501 258.41
31.5321 258.421
31.5258 258.422
31.5069 258.426
31.4835 258.418
31.4728 258.407
S4DE_LYNXMIDLAND_2025H7_1

0
15000 30000 64620 64680
0 0 0 1
36
31.488 258.429
31.47 258.412
31.47 258.412
31.4575 258.386
31.4566 258.378
31.4557 258.37
31.4576 258.357
31.4576 258.357
31.4603 258.352
31.4657 258.343
31.4684 258.339
31.4684 258.339
31.4801 258.329
31.6683 258.23
31.6746 258.229
31.6746 258.229
31.6782 258.232
31.6817 258.236
31.6925 258.246
31.6997 258.253
31.7006 258.261
31.7006 258.261
31.6979 258.265
31.6952 258.27
31.6925 258.274
31.6816 258.293
31.6591 258.321
31.6447 258.336
31.6041 258.376
31.5663 258.411
31.5366 258.433
31.5114 258.437
31.5015 258.435
31.488 258.429
31.488 258.429
31.488 258.429
S4DE_LYNXMIDLAND_2025H7_2

0
30000 45000 64620 64680
0 0 0 1
32
31.4719 258.399
31.4719 258.399
31.4674 258.388
31.4665 258.38
31.4665 258.38
31.4665 258.38
31.4692 258.375
31.4936 258.334
31.4936 258.334
31.6773 258.224
31.6836 258.223
31.6899 258.222
31.6899 258.222
31.697 258.229
31.7042 258.236
31.715 258.246
31.7195 258.257
31.7204 258.265
31.715 258.274
31.7068 258.288
31.7041 258.293
31.7014 258.297
31.6699 258.331
31.6555 258.346
31.5798 258.417
31.5591 258.433
31.5591 258.433
31.5375 258.441
31.5312 258.442
31.515 258.441
31.5114 258.437
31.4719 258.399
S4DE_LYNXMIDLAND_2025H7_3

0
45000 60000 64620 64680
0 0 0 1
31
31.5745 258.369
31.5673 258.362
31.5781 258.344
31.5889 258.325
31.5916 258.321
31.5943 258.316
31.6088 258.302
31.6844 258.231
31.6935 258.225
31.706 258.223
31.7061 258.223
31.7096 258.227
31.7132 258.23
31.7204 258.237
31.724 258.24
31.7276 258.244
31.7321 258.255
31.733 258.263
31.7303 258.268
31.7275 258.272
31.7167 258.29
31.714 258.295
31.7113 258.3
31.6969 258.314
31.6681 258.344
31.6302 258.379
31.6095 258.395
31.6032 258.396
31.6032 258.396
31.596 258.389
31.5745 258.369
S4DE_LYNXMIDLAND_2025H8_1

0
15000 30000 64680 64740
0 0 0 1
24
31.471 258.391
31.4674 258.388
31.4638 258.384
31.4557 258.37
31.4557 258.37
31.4576 258.357
31.4603 258.352
31.4657 258.343
31.4711 258.334
31.4738 258.33
31.4738 258.33
31.4828 258.324
31.4936 258.334
31.4972 258.338
31.5008 258.341
31.5079 258.348
31.5097 258.364
31.5079 258.377
31.5052 258.381
31.4944 258.399
31.4881 258.401
31.4881 258.401
31.4746 258.395
31.471 258.391
S4DE_LYNXMIDLAND_2025H8_2

0
30000 45000 64680 64740
0 0 0 1
25
31.4782 258.398
31.4674 258.388
31.4674 258.388
31.4665 258.38
31.4683 258.367
31.471 258.363
31.4819 258.345
31.4873 258.335
31.49 258.331
31.4963 258.33
31.4963 258.33
31.4999 258.333
31.5071 258.34
31.5106 258.344
31.5142 258.347
31.5178 258.35
31.5214 258.354
31.5295 258.369
31.5241 258.378
31.5106 258.401
31.5051 258.41
31.5024 258.414
31.4961 258.415
31.4925 258.412
31.4782 258.398
S4DE_LYNXMOJAVE_2025H0_0

0
0 15000 66900 66960
0 0 0 1
31
35.1225 241.824
35.1142 241.838
35.0975 241.865
35.0948 241.869
35.092 241.874
35.0463 241.865
35.0463 241.865
35.0427 241.861
35.0108 241.829
35.0073 241.826
35.0073 241.826
35.0156 241.812
35.0183 241.808
35.0211 241.803
35.0239 241.799
35.0156 241.812
35.0433 241.767
35.046 241.763
35.046 241.763
35.0524 241.762
35.0587 241.761
35.0685 241.764
35.0855 241.773
35.0855 241.773
35.0996 241.787
35.1138 241.801
35.1174 241.805
35.1209 241.808
35.1209 241.808
35.1252 241.82
35.1225 241.824
S4DE_LYNXMOJAVE_2025H1_0

0
0 15000 66960 67020
0 0 0 1
42
35.1924 241.952
35.1841 241.965
35.1814 241.97
35.1814 241.97
35.1751 241.971
35.1751 241.971
35.1617 241.965
35.1483 241.958
35.1483 241.958
35.1447 241.955
35.1341 241.944
35.127 241.937
35.1128 241.923
35.1093 241.92
35.0986 241.909
35.0951 241.906
35.0951 241.906
35.0801 241.884
35.0652 241.862
35.0538 241.843
35.0459 241.828
35.0459 241.828
35.0681 241.792
35.0736 241.783
35.0792 241.774
35.089 241.777
35.0926 241.78
35.0996 241.787
35.1067 241.794
35.1138 241.801
35.1244 241.812
35.1386 241.826
35.1422 241.829
35.1642 241.858
35.1756 241.877
35.1843 241.9
35.1886 241.912
35.1886 241.912
35.1893 241.92
35.1917 241.944
35.1925 241.952
35.1924 241.952
S4DE_LYNXMOJAVE_2025H1_1

0
15000 30000 66960 67020
0 0 0 1
29
35.1912 241.972
35.1885 241.977
35.1758 241.979
35.1695 241.98
35.1695 241.98
35.1624 241.973
35.1305 241.941
35.127 241.937
35.0664 241.841
35.0664 241.841
35.0692 241.837
35.0775 241.823
35.0913 241.801
35.0969 241.792
35.0969 241.792
35.1111 241.806
35.1359 241.83
35.15 241.844
35.1819 241.876
35.1898 241.891
35.1898 241.891
35.2028 241.926
35.2071 241.937
35.2071 241.937
35.2051 241.95
35.2051 241.95
35.2051 241.95
35.1995 241.959
35.1912 241.972
S4DE_LYNXMOJAVE_2025H1_2

0
30000 45000 66960 67020
0 0 0 1
32
35.2015 241.946
35.1932 241.96
35.1905 241.964
35.1877 241.969
35.1778 241.966
35.1778 241.966
35.1566 241.945
35.153 241.941
35.1495 241.938
35.1345 241.916
35.1196 241.894
35.1196 241.894
35.1251 241.885
35.1306 241.876
35.1362 241.867
35.1473 241.849
35.1473 241.849
35.1473 241.849
35.1536 241.848
35.1536 241.848
35.1678 241.862
35.1784 241.872
35.1819 241.876
35.1926 241.887
35.1996 241.894
35.2067 241.901
35.2103 241.904
35.2103 241.904
35.2111 241.912
35.2126 241.928
35.2126 241.928
35.2015 241.946
S4DE_LYNXMOJAVE_2025H2_0

0
0 15000 67020 67080
0 0 0 1
19
35.1877 241.969
35.1849 241.973
35.1751 241.971
35.1715 241.967
35.168 241.964
35.1644 241.96
35.1609 241.957
35.1629 241.944
35.1656 241.939
35.1684 241.935
35.1775 241.93
35.1846 241.937
35.1881 241.94
35.1917 241.944
35.1917 241.944
35.1932 241.96
35.1932 241.96
35.1932 241.96
35.1877 241.969
S4DE_LYNXMOJAVE_2025H2_1

0
15000 30000 67020 67080
0 0 0 1
31
35.2054 241.986
35.1999 241.995
35.19 241.993
35.1766 241.987
35.1731 241.983
35.1695 241.98
35.166 241.976
35.1624 241.973
35.1483 241.958
35.1447 241.955
35.1447 241.955
35.1404 241.943
35.1404 241.943
35.1432 241.939
35.1459 241.934
35.1515 241.925
35.157 241.916
35.1598 241.912
35.1689 241.906
35.1752 241.905
35.185 241.908
35.1886 241.912
35.2027 241.926
35.2027 241.926
35.2071 241.937
35.2114 241.949
35.2122 241.957
35.2137 241.973
35.2137 241.973
35.2109 241.977
35.2054 241.986
S4DE_LYNXMOJAVE_2025H2_2

0
30000 45000 67020 67080
0 0 0 1
30
35.2243 241.983
35.2216 241.988
35.2216 241.988
35.2125 241.993
35.2026 241.991
35.1892 241.985
35.1857 241.981
35.1751 241.971
35.1609 241.957
35.1495 241.938
35.1452 241.926
35.1444 241.918
35.1444 241.918
35.1444 241.918
35.1471 241.914
35.1499 241.909
35.1555 241.9
35.1638 241.887
35.1665 241.882
35.1756 241.877
35.1756 241.877
35.189 241.883
35.1961 241.89
35.2067 241.901
35.2103 241.904
35.2103 241.904
35.2268 241.942
35.2319 241.962
35.2271 241.979
35.2243 241.983
S4DE_LYNXMOJAVE_2025H2_3

0
45000 60000 67020 67080
0 0 0 1
29
35.2327 241.97
35.2299 241.974
35.2271 241.979
35.2271 241.979
35.218 241.984
35.2117 241.985
35.2117 241.985
35.2082 241.982
35.1975 241.971
35.194 241.968
35.1798 241.954
35.1727 241.947
35.1692 241.943
35.1692 241.943
35.1684 241.935
35.1684 241.935
35.1712 241.931
35.1906 241.899
35.1933 241.895
35.1933 241.895
35.1933 241.895
35.2138 241.908
35.2209 241.915
35.2315 241.925
35.2386 241.932
35.2402 241.948
35.241 241.956
35.2382 241.961
35.2327 241.97
S4DE_LYNXMOJAVE_2025H6_1

0
15000 30000 67260 67320
0 0 0 1
25
35.4342 242.199
35.4259 242.212
35.4259 242.212
35.4196 242.213
35.409 242.202
35.3983 242.192
35.3948 242.188
35.3912 242.185
35.3798 242.166
35.3798 242.166
35.3791 242.158
35.3818 242.154
35.3846 242.149
35.3874 242.145
35.3874 242.145
35.3937 242.144
35.4106 242.153
35.4142 242.157
35.4283 242.171
35.4354 242.178
35.439 242.182
35.439 242.182
35.4397 242.19
35.437 242.194
35.4342 242.199
S4DE_LYNXMOJAVE_2025H6_2

0
30000 45000 67260 67320
0 0 0 1
32
35.4405 242.198
35.435 242.207
35.4322 242.211
35.4322 242.211
35.4259 242.212
35.4161 242.209
35.416 242.209
35.4125 242.206
35.409 242.202
35.3912 242.185
35.3842 242.178
35.3841 242.178
35.3657 242.152
35.3657 242.152
35.3676 242.14
35.3676 242.14
35.3732 242.131
35.3787 242.122
35.3815 242.117
35.3815 242.117
35.3906 242.112
35.3906 242.112
35.404 242.118
35.4075 242.121
35.4323 242.146
35.443 242.157
35.4465 242.16
35.45 242.164
35.4508 242.172
35.4516 242.18
35.4488 242.184
35.4405 242.198
S4DE_LYNXMOJAVE_2025H6_3

0
45000 60000 67260 67320
0 0 0 1
26
35.4564 242.163
35.4342 242.199
35.4279 242.2
35.4216 242.2
35.4216 242.2
35.418 242.197
35.411 242.19
35.4003 242.179
35.3932 242.172
35.3755 242.155
35.372 242.151
35.3676 242.14
35.3669 242.132
35.3752 242.118
35.3835 242.105
35.3863 242.1
35.3953 242.095
35.3953 242.095
35.4024 242.102
35.4131 242.112
35.4237 242.123
35.4343 242.133
35.4485 242.148
35.452 242.151
35.4564 242.163
35.4564 242.163
S4DE_LYNXMOJAVE_2025H7_0

0
0 15000 67320 67380
0 0 0 1
32
35.5328 242.456
35.5237 242.461
35.5083 242.468
35.4977 242.457
35.487 242.446
35.4097 242.21
35.4097 242.21
35.409 242.202
35.409 242.202
35.409 242.202
35.4117 242.198
35.4145 242.193
35.4173 242.189
35.4173 242.189
35.4236 242.188
35.4236 242.188
35.4271 242.191
35.4307 242.195
35.4342 242.199
35.4342 242.199
35.4598 242.231
35.4747 242.253
35.4747 242.253
35.5011 242.294
35.5318 242.346
35.5318 242.346
35.5361 242.357
35.5447 242.381
35.5455 242.389
35.5478 242.413
35.5411 242.442
35.5328 242.456
S4DE_LYNXMOJAVE_2025H7_1

0
15000 30000 67320 67380
0 0 0 1
36
35.5502 242.437
35.5363 242.459
35.5363 242.459
35.5154 242.475
35.5091 242.476
35.5028 242.477
35.4929 242.474
35.4929 242.474
35.4894 242.47
35.4823 242.463
35.4787 242.46
35.4787 242.46
35.4709 242.445
35.3963 242.204
35.3956 242.196
35.3956 242.196
35.3983 242.192
35.4011 242.187
35.4094 242.174
35.4149 242.165
35.4213 242.164
35.4213 242.164
35.4248 242.167
35.4283 242.171
35.4319 242.174
35.4461 242.189
35.4681 242.218
35.4795 242.236
35.5102 242.288
35.5373 242.337
35.5538 242.375
35.5569 242.407
35.5549 242.42
35.5502 242.437
35.5502 242.437
35.5502 242.437
S4DE_LYNXMOJAVE_2025H7_2

0
30000 45000 67320 67380
0 0 0 1
32
35.5265 242.457
35.5265 242.457
35.5174 242.462
35.5111 242.463
35.5111 242.463
35.5111 242.463
35.5075 242.46
35.4756 242.428
35.4756 242.428
35.392 242.193
35.3912 242.185
35.3905 242.177
35.3905 242.177
35.396 242.168
35.4015 242.159
35.4098 242.145
35.4189 242.14
35.4252 242.139
35.4323 242.146
35.443 242.157
35.4465 242.16
35.45 242.164
35.4764 242.204
35.4878 242.223
35.5421 242.32
35.5543 242.347
35.5543 242.347
35.5601 242.374
35.5609 242.382
35.5597 242.403
35.5569 242.407
35.5265 242.457
S4DE_LYNXMOJAVE_2025H7_3

0
45000 60000 67320 67380
0 0 0 1
31
35.5042 242.326
35.4987 242.335
35.4845 242.321
35.4703 242.307
35.4668 242.303
35.4632 242.3
35.4518 242.281
35.3975 242.184
35.3932 242.172
35.3917 242.156
35.3917 242.156
35.3945 242.152
35.3972 242.147
35.4028 242.138
35.4055 242.134
35.4083 242.129
35.4174 242.124
35.4237 242.123
35.4272 242.126
35.4308 242.13
35.445 242.144
35.4485 242.148
35.452 242.151
35.4635 242.17
35.4863 242.207
35.5134 242.255
35.5256 242.282
35.5264 242.29
35.5264 242.29
35.5208 242.299
35.5042 242.326
S4DE_LYNXMOJAVE_2025H8_1

0
15000 30000 67380 67440
0 0 0 1
24
35.5201 242.458
35.5174 242.462
35.5146 242.467
35.5028 242.477
35.5028 242.477
35.4929 242.474
35.4894 242.47
35.4823 242.463
35.4752 242.456
35.4716 242.453
35.4716 242.453
35.4673 242.441
35.4756 242.428
35.4784 242.423
35.4812 242.419
35.4867 242.41
35.4993 242.408
35.5092 242.41
35.5127 242.414
35.5269 242.428
35.5277 242.436
35.5277 242.436
35.5229 242.453
35.5201 242.458
S4DE_LYNXMOJAVE_2025H8_2

0
30000 45000 67380 67440
0 0 0 1
25
35.5257 242.449
35.5174 242.462
35.5174 242.462
35.5111 242.463
35.5012 242.461
35.4977 242.457
35.4835 242.443
35.4764 242.436
35.4729 242.432
35.4721 242.424
35.4721 242.424
35.4748 242.42
35.4804 242.411
35.4832 242.406
35.4859 242.402
35.4887 242.397
35.4915 242.393
35.5033 242.383
35.5104 242.39
35.5281 242.408
35.5352 242.415
35.5388 242.418
35.5395 242.426
35.5368 242.431
35.5257 242.449
S4DE_LYNXOK_2025H0_0

0
0 15000 8400 8460
0 0 0 1
31
35.3381 260.709
35.3468 260.722
35.3641 260.748
35.367 260.752
35.3699 260.757
35.3533 260.812
35.3533 260.812
35.3499 260.815
35.3189 260.848
35.3154 260.852
35.3154 260.852
35.3068 260.839
35.3039 260.835
35.301 260.83
35.2981 260.826
35.3068 260.839
35.2779 260.795
35.275 260.791
35.275 260.791
35.2755 260.783
35.2761 260.775
35.2801 260.763
35.291 260.744
35.291 260.744
35.3048 260.729
35.3185 260.715
35.322 260.711
35.3254 260.707
35.3254 260.707
35.3352 260.704
35.3381 260.709
S4DE_LYNXOK_2025H1_0

0
0 15000 8460 8520
0 0 0 1
42
35.4508 260.648
35.4595 260.661
35.4624 260.666
35.4624 260.666
35.4618 260.674
35.4618 260.674
35.4544 260.689
35.4469 260.705
35.4469 260.705
35.4435 260.708
35.4331 260.719
35.4262 260.727
35.4125 260.741
35.409 260.745
35.3987 260.756
35.3952 260.76
35.3952 260.76
35.3751 260.774
35.355 260.788
35.3383 260.798
35.3251 260.805
35.3251 260.805
35.302 260.77
35.2962 260.761
35.2904 260.752
35.2944 260.74
35.2979 260.737
35.3048 260.729
35.3116 260.722
35.3185 260.715
35.3289 260.704
35.3426 260.689
35.3461 260.685
35.3731 260.664
35.3898 260.654
35.4093 260.648
35.4191 260.645
35.4191 260.645
35.4255 260.646
35.4445 260.648
35.4508 260.648
35.4508 260.648
S4DE_LYNXOK_2025H1_1

0
15000 30000 8460 8520
0 0 0 1
29
35.4664 260.654
35.4693 260.659
35.4681 260.675
35.4676 260.683
35.4676 260.683
35.4607 260.69
35.4297 260.723
35.4262 260.727
35.3394 260.782
35.3394 260.782
35.3365 260.777
35.3279 260.764
35.3134 260.742
35.3076 260.734
35.3076 260.734
35.3214 260.719
35.3455 260.693
35.3593 260.679
35.3903 260.646
35.4036 260.639
35.4036 260.639
35.4329 260.63
35.4427 260.627
35.4427 260.627
35.4519 260.632
35.4519 260.632
35.4519 260.632
35.4577 260.641
35.4664 260.654
S4DE_LYNXOK_2025H1_2

0
30000 45000 8460 8520
0 0 0 1
32
35.4485 260.636
35.4571 260.649
35.46 260.653
35.4629 260.658
35.4589 260.67
35.4589 260.67
35.4382 260.692
35.4348 260.695
35.4314 260.699
35.4112 260.713
35.3911 260.727
35.3911 260.727
35.3853 260.718
35.3796 260.709
35.3738 260.701
35.3622 260.683
35.3622 260.683
35.3622 260.683
35.3628 260.675
35.3628 260.675
35.3765 260.66
35.3869 260.649
35.3903 260.646
35.4007 260.635
35.4075 260.627
35.4144 260.62
35.4179 260.616
35.4179 260.616
35.4242 260.617
35.4369 260.618
35.4369 260.618
35.4485 260.636
S4DE_LYNXOK_2025H2_0

0
0 15000 8520 8580
0 0 0 1
19
35.4629 260.658
35.4658 260.662
35.4618 260.674
35.4584 260.678
35.4549 260.681
35.4515 260.685
35.448 260.689
35.4388 260.683
35.4359 260.679
35.433 260.675
35.4307 260.662
35.4376 260.655
35.441 260.651
35.4445 260.648
35.4445 260.648
35.4571 260.649
35.4571 260.649
35.4571 260.649
35.4629 260.658
S4DE_LYNXOK_2025H2_1

0
15000 30000 8520 8580
0 0 0 1
31
35.4801 260.639
35.4859 260.648
35.4819 260.66
35.4745 260.675
35.471 260.679
35.4676 260.683
35.4641 260.686
35.4607 260.69
35.4469 260.705
35.4435 260.708
35.4435 260.708
35.4337 260.711
35.4337 260.711
35.4308 260.707
35.4279 260.703
35.4221 260.694
35.4163 260.685
35.4135 260.681
35.4111 260.668
35.4117 260.66
35.4157 260.649
35.4191 260.645
35.4329 260.63
35.4329 260.63
35.4427 260.627
35.4525 260.624
35.4588 260.625
35.4715 260.626
35.4715 260.626
35.4744 260.631
35.4801 260.639
S4DE_LYNXOK_2025H2_2

0
30000 45000 8520 8580
0 0 0 1
30
35.4818 260.615
35.4847 260.62
35.4847 260.62
35.487 260.632
35.483 260.644
35.4756 260.659
35.4721 260.663
35.4618 260.674
35.448 260.689
35.4314 260.699
35.4216 260.702
35.4152 260.701
35.4152 260.701
35.4152 260.701
35.4123 260.697
35.4095 260.692
35.4037 260.684
35.395 260.671
35.3921 260.666
35.3898 260.654
35.3898 260.654
35.3972 260.638
35.4041 260.631
35.4144 260.62
35.4179 260.616
35.4179 260.616
35.4507 260.604
35.4668 260.602
35.4789 260.611
35.4818 260.615
S4DE_LYNXOK_2025H2_3

0
45000 60000 8520 8580
0 0 0 1
29
35.4731 260.602
35.476 260.607
35.4789 260.611
35.4789 260.611
35.4813 260.623
35.4807 260.631
35.4807 260.631
35.4772 260.635
35.4669 260.646
35.4635 260.65
35.4497 260.664
35.4428 260.672
35.4394 260.675
35.4394 260.675
35.433 260.675
35.433 260.675
35.4301 260.67
35.4099 260.64
35.407 260.635
35.407 260.635
35.407 260.635
35.4213 260.613
35.4282 260.605
35.4386 260.594
35.4454 260.587
35.4581 260.588
35.4645 260.589
35.4674 260.593
35.4731 260.602
S4DE_LYNXOK_2025H6_1

0
15000 30000 8760 8820
0 0 0 1
25
35.6914 260.4
35.7001 260.413
35.7001 260.413
35.6995 260.421
35.6892 260.432
35.6788 260.443
35.6754 260.446
35.672 260.45
35.6553 260.46
35.6553 260.46
35.649 260.46
35.6461 260.455
35.6432 260.451
35.6403 260.447
35.6403 260.447
35.6408 260.439
35.6517 260.42
35.6552 260.416
35.6689 260.401
35.6758 260.394
35.6793 260.39
35.6793 260.39
35.6856 260.391
35.6885 260.395
35.6914 260.4
S4DE_LYNXOK_2025H6_2

0
30000 45000 8760 8820
0 0 0 1
32
35.692 260.392
35.6977 260.4
35.7006 260.405
35.7006 260.405
35.7001 260.413
35.6961 260.424
35.6961 260.424
35.6926 260.428
35.6892 260.432
35.672 260.45
35.6651 260.457
35.6651 260.457
35.6415 260.475
35.6415 260.475
35.6323 260.47
35.6323 260.47
35.6265 260.461
35.6207 260.453
35.6178 260.448
35.6178 260.448
35.6155 260.436
35.6155 260.436
35.6229 260.42
35.6264 260.417
35.6505 260.391
35.6608 260.38
35.6643 260.376
35.6677 260.373
35.6741 260.373
35.6804 260.374
35.6833 260.378
35.692 260.392
S4DE_LYNXOK_2025H6_3

0
45000 60000 8760 8820
0 0 0 1
26
35.6683 260.365
35.6914 260.4
35.6909 260.408
35.6903 260.416
35.6903 260.416
35.6868 260.419
35.68 260.427
35.6696 260.438
35.6627 260.445
35.6455 260.463
35.6421 260.467
35.6323 260.47
35.6259 260.469
35.6173 260.456
35.6086 260.443
35.6057 260.439
35.6034 260.426
35.6034 260.426
35.6103 260.419
35.6206 260.408
35.6309 260.397
35.6413 260.386
35.655 260.371
35.6585 260.368
35.6683 260.365
35.6683 260.365
S4DE_LYNXOK_2025H7_0

0
0 15000 8820 8880
0 0 0 1
32
35.91 260.331
35.9124 260.343
35.9142 260.364
35.9038 260.375
35.8935 260.386
35.6955 260.432
35.6955 260.432
35.6892 260.432
35.6892 260.432
35.6892 260.432
35.6863 260.427
35.6834 260.423
35.6805 260.419
35.6805 260.419
35.6811 260.411
35.6811 260.411
35.6845 260.407
35.688 260.403
35.6914 260.4
35.6914 260.4
35.7219 260.375
35.742 260.361
35.742 260.361
35.7788 260.336
35.8253 260.309
35.8253 260.309
35.8351 260.306
35.8547 260.3
35.861 260.301
35.88 260.303
35.9014 260.318
35.91 260.331
S4DE_LYNXOK_2025H7_1

0
15000 30000 8820 8880
0 0 0 1
36
35.899 260.305
35.9135 260.327
35.9135 260.327
35.921 260.356
35.9205 260.364
35.9199 260.372
35.9159 260.384
35.9159 260.384
35.9125 260.388
35.9056 260.395
35.9022 260.399
35.9022 260.399
35.8889 260.405
35.6881 260.448
35.6817 260.447
35.6817 260.447
35.6788 260.443
35.676 260.438
35.6673 260.425
35.6615 260.417
35.6621 260.409
35.6621 260.408
35.6655 260.405
35.6689 260.401
35.6724 260.397
35.6862 260.383
35.7132 260.362
35.7299 260.351
35.7764 260.324
35.8195 260.3
35.8523 260.288
35.8777 260.291
35.8869 260.296
35.899 260.305
35.899 260.305
35.899 260.305
S4DE_LYNXOK_2025H7_2

0
30000 45000 8820 8880
0 0 0 1
32
35.9095 260.339
35.9095 260.339
35.9118 260.351
35.9113 260.359
35.9113 260.359
35.9113 260.359
35.9078 260.363
35.8768 260.396
35.8768 260.396
35.6783 260.451
35.672 260.45
35.6656 260.449
35.6656 260.449
35.6598 260.441
35.6541 260.432
35.6454 260.419
35.643 260.406
35.6436 260.398
35.6505 260.391
35.6608 260.38
35.6643 260.376
35.6677 260.373
35.7045 260.348
35.7212 260.338
35.8074 260.291
35.8304 260.281
35.8304 260.281
35.8529 260.28
35.8592 260.28
35.8748 260.286
35.8777 260.291
35.9095 260.339
S4DE_LYNXOK_2025H7_3

0
45000 60000 8820 8880
0 0 0 1
31
35.8041 260.339
35.8099 260.348
35.7961 260.363
35.7823 260.377
35.7789 260.381
35.7754 260.385
35.7588 260.395
35.6725 260.442
35.6627 260.445
35.6501 260.444
35.6501 260.444
35.6472 260.439
35.6443 260.435
35.6385 260.426
35.6356 260.422
35.6327 260.417
35.6304 260.405
35.6309 260.397
35.6344 260.393
35.6378 260.39
35.6516 260.375
35.655 260.371
35.6585 260.368
35.6752 260.357
35.7085 260.337
35.7516 260.313
35.7746 260.304
35.781 260.304
35.781 260.304
35.7868 260.313
35.8041 260.339
S4DE_LYNXOK_2025H8_1

0
15000 30000 8880 8940
0 0 0 1
24
35.9089 260.347
35.9118 260.351
35.9147 260.356
35.9199 260.372
35.9199 260.372
35.9159 260.384
35.9125 260.388
35.9056 260.395
35.8987 260.402
35.8953 260.406
35.8953 260.406
35.8855 260.409
35.8768 260.396
35.8739 260.392
35.871 260.387
35.8652 260.378
35.8663 260.362
35.8703 260.351
35.8738 260.347
35.8876 260.332
35.8939 260.333
35.8939 260.333
35.906 260.342
35.9089 260.347
S4DE_LYNXOK_2025H8_2

0
30000 45000 8880 8940
0 0 0 1
25
35.9031 260.338
35.9118 260.351
35.9118 260.351
35.9113 260.359
35.9073 260.371
35.9038 260.375
35.89 260.389
35.8831 260.397
35.8797 260.4
35.8734 260.4
35.8734 260.4
35.8705 260.395
35.8647 260.386
35.8618 260.382
35.8589 260.378
35.856 260.373
35.8531 260.369
35.8479 260.352
35.8548 260.345
35.872 260.326
35.8789 260.319
35.8824 260.315
35.8887 260.316
35.8916 260.321
35.9031 260.338
S4DE_MINOTAURKODIAK_2025H0_0

0
0 15000 39600 39660
0 0 0 1
24
57.4452 207.705
57.4407 207.706
57.4357 207.701
57.4294 207.685
57.4294 207.685
57.4263 207.656
57.4251 207.645
57.4271 207.622
57.4271 207.622
57.4399 207.614
57.4577 207.611
57.4666 207.609
57.4711 207.608
57.4851 207.612
57.4907 207.622
57.4907 207.622
57.4914 207.628
57.4956 207.667
57.4962 207.673
57.4968 207.679
57.4936 207.691
57.4936 207.691
57.4853 207.698
57.4452 207.705
S4DE_MINOTAURKODIAK_2025H0_1

0
15000 30000 39600 39660
0 0 0 1
24
57.4707 207.689
57.4529 207.692
57.444 207.694
57.4395 207.694
57.4389 207.689
57.4371 207.672
57.4359 207.66
57.4328 207.632
57.4322 207.626
57.4322 207.626
57.4367 207.626
57.4456 207.624
57.4589 207.622
57.4768 207.619
57.4812 207.618
57.4812 207.618
57.4824 207.629
57.4867 207.669
57.4873 207.675
57.4879 207.68
57.4841 207.687
57.4841 207.687
57.4796 207.687
57.4707 207.689
S4DE_MINOTAURKODIAK_2025H1_0

0
0 15000 39660 39720
0 0 0 1
25
57.444 207.694
57.4395 207.694
57.4395 207.694
57.4345 207.689
57.4302 207.65
57.4296 207.644
57.4328 207.632
57.4417 207.631
57.4595 207.627
57.464 207.627
57.4685 207.626
57.4735 207.631
57.4735 207.631
57.4741 207.636
57.476 207.653
57.4772 207.665
57.4778 207.67
57.4784 207.676
57.479 207.682
57.479 207.682
57.4707 207.689
57.4707 207.689
57.4663 207.69
57.4618 207.69
57.444 207.694
S4DE_MINOTAURKODIAK_2025H1_1

0
15000 30000 39660 39720
0 0 0 1
28
57.3503 207.877
57.3458 207.878
57.3414 207.878
57.3414 207.878
57.3402 207.867
57.3822 207.71
57.3964 207.673
57.4002 207.667
57.4041 207.66
57.4041 207.66
57.4162 207.647
57.4328 207.632
57.4373 207.631
57.4506 207.629
57.4685 207.626
57.4729 207.625
57.4774 207.624
57.4774 207.624
57.4774 207.624
57.478 207.63
57.4823 207.67
57.4841 207.687
57.4462 207.757
57.4386 207.769
57.4347 207.776
57.395 207.829
57.3503 207.877
57.3503 207.877
S4DE_MINOTAURKODIAK_2025H1_2

0
30000 45000 39660 39720
0 0 0 1
33
57.2663 208.024
57.2618 208.025
57.2606 208.013
57.26 208.008
57.2588 207.997
57.262 207.984
57.3231 207.836
57.3739 207.717
57.3848 207.692
57.3958 207.667
57.4041 207.66
57.4124 207.653
57.4251 207.645
57.4296 207.644
57.4608 207.639
57.4658 207.644
57.4715 207.654
57.4727 207.666
57.4733 207.671
57.474 207.677
57.474 207.677
57.4725 207.706
57.4725 207.706
57.4552 207.755
57.4481 207.774
57.441 207.792
57.441 207.792
57.4256 207.818
57.4218 207.824
57.3513 207.929
57.2874 208.009
57.2791 208.016
57.2663 208.024
S4DE_MINOTAURKODIAK_2025H1_3

0
45000 60000 39660 39720
0 0 0 1
41
57.2465 208.05
57.2376 208.052
57.2369 208.046
57.2363 208.041
57.2363 208.041
57.2487 207.987
57.2519 207.975
57.2814 207.912
57.3899 207.697
57.4014 207.678
57.4091 207.665
57.4091 207.665
57.4091 207.665
57.4136 207.664
57.418 207.664
57.4359 207.66
57.4492 207.658
57.4537 207.657
57.4581 207.657
57.4581 207.657
57.4588 207.662
57.4594 207.668
57.4606 207.679
57.4606 207.679
57.4636 207.707
57.4649 207.719
57.4649 207.719
57.4616 207.731
57.4371 207.798
57.4224 207.83
57.4038 207.868
57.3961 207.88
57.3922 207.887
57.3416 207.965
57.3013 208.012
57.293 208.019
57.2847 208.027
57.2637 208.042
57.2509 208.05
57.2509 208.05
57.2465 208.05
S4DE_MINOTAURKODIAK_2025H2_2

0
30000 45000 39720 39780
0 0 0 1
20
57.2663 208.024
57.2618 208.025
57.2612 208.019
57.26 208.008
57.2594 208.002
57.2588 207.996
57.262 207.984
57.2659 207.978
57.2736 207.965
57.2825 207.964
57.2869 207.963
57.2958 207.961
57.2958 207.961
57.2983 207.984
57.2989 207.99
57.2951 207.996
57.2912 208.002
57.2874 208.009
57.2791 208.016
57.2663 208.024
S4DE_MINOTAURKODIAK_2025H2_3

0
45000 60000 39720 39780
0 0 0 1
31
57.1548 208.21
57.1548 208.21
57.1542 208.205
57.1574 208.193
57.2076 208.069
57.2185 208.044
57.2814 207.912
57.2891 207.899
57.3013 207.885
57.3179 207.871
57.3179 207.871
57.3223 207.87
57.3357 207.868
57.3446 207.866
57.3491 207.866
57.3535 207.865
57.3586 207.87
57.3637 207.875
57.3637 207.875
57.3655 207.892
57.3655 207.892
57.3673 207.909
57.3679 207.914
57.3679 207.914
57.3647 207.926
57.3186 208.003
57.3147 208.01
57.3109 208.016
57.1637 208.209
57.1592 208.21
57.1548 208.21
S4DE_PEGASUSVAFB_2025H0_0

0
0 15000 54000 54060
0 0 0 1
33
35.8304 237.119
35.8001 237.108
35.7958 237.106
35.7915 237.105
35.6686 237.007
35.5933 236.926
35.5754 236.902
35.5662 236.88
35.5643 236.868
35.5656 236.862
35.5693 236.846
35.5705 236.84
35.5718 236.835
35.573 236.829
35.5854 236.816
35.6101 236.789
35.6101 236.789
35.62 236.787
35.6879 236.776
35.7207 236.776
35.8448 236.786
35.8492 236.787
35.8665 236.794
35.8881 236.802
35.8881 236.802
35.8998 236.853
35.8978 237.049
35.8953 237.06
35.8928 237.07
35.8891 237.087
35.8879 237.092
35.8347 237.121
35.8304 237.119
S4DE_PEGASUSVAFB_2025H0_1

0
15000 30000 54000 54060
0 0 0 1
35
35.8217 237.116
35.8217 237.116
35.7884 237.098
35.7637 237.083
35.6686 237.007
35.6452 236.986
35.5279 236.843
35.5279 236.843
35.5248 236.836
35.5248 236.836
35.526 236.83
35.5285 236.819
35.5285 236.819
35.6441 236.784
35.654 236.782
35.6935 236.772
35.7034 236.77
35.8133 236.78
35.8448 236.786
35.8492 236.787
35.8837 236.8
35.8924 236.803
35.8924 236.803
35.9041 236.855
35.9015 237.032
35.9015 237.032
35.9003 237.038
35.8941 237.065
35.8928 237.07
35.8835 237.091
35.8835 237.091
35.8712 237.104
35.8656 237.108
35.839 237.122
35.8217 237.116
S4DE_PEGASUSVAFB_2025H0_2

0
30000 45000 54000 54060
0 0 0 1
40
35.7946 237.029
35.7903 237.027
35.6884 236.96
35.6884 236.96
35.589 236.883
35.5699 236.864
35.5551 236.847
35.5415 236.824
35.5415 236.824
35.5427 236.818
35.544 236.813
35.5681 236.81
35.6576 236.807
35.6762 236.808
35.6762 236.808
35.7219 236.812
35.762 236.821
35.8065 236.831
35.8108 236.833
35.8195 236.836
35.8324 236.841
35.8497 236.847
35.8701 236.86
35.8818 236.871
35.8954 236.893
35.8954 236.893
35.8985 236.9
35.9047 236.914
35.9047 236.914
35.8966 236.971
35.8954 236.976
35.8916 236.993
35.8916 236.993
35.878 237.012
35.8545 237.033
35.8545 237.033
35.8403 237.034
35.8033 237.032
35.8033 237.032
35.7946 237.029
S4DE_PEGASUSVAFB_2025H0_3

0
45000 60000 54000 54060
0 0 0 1
28
35.723 236.932
35.6884 236.919
35.6378 236.895
35.6174 236.881
35.5489 236.833
35.5489 236.833
35.5458 236.825
35.5471 236.82
35.5483 236.814
35.5495 236.809
35.5495 236.809
35.5551 236.805
35.5551 236.805
35.6508 236.816
35.6996 236.828
35.7385 236.842
35.7774 236.856
35.7861 236.859
35.8034 236.866
35.8713 236.896
35.8787 236.905
35.8787 236.905
35.8762 236.916
35.8651 236.965
35.7922 236.957
35.7879 236.955
35.7792 236.952
35.723 236.932
S4DE_PEGASUSVAFB_2025H1_2

0
30000 45000 54060 54120
0 0 0 1
26
30.8314 234.872
30.8227 234.869
30.8184 234.868
29.8131 234.348
29.4339 234.121
29.4309 234.113
29.4309 234.113
29.4321 234.108
29.4346 234.097
29.4346 234.097
29.4401 234.093
29.4488 234.096
29.8311 234.247
30.9012 234.749
31.1075 234.872
31.147 234.904
31.1624 234.94
31.1605 234.969
31.1593 234.974
31.1581 234.979
31.1568 234.985
31.1513 234.989
31.1513 234.989
31.1469 234.987
31.0172 234.94
30.8314 234.872
S4DE_PEGASUSVAFB_2025H1_3

0
45000 60000 54060 54120
0 0 0 1
35
31.1191 235.007
30.9592 234.949
30.9548 234.947
30.1255 234.538
29.8211 234.374
29.429 234.142
29.4086 234.129
29.3808 234.107
29.3808 234.107
29.3672 234.084
29.3605 234.052
29.363 234.041
29.3685 234.037
29.3741 234.033
29.3784 234.035
29.4778 234.071
29.4822 234.073
29.4865 234.074
29.4908 234.076
29.4951 234.078
29.8805 234.236
30.8327 234.701
30.9877 234.781
31.1921 234.891
31.4965 235.097
31.5082 235.107
31.5156 235.116
31.5156 235.116
31.5144 235.121
31.5132 235.126
31.5132 235.126
31.4817 235.121
31.1278 235.01
31.1234 235.008
31.1191 235.007
S4DE_SS2ELLFIELD_2025H0_0

0
0 15000 69600 69660
0 0 0 1
23
29.3402 265.216
29.3366 265.213
29.3329 265.209
29.3319 265.202
29.3336 265.189
29.3362 265.184
29.3468 265.166
29.3495 265.161
29.3495 265.161
29.3495 265.161
29.3683 265.157
29.3683 265.157
29.3719 265.161
29.3829 265.171
29.3865 265.174
29.3875 265.182
29.3885 265.19
29.3885 265.19
29.3779 265.209
29.3647 265.232
29.3548 265.23
29.3511 265.226
29.3402 265.216
S4DE_SS2ELLFIELD_2025H0_1

0
15000 30000 69600 69660
0 0 0 1
28
29.3422 265.232
29.324 265.215
29.323 265.207
29.322 265.199
29.3237 265.187
29.3237 265.187
29.3263 265.182
29.3343 265.168
29.3395 265.159
29.3511 265.149
29.3752 265.136
29.3815 265.134
29.3951 265.14
29.3951 265.14
29.406 265.15
29.408 265.166
29.408 265.166
29.3905 265.206
29.3878 265.211
29.3826 265.22
29.3773 265.229
29.3746 265.234
29.372 265.238
29.372 265.238
29.3657 265.24
29.3594 265.241
29.3495 265.239
29.3422 265.232
S4DE_SS2ELLFIELD_2025H0_2

0
30000 45000 69600 69660
0 0 0 1
29
29.3458 265.235
29.3386 265.229
29.3349 265.225
29.3349 265.225
29.3349 265.225
29.3303 265.214
29.3293 265.206
29.3283 265.198
29.3326 265.181
29.3379 265.172
29.3663 265.141
29.3663 265.141
29.3815 265.134
29.3941 265.132
29.404 265.134
29.4076 265.137
29.4186 265.147
29.4196 265.155
29.4196 265.155
29.4179 265.168
29.3978 265.213
29.3925 265.222
29.3845 265.236
29.3756 265.242
29.3756 265.242
29.363 265.244
29.3495 265.239
29.3495 265.239
29.3458 265.235
S4DE_SS2ELLFIELD_2025H0_3

0
45000 60000 69600 69660
0 0 0 1
30
29.3621 265.236
29.3475 265.223
29.3475 265.223
29.3429 265.212
29.3455 265.207
29.3482 265.202
29.3508 265.198
29.3534 265.193
29.3746 265.156
29.3951 265.14
29.4014 265.139
29.4076 265.137
29.4113 265.141
29.4186 265.147
29.4222 265.151
29.4242 265.167
29.4103 265.21
29.405 265.22
29.4024 265.224
29.3997 265.229
29.3971 265.233
29.3882 265.239
29.3793 265.245
29.3793 265.245
29.3792 265.245
29.373 265.246
29.373 265.246
29.3693 265.243
29.3657 265.24
29.3621 265.236
S4DE_SS2ELLFIELD_2025H4_2

0
30000 45000 69840 69900
0 0 0 1
13
29.4093 265.125
29.4093 265.125
29.4083 265.117
29.4109 265.112
29.4172 265.111
29.4209 265.114
29.4209 265.114
29.4219 265.122
29.4219 265.122
29.4192 265.127
29.4192 265.127
29.4129 265.128
29.4093 265.125
S4DE_SS2ELLFIELD_2025H4_3

0
45000 60000 69840 69900
0 0 0 1
16
29.4096 265.153
29.4024 265.147
29.4014 265.139
29.4119 265.12
29.4172 265.111
29.4172 265.111
29.4209 265.114
29.4281 265.121
29.4318 265.124
29.4354 265.128
29.4354 265.128
29.4222 265.151
29.4196 265.155
29.4196 265.155
29.4133 265.157
29.4096 265.153
S4DE_SS2ELLFIELD_2025H5_0

0
0 15000 69900 69960
0 0 0 1
23
29.4294 265.08
29.4222 265.073
29.4185 265.07
29.4185 265.07
29.4185 265.07
29.4175 265.062
29.4298 265.031
29.4324 265.026
29.435 265.021
29.4413 265.02
29.4476 265.019
29.4476 265.019
29.4658 265.036
29.4694 265.039
29.4694 265.039
29.4652 265.056
29.4651 265.056
29.4625 265.061
29.4599 265.065
29.4457 265.081
29.4367 265.086
29.4367 265.086
29.4294 265.08
S4DE_SS2ELLFIELD_2025H5_1

0
15000 30000 69900 69960
0 0 0 1
27
29.4159 265.074
29.4159 265.074
29.4113 265.063
29.4113 265.063
29.4129 265.05
29.4182 265.041
29.4288 265.023
29.4314 265.018
29.4341 265.013
29.4341 265.013
29.4466 265.011
29.4466 265.011
29.4565 265.013
29.4602 265.016
29.4675 265.023
29.4757 265.038
29.4741 265.05
29.4714 265.055
29.4688 265.06
29.4609 265.073
29.4582 265.078
29.4529 265.087
29.444 265.093
29.4341 265.091
29.4304 265.088
29.4268 265.084
29.4159 265.074
S4DE_SS2ELLFIELD_2025H5_2

0
30000 45000 69900 69960
0 0 0 1
25
29.4093 265.125
29.4047 265.113
29.4165 265.054
29.4192 265.049
29.4218 265.045
29.4298 265.031
29.435 265.021
29.444 265.016
29.4503 265.014
29.4638 265.02
29.4675 265.023
29.4711 265.026
29.4747 265.03
29.4747 265.03
29.4747 265.03
29.483 265.044
29.4804 265.049
29.4566 265.091
29.4539 265.095
29.4513 265.1
29.4229 265.13
29.4229 265.13
29.4129 265.128
29.4129 265.128
29.4093 265.125
S4DE_SS2ELLFIELD_2025H5_3

0
45000 60000 69900 69960
0 0 0 1
25
29.4139 265.136
29.4066 265.129
29.4083 265.117
29.4232 265.081
29.4258 265.076
29.4285 265.072
29.4417 265.049
29.4496 265.035
29.4522 265.03
29.4585 265.029
29.4694 265.039
29.484 265.052
29.4814 265.057
29.4761 265.066
29.4681 265.08
29.4629 265.089
29.4549 265.103
29.447 265.117
29.4391 265.131
29.4364 265.136
29.4338 265.14
29.4248 265.146
29.4248 265.146
29.4212 265.143
29.4139 265.136
S4DE_SS2ELLFIELD_2025H6_0

0
0 15000 69960 70020
0 0 0 1
28
29.4331 265.083
29.4222 265.073
29.4175 265.062
29.4165 265.054
29.4155 265.046
29.4172 265.033
29.4198 265.029
29.4225 265.024
29.4304 265.01
29.4331 265.005
29.4357 265.001
29.4383 264.996
29.4383 264.996
29.4473 264.99
29.4536 264.989
29.4635 264.991
29.4734 264.993
29.477 264.997
29.4807 265.0
29.4843 265.003
29.4899 265.023
29.4883 265.035
29.4856 265.04
29.483 265.044
29.4724 265.063
29.4582 265.078
29.4519 265.079
29.4331 265.083
S4DE_SS2ELLFIELD_2025H6_1

0
15000 30000 69960 70020
0 0 0 1
31
29.4222 265.073
29.4149 265.066
29.4103 265.055
29.4093 265.047
29.4093 265.047
29.4136 265.03
29.4188 265.021
29.4294 265.002
29.4321 264.998
29.4347 264.993
29.4436 264.987
29.4499 264.986
29.4499 264.986
29.4598 264.988
29.4698 264.99
29.4843 265.003
29.4879 265.007
29.4926 265.018
29.4936 265.026
29.4936 265.026
29.4893 265.043
29.4866 265.048
29.4814 265.057
29.4787 265.062
29.4619 265.081
29.4529 265.087
29.4466 265.089
29.4367 265.086
29.4367 265.086
29.4294 265.08
29.4222 265.073
S4DE_SS2ELLFIELD_2025H6_2

0
30000 45000 69960 70020
0 0 0 1
27
29.4357 265.079
29.4248 265.068
29.4248 265.068
29.4202 265.057
29.4192 265.049
29.4235 265.032
29.4288 265.023
29.4314 265.018
29.4314 265.018
29.443 265.008
29.4582 265.0
29.4744 265.001
29.478 265.005
29.4926 265.018
29.4962 265.021
29.4962 265.021
29.4972 265.029
29.4972 265.029
29.4946 265.034
29.4919 265.039
29.4893 265.043
29.4866 265.048
29.4787 265.062
29.4655 265.085
29.4529 265.087
29.4394 265.082
29.4357 265.079
S4DE_SS2ELLFIELD_2025H6_3

0
45000 60000 69960 70020
0 0 0 1
20
29.4447 265.073
29.4374 265.066
29.4337 265.063
29.4337 265.063
29.4364 265.058
29.447 265.039
29.4496 265.035
29.4522 265.03
29.4549 265.026
29.4638 265.02
29.4638 265.02
29.4675 265.023
29.4893 265.043
29.4893 265.043
29.4866 265.048
29.4734 265.071
29.4629 265.089
29.4629 265.089
29.4628 265.089
29.4447 265.073
S4DE_SS2SPAMERICA1_2025H0_0

0
0 15000 57600 57660
0 0 0 1
23
33.3835 253.071
33.3835 253.076
33.3835 253.082
33.379 253.088
33.37 253.093
33.3655 253.093
33.3476 253.093
33.3431 253.093
33.3431 253.093
33.3431 253.093
33.3296 253.076
33.3296 253.076
33.3296 253.071
33.3296 253.053
33.3296 253.048
33.3341 253.042
33.3386 253.036
33.3386 253.036
33.3565 253.036
33.379 253.036
33.3835 253.048
33.3835 253.053
33.3835 253.071
S4DE_SS2SPAMERICA1_2025H0_1

0
15000 30000 57600 57660
0 0 0 1
28
33.3925 253.059
33.3925 253.088
33.388 253.093
33.3835 253.099
33.3745 253.105
33.3745 253.105
33.37 253.105
33.3565 253.105
33.3476 253.105
33.3341 253.099
33.3116 253.082
33.3071 253.076
33.3026 253.059
33.3026 253.059
33.3026 253.042
33.3116 253.031
33.3116 253.031
33.3476 253.025
33.3521 253.025
33.361 253.025
33.37 253.025
33.3745 253.025
33.379 253.025
33.379 253.025
33.3835 253.031
33.388 253.036
33.3925 253.048
33.3925 253.059
S4DE_SS2SPAMERICA1_2025H0_2

0
30000 45000 57600 57660
0 0 0 1
29
33.3925 253.053
33.3925 253.065
33.3925 253.071
33.3925 253.071
33.3925 253.071
33.388 253.082
33.3835 253.088
33.379 253.093
33.3655 253.099
33.3566 253.099
33.3206 253.088
33.3206 253.088
33.3071 253.076
33.2981 253.065
33.2936 253.053
33.2936 253.048
33.2936 253.031
33.2981 253.025
33.2981 253.025
33.3071 253.019
33.3476 253.013
33.3565 253.013
33.37 253.013
33.379 253.019
33.379 253.019
33.388 253.031
33.3925 253.048
33.3925 253.048
33.3925 253.053
S4DE_SS2SPAMERICA1_2025H0_3

0
45000 60000 57600 57660
0 0 0 1
30
33.3835 253.036
33.3835 253.059
33.3835 253.059
33.379 253.071
33.3745 253.071
33.37 253.071
33.3655 253.071
33.361 253.071
33.3251 253.071
33.3026 253.059
33.2981 253.053
33.2936 253.048
33.2936 253.042
33.2936 253.031
33.2936 253.025
33.3026 253.013
33.3386 253.002
33.3476 253.002
33.3521 253.002
33.3566 253.002
33.361 253.002
33.37 253.008
33.379 253.013
33.379 253.013
33.379 253.013
33.3835 253.019
33.3835 253.019
33.3835 253.025
33.3835 253.031
33.3835 253.036
S4DE_SS2SPAMERICA1_2025H4_2

0
30000 45000 57840 57900
0 0 0 1
13
33.2846 253.053
33.2846 253.053
33.2801 253.059
33.2756 253.059
33.2711 253.053
33.2711 253.048
33.2711 253.048
33.2756 253.042
33.2756 253.042
33.2801 253.042
33.2801 253.042
33.2846 253.048
33.2846 253.053
S4DE_SS2SPAMERICA1_2025H4_3

0
45000 60000 57840 57900
0 0 0 1
16
33.3026 253.036
33.3026 253.048
33.2981 253.053
33.2801 253.053
33.2711 253.053
33.2711 253.053
33.2711 253.048
33.2711 253.036
33.2711 253.031
33.2711 253.025
33.2711 253.025
33.2936 253.025
33.2981 253.025
33.2981 253.025
33.3026 253.031
33.3026 253.036
S4DE_SS2SPAMERICA1_2025H5_0

0
0 15000 57900 57960
0 0 0 1
23
33.2441 253.059
33.2441 253.071
33.2441 253.076
33.2441 253.076
33.2441 253.076
33.2396 253.082
33.2126 253.088
33.2081 253.088
33.2036 253.088
33.1991 253.082
33.1946 253.076
33.1946 253.076
33.1946 253.048
33.1946 253.042
33.1946 253.042
33.2081 253.036
33.2081 253.036
33.2126 253.036
33.2171 253.036
33.2351 253.042
33.2441 253.048
33.2441 253.048
33.2441 253.059
S4DE_SS2SPAMERICA1_2025H5_1

0
15000 30000 57900 57960
0 0 0 1
27
33.2486 253.076
33.2486 253.076
33.2441 253.088
33.2441 253.088
33.2351 253.093
33.2261 253.093
33.2081 253.093
33.2036 253.093
33.1991 253.093
33.1991 253.093
33.1902 253.082
33.1901 253.082
33.1857 253.071
33.1856 253.065
33.1856 253.053
33.1901 253.036
33.1991 253.031
33.2036 253.031
33.2081 253.031
33.2216 253.031
33.2261 253.031
33.2351 253.031
33.2441 253.036
33.2486 253.048
33.2486 253.053
33.2486 253.059
33.2486 253.076
S4DE_SS2SPAMERICA1_2025H5_2

0
30000 45000 57900 57960
0 0 0 1
25
33.2846 253.053
33.2801 253.065
33.2351 253.088
33.2306 253.088
33.2261 253.088
33.2126 253.088
33.2036 253.088
33.1946 253.082
33.1901 253.076
33.1857 253.059
33.1856 253.053
33.1856 253.048
33.1857 253.042
33.1857 253.042
33.1857 253.042
33.1901 253.025
33.1946 253.025
33.2351 253.025
33.2396 253.025
33.2441 253.025
33.2801 253.036
33.2801 253.036
33.2846 253.048
33.2846 253.048
33.2846 253.053
S4DE_SS2SPAMERICA1_2025H5_3

0
45000 60000 57900 57960
0 0 0 1
25
33.2891 253.042
33.2891 253.053
33.2801 253.059
33.2486 253.065
33.2441 253.065
33.2396 253.065
33.2171 253.065
33.2036 253.065
33.1991 253.065
33.1946 253.059
33.1946 253.042
33.1946 253.019
33.1991 253.019
33.2081 253.019
33.2216 253.019
33.2306 253.019
33.2441 253.019
33.2576 253.019
33.2711 253.019
33.2756 253.019
33.2801 253.019
33.2891 253.025
33.2891 253.025
33.2891 253.031
33.2891 253.042
S4DE_SS2SPAMERICA1_2025H6_0

0
0 15000 57960 58020
0 0 0 1
28
33.2441 253.053
33.2441 253.071
33.2396 253.082
33.2351 253.088
33.2306 253.093
33.2216 253.099
33.2171 253.099
33.2126 253.099
33.1991 253.099
33.1946 253.099
33.1901 253.099
33.1857 253.099
33.1856 253.099
33.1767 253.093
33.1722 253.088
33.1677 253.076
33.1632 253.065
33.1632 253.059
33.1632 253.053
33.1632 253.048
33.1722 253.031
33.1812 253.025
33.1857 253.025
33.1901 253.025
33.2081 253.025
33.2261 253.031
33.2306 253.036
33.2441 253.053
S4DE_SS2SPAMERICA1_2025H6_1

0
15000 30000 57960 58020
0 0 0 1
31
33.2441 253.071
33.2441 253.082
33.2396 253.093
33.2351 253.099
33.2351 253.099
33.2216 253.105
33.2126 253.105
33.1947 253.105
33.1901 253.105
33.1857 253.105
33.1767 253.099
33.1722 253.093
33.1722 253.093
33.1677 253.082
33.1632 253.071
33.1632 253.048
33.1632 253.042
33.1677 253.031
33.1722 253.025
33.1722 253.025
33.1856 253.019
33.1902 253.019
33.1991 253.019
33.2036 253.019
33.2261 253.025
33.2351 253.031
33.2396 253.036
33.2441 253.048
33.2441 253.048
33.2441 253.059
33.2441 253.071
S4DE_SS2SPAMERICA1_2025H6_2

0
30000 45000 57960 58020
0 0 0 1
27
33.2396 253.053
33.2396 253.071
33.2396 253.071
33.2351 253.082
33.2306 253.088
33.2171 253.093
33.2081 253.093
33.2036 253.093
33.2036 253.093
33.1901 253.088
33.1767 253.076
33.1677 253.059
33.1677 253.053
33.1677 253.031
33.1677 253.025
33.1677 253.025
33.1722 253.019
33.1722 253.019
33.1767 253.019
33.1812 253.019
33.1857 253.019
33.1901 253.019
33.2036 253.019
33.2261 253.019
33.2351 253.031
33.2396 253.048
33.2396 253.053
S4DE_SS2SPAMERICA1_2025H6_3

0
45000 60000 57960 58020
0 0 0 1
20
33.2306 253.048
33.2306 253.059
33.2306 253.065
33.2306 253.065
33.2261 253.065
33.2081 253.065
33.2036 253.065
33.1991 253.065
33.1946 253.065
33.1857 253.059
33.1856 253.059
33.1856 253.053
33.1856 253.019
33.1856 253.019
33.1901 253.019
33.2126 253.019
33.2306 253.019
33.2306 253.019
33.2306 253.019
33.2306 253.048
S4DE_SS2SPAMERICA2_2025H0_0

0
0 15000 67500 67560
0 0 0 1
23
33.3835 253.071
33.3835 253.076
33.3835 253.082
33.379 253.088
33.37 253.093
33.3655 253.093
33.3476 253.093
33.3431 253.093
33.3431 253.093
33.3431 253.093
33.3296 253.076
33.3296 253.076
33.3296 253.071
33.3296 253.053
33.3296 253.048
33.3341 253.042
33.3386 253.036
33.3386 253.036
33.3565 253.036
33.379 253.036
33.3835 253.048
33.3835 253.053
33.3835 253.071
S4DE_SS2SPAMERICA2_2025H0_1

0
15000 30000 67500 67560
0 0 0 1
28
33.3925 253.059
33.3925 253.088
33.388 253.093
33.3835 253.099
33.3745 253.105
33.3745 253.105
33.37 253.105
33.3565 253.105
33.3476 253.105
33.3341 253.099
33.3116 253.082
33.3071 253.076
33.3026 253.059
33.3026 253.059
33.3026 253.042
33.3116 253.031
33.3116 253.031
33.3476 253.025
33.3521 253.025
33.361 253.025
33.37 253.025
33.3745 253.025
33.379 253.025
33.379 253.025
33.3835 253.031
33.388 253.036
33.3925 253.048
33.3925 253.059
S4DE_SS2SPAMERICA2_2025H0_2

0
30000 45000 67500 67560
0 0 0 1
29
33.3925 253.053
33.3925 253.065
33.3925 253.071
33.3925 253.071
33.3925 253.071
33.388 253.082
33.3835 253.088
33.379 253.093
33.3655 253.099
33.3566 253.099
33.3206 253.088
33.3206 253.088
33.3071 253.076
33.2981 253.065
33.2936 253.053
33.2936 253.048
33.2936 253.031
33.2981 253.025
33.2981 253.025
33.3071 253.019
33.3476 253.013
33.3565 253.013
33.37 253.013
33.379 253.019
33.379 253.019
33.388 253.031
33.3925 253.048
33.3925 253.048
33.3925 253.053
S4DE_SS2SPAMERICA2_2025H0_3

0
45000 60000 67500 67560
0 0 0 1
30
33.3835 253.036
33.3835 253.059
33.3835 253.059
33.379 253.071
33.3745 253.071
33.37 253.071
33.3655 253.071
33.361 253.071
33.3251 253.071
33.3026 253.059
33.2981 253.053
33.2936 253.048
33.2936 253.042
33.2936 253.031
33.2936 253.025
33.3026 253.013
33.3386 253.002
33.3476 253.002
33.3521 253.002
33.3566 253.002
33.361 253.002
33.37 253.008
33.379 253.013
33.379 253.013
33.379 253.013
33.3835 253.019
33.3835 253.019
33.3835 253.025
33.3835 253.031
33.3835 253.036
S4DE_SS2SPAMERICA2_2025H4_2

0
30000 45000 67740 67800
0 0 0 1
13
33.2846 253.053
33.2846 253.053
33.2801 253.059
33.2756 253.059
33.2711 253.053
33.2711 253.048
33.2711 253.048
33.2756 253.042
33.2756 253.042
33.2801 253.042
33.2801 253.042
33.2846 253.048
33.2846 253.053
S4DE_SS2SPAMERICA2_2025H4_3

0
45000 60000 67740 67800
0 0 0 1
16
33.3026 253.036
33.3026 253.048
33.2981 253.053
33.2801 253.053
33.2711 253.053
33.2711 253.053
33.2711 253.048
33.2711 253.036
33.2711 253.031
33.2711 253.025
33.2711 253.025
33.2936 253.025
33.2981 253.025
33.2981 253.025
33.3026 253.031
33.3026 253.036
S4DE_SS2SPAMERICA2_2025H5_0

0
0 15000 67800 67860
0 0 0 1
23
33.2441 253.059
33.2441 253.071
33.2441 253.076
33.2441 253.076
33.2441 253.076
33.2396 253.082
33.2126 253.088
33.2081 253.088
33.2036 253.088
33.1991 253.082
33.1946 253.076
33.1946 253.076
33.1946 253.048
33.1946 253.042
33.1946 253.042
33.2081 253.036
33.2081 253.036
33.2126 253.036
33.2171 253.036
33.2351 253.042
33.2441 253.048
33.2441 253.048
33.2441 253.059
S4DE_SS2SPAMERICA2_2025H5_1

0
15000 30000 67800 67860
0 0 0 1
27
33.2486 253.076
33.2486 253.076
33.2441 253.088
33.2441 253.088
33.2351 253.093
33.2261 253.093
33.2081 253.093
33.2036 253.093
33.1991 253.093
33.1991 253.093
33.1902 253.082
33.1901 253.082
33.1857 253.071
33.1856 253.065
33.1856 253.053
33.1901 253.036
33.1991 253.031
33.2036 253.031
33.2081 253.031
33.2216 253.031
33.2261 253.031
33.2351 253.031
33.2441 253.036
33.2486 253.048
33.2486 253.053
33.2486 253.059
33.2486 253.076
S4DE_SS2SPAMERICA2_2025H5_2

0
30000 45000 67800 67860
0 0 0 1
25
33.2846 253.053
33.2801 253.065
33.2351 253.088
33.2306 253.088
33.2261 253.088
33.2126 253.088
33.2036 253.088
33.1946 253.082
33.1901 253.076
33.1857 253.059
33.1856 253.053
33.1856 253.048
33.1857 253.042
33.1857 253.042
33.1857 253.042
33.1901 253.025
33.1946 253.025
33.2351 253.025
33.2396 253.025
33.2441 253.025
33.2801 253.036
33.2801 253.036
33.2846 253.048
33.2846 253.048
33.2846 253.053
S4DE_SS2SPAMERICA2_2025H5_3

0
45000 60000 67800 67860
0 0 0 1
25
33.2891 253.042
33.2891 253.053
33.2801 253.059
33.2486 253.065
33.2441 253.065
33.2396 253.065
33.2171 253.065
33.2036 253.065
33.1991 253.065
33.1946 253.059
33.1946 253.042
33.1946 253.019
33.1991 253.019
33.2081 253.019
33.2216 253.019
33.2306 253.019
33.2441 253.019
33.2576 253.019
33.2711 253.019
33.2756 253.019
33.2801 253.019
33.2891 253.025
33.2891 253.025
33.2891 253.031
33.2891 253.042
S4DE_SS2SPAMERICA2_2025H6_0

0
0 15000 67860 67920
0 0 0 1
28
33.2441 253.053
33.2441 253.071
33.2396 253.082
33.2351 253.088
33.2306 253.093
33.2216 253.099
33.2171 253.099
33.2126 253.099
33.1991 253.099
33.1946 253.099
33.1901 253.099
33.1857 253.099
33.1856 253.099
33.1767 253.093
33.1722 253.088
33.1677 253.076
33.1632 253.065
33.1632 253.059
33.1632 253.053
33.1632 253.048
33.1722 253.031
33.1812 253.025
33.1857 253.025
33.1901 253.025
33.2081 253.025
33.2261 253.031
33.2306 253.036
33.2441 253.053
S4DE_SS2SPAMERICA2_2025H6_1

0
15000 30000 67860 67920
0 0 0 1
31
33.2441 253.071
33.2441 253.082
33.2396 253.093
33.2351 253.099
33.2351 253.099
33.2216 253.105
33.2126 253.105
33.1947 253.105
33.1901 253.105
33.1857 253.105
33.1767 253.099
33.1722 253.093
33.1722 253.093
33.1677 253.082
33.1632 253.071
33.1632 253.048
33.1632 253.042
33.1677 253.031
33.1722 253.025
33.1722 253.025
33.1856 253.019
33.1902 253.019
33.1991 253.019
33.2036 253.019
33.2261 253.025
33.2351 253.031
33.2396 253.036
33.2441 253.048
33.2441 253.048
33.2441 253.059
33.2441 253.071
S4DE_SS2SPAMERICA2_2025H6_2

0
30000 45000 67860 67920
0 0 0 1
27
33.2396 253.053
33.2396 253.071
33.2396 253.071
33.2351 253.082
33.2306 253.088
33.2171 253.093
33.2081 253.093
33.2036 253.093
33.2036 253.093
33.1901 253.088
33.1767 253.076
33.1677 253.059
33.1677 253.053
33.1677 253.031
33.1677 253.025
33.1677 253.025
33.1722 253.019
33.1722 253.019
33.1767 253.019
33.1812 253.019
33.1857 253.019
33.1901 253.019
33.2036 253.019
33.2261 253.019
33.2351 253.031
33.2396 253.048
33.2396 253.053
S4DE_SS2SPAMERICA2_2025H6_3

0
45000 60000 67860 67920
0 0 0 1
20
33.2306 253.048
33.2306 253.059
33.2306 253.065
33.2306 253.065
33.2261 253.065
33.2081 253.065
33.2036 253.065
33.1991 253.065
33.1946 253.065
33.1857 253.059
33.1856 253.059
33.1856 253.053
33.1856 253.019
33.1856 253.019
33.1901 253.019
33.2126 253.019
33.2306 253.019
33.2306 253.019
33.2306 253.019
33.2306 253.048
S4DE_SS2SPAMERICA3_2025H0_0

0
0 15000 75600 75660
0 0 0 1
23
33.3835 253.071
33.3835 253.076
33.3835 253.082
33.379 253.088
33.37 253.093
33.3655 253.093
33.3476 253.093
33.3431 253.093
33.3431 253.093
33.3431 253.093
33.3296 253.076
33.3296 253.076
33.3296 253.071
33.3296 253.053
33.3296 253.048
33.3341 253.042
33.3386 253.036
33.3386 253.036
33.3565 253.036
33.379 253.036
33.3835 253.048
33.3835 253.053
33.3835 253.071
S4DE_SS2SPAMERICA3_2025H0_1

0
15000 30000 75600 75660
0 0 0 1
28
33.3925 253.059
33.3925 253.088
33.388 253.093
33.3835 253.099
33.3745 253.105
33.3745 253.105
33.37 253.105
33.3565 253.105
33.3476 253.105
33.3341 253.099
33.3116 253.082
33.3071 253.076
33.3026 253.059
33.3026 253.059
33.3026 253.042
33.3116 253.031
33.3116 253.031
33.3476 253.025
33.3521 253.025
33.361 253.025
33.37 253.025
33.3745 253.025
33.379 253.025
33.379 253.025
33.3835 253.031
33.388 253.036
33.3925 253.048
33.3925 253.059
S4DE_SS2SPAMERICA3_2025H0_2

0
30000 45000 75600 75660
0 0 0 1
29
33.3925 253.053
33.3925 253.065
33.3925 253.071
33.3925 253.071
33.3925 253.071
33.388 253.082
33.3835 253.088
33.379 253.093
33.3655 253.099
33.3566 253.099
33.3206 253.088
33.3206 253.088
33.3071 253.076
33.2981 253.065
33.2936 253.053
33.2936 253.048
33.2936 253.031
33.2981 253.025
33.2981 253.025
33.3071 253.019
33.3476 253.013
33.3565 253.013
33.37 253.013
33.379 253.019
33.379 253.019
33.388 253.031
33.3925 253.048
33.3925 253.048
33.3925 253.053
S4DE_SS2SPAMERICA3_2025H0_3

0
45000 60000 75600 75660
0 0 0 1
30
33.3835 253.036
33.3835 253.059
33.3835 253.059
33.379 253.071
33.3745 253.071
33.37 253.071
33.3655 253.071
33.361 253.071
33.3251 253.071
33.3026 253.059
33.2981 253.053
33.2936 253.048
33.2936 253.042
33.2936 253.031
33.2936 253.025
33.3026 253.013
33.3386 253.002
33.3476 253.002
33.3521 253.002
33.3566 253.002
33.361 253.002
33.37 253.008
33.379 253.013
33.379 253.013
33.379 253.013
33.3835 253.019
33.3835 253.019
33.3835 253.025
33.3835 253.031
33.3835 253.036
S4DE_SS2SPAMERICA3_2025H4_2

0
30000 45000 75840 75900
0 0 0 1
13
33.2846 253.053
33.2846 253.053
33.2801 253.059
33.2756 253.059
33.2711 253.053
33.2711 253.048
33.2711 253.048
33.2756 253.042
33.2756 253.042
33.2801 253.042
33.2801 253.042
33.2846 253.048
33.2846 253.053
S4DE_SS2SPAMERICA3_2025H4_3

0
45000 60000 75840 75900
0 0 0 1
16
33.3026 253.036
33.3026 253.048
33.2981 253.053
33.2801 253.053
33.2711 253.053
33.2711 253.053
33.2711 253.048
33.2711 253.036
33.2711 253.031
33.2711 253.025
33.2711 253.025
33.2936 253.025
33.2981 253.025
33.2981 253.025
33.3026 253.031
33.3026 253.036
S4DE_SS2SPAMERICA3_2025H5_0

0
0 15000 75900 75960
0 0 0 1
23
33.2441 253.059
33.2441 253.071
33.2441 253.076
33.2441 253.076
33.2441 253.076
33.2396 253.082
33.2126 253.088
33.2081 253.088
33.2036 253.088
33.1991 253.082
33.1946 253.076
33.1946 253.076
33.1946 253.048
33.1946 253.042
33.1946 253.042
33.2081 253.036
33.2081 253.036
33.2126 253.036
33.2171 253.036
33.2351 253.042
33.2441 253.048
33.2441 253.048
33.2441 253.059
S4DE_SS2SPAMERICA3_2025H5_1

0
15000 30000 75900 75960
0 0 0 1
27
33.2486 253.076
33.2486 253.076
33.2441 253.088
33.2441 253.088
33.2351 253.093
33.2261 253.093
33.2081 253.093
33.2036 253.093
33.1991 253.093
33.1991 253.093
33.1902 253.082
33.1901 253.082
33.1857 253.071
33.1856 253.065
33.1856 253.053
33.1901 253.036
33.1991 253.031
33.2036 253.031
33.2081 253.031
33.2216 253.031
33.2261 253.031
33.2351 253.031
33.2441 253.036
33.2486 253.048
33.2486 253.053
33.2486 253.059
33.2486 253.076
S4DE_SS2SPAMERICA3_2025H5_2

0
30000 45000 75900 75960
0 0 0 1
25
33.2846 253.053
33.2801 253.065
33.2351 253.088
33.2306 253.088
33.2261 253.088
33.2126 253.088
33.2036 253.088
33.1946 253.082
33.1901 253.076
33.1857 253.059
33.1856 253.053
33.1856 253.048
33.1857 253.042
33.1857 253.042
33.1857 253.042
33.1901 253.025
33.1946 253.025
33.2351 253.025
33.2396 253.025
33.2441 253.025
33.2801 253.036
33.2801 253.036
33.2846 253.048
33.2846 253.048
33.2846 253.053
S4DE_SS2SPAMERICA3_2025H5_3

0
45000 60000 75900 75960
0 0 0 1
25
33.2891 253.042
33.2891 253.053
33.2801 253.059
33.2486 253.065
33.2441 253.065
33.2396 253.065
33.2171 253.065
33.2036 253.065
33.1991 253.065
33.1946 253.059
33.1946 253.042
33.1946 253.019
33.1991 253.019
33.2081 253.019
33.2216 253.019
33.2306 253.019
33.2441 253.019
33.2576 253.019
33.2711 253.019
33.2756 253.019
33.2801 253.019
33.2891 253.025
33.2891 253.025
33.2891 253.031
33.2891 253.042
S4DE_SS2SPAMERICA3_2025H6_0

0
0 15000 75960 76020
0 0 0 1
28
33.2441 253.053
33.2441 253.071
33.2396 253.082
33.2351 253.088
33.2306 253.093
33.2216 253.099
33.2171 253.099
33.2126 253.099
33.1991 253.099
33.1946 253.099
33.1901 253.099
33.1857 253.099
33.1856 253.099
33.1767 253.093
33.1722 253.088
33.1677 253.076
33.1632 253.065
33.1632 253.059
33.1632 253.053
33.1632 253.048
33.1722 253.031
33.1812 253.025
33.1857 253.025
33.1901 253.025
33.2081 253.025
33.2261 253.031
33.2306 253.036
33.2441 253.053
S4DE_SS2SPAMERICA3_2025H6_1

0
15000 30000 75960 76020
0 0 0 1
31
33.2441 253.071
33.2441 253.082
33.2396 253.093
33.2351 253.099
33.2351 253.099
33.2216 253.105
33.2126 253.105
33.1947 253.105
33.1901 253.105
33.1857 253.105
33.1767 253.099
33.1722 253.093
33.1722 253.093
33.1677 253.082
33.1632 253.071
33.1632 253.048
33.1632 253.042
33.1677 253.031
33.1722 253.025
33.1722 253.025
33.1856 253.019
33.1902 253.019
33.1991 253.019
33.2036 253.019
33.2261 253.025
33.2351 253.031
33.2396 253.036
33.2441 253.048
33.2441 253.048
33.2441 253.059
33.2441 253.071
S4DE_SS2SPAMERICA3_2025H6_2

0
30000 45000 75960 76020
0 0 0 1
27
33.2396 253.053
33.2396 253.071
33.2396 253.071
33.2351 253.082
33.2306 253.088
33.2171 253.093
33.2081 253.093
33.2036 253.093
33.2036 253.093
33.1901 253.088
33.1767 253.076
33.1677 253.059
33.1677 253.053
33.1677 253.031
33.1677 253.025
33.1677 253.025
33.1722 253.019
33.1722 253.019
33.1767 253.019
33.1812 253.019
33.1857 253.019
33.1901 253.019
33.2036 253.019
33.2261 253.019
33.2351 253.031
33.2396 253.048
33.2396 253.053
S4DE_SS2SPAMERICA3_2025H6_3

0
45000 60000 75960 76020
0 0 0 1
20
33.2306 253.048
33.2306 253.059
33.2306 253.065
33.2306 253.065
33.2261 253.065
33.2081 253.065
33.2036 253.065
33.1991 253.065
33.1946 253.065
33.1857 253.059
33.1856 253.059
33.1856 253.053
33.1856 253.019
33.1856 253.019
33.1901 253.019
33.2126 253.019
33.2306 253.019
33.2306 253.019
33.2306 253.019
33.2306 253.048
S4DE_SS2TITUS_2025H0_0

0
0 15000 57900 57960
0 0 0 1
23
28.9072 279.65
28.9043 279.654
28.9014 279.658
28.8951 279.659
28.8853 279.656
28.8819 279.652
28.8681 279.638
28.8647 279.634
28.8647 279.634
28.8647 279.634
28.863 279.61
28.863 279.61
28.8659 279.606
28.8746 279.593
28.8774 279.588
28.8838 279.587
28.8901 279.587
28.8901 279.587
28.9039 279.601
28.9211 279.62
28.9188 279.632
28.9159 279.637
28.9072 279.65
S4DE_SS2TITUS_2025H0_1

0
15000 30000 57900 57960
0 0 0 1
28
28.9199 279.648
28.9054 279.67
28.8991 279.671
28.8928 279.672
28.883 279.669
28.883 279.669
28.8795 279.665
28.8692 279.654
28.8623 279.647
28.8549 279.631
28.8463 279.6
28.8458 279.592
28.851 279.575
28.851 279.575
28.8597 279.562
28.8723 279.56
28.8723 279.56
28.9028 279.585
28.9062 279.589
28.9131 279.596
28.92 279.604
28.9235 279.607
28.9269 279.611
28.9269 279.611
28.9275 279.619
28.928 279.627
28.9257 279.64
28.9199 279.648
S4DE_SS2TITUS_2025H0_2

0
30000 45000 57900 57960
0 0 0 1
29
28.9228 279.644
28.917 279.653
28.9141 279.657
28.9141 279.657
28.9141 279.657
28.9049 279.662
28.8986 279.663
28.8922 279.663
28.879 279.657
28.8721 279.65
28.8503 279.611
28.8503 279.611
28.8458 279.592
28.8447 279.576
28.847 279.563
28.8499 279.559
28.8586 279.546
28.8649 279.545
28.8649 279.545
28.8747 279.548
28.9086 279.577
28.9155 279.584
28.9258 279.595
28.9298 279.607
28.9298 279.607
28.9309 279.623
28.9257 279.64
28.9257 279.64
28.9228 279.644
S4DE_SS2TITUS_2025H0_3

0
45000 60000 57900 57960
0 0 0 1
30
28.9246 279.623
28.913 279.641
28.913 279.641
28.9038 279.646
28.9003 279.642
28.8969 279.639
28.8934 279.635
28.89 279.631
28.8624 279.602
28.851 279.575
28.8504 279.567
28.8499 279.559
28.8528 279.554
28.8586 279.546
28.8614 279.541
28.8741 279.54
28.9075 279.561
28.9144 279.568
28.9178 279.572
28.9212 279.575
28.9247 279.579
28.9287 279.591
28.9327 279.602
28.9327 279.602
28.9327 279.602
28.9332 279.61
28.9332 279.61
28.9304 279.615
28.9275 279.619
28.9246 279.623
S4DE_SS2TITUS_2025H4_2

0
30000 45000 58140 58200
0 0 0 1
13
28.8401 279.556
28.8401 279.556
28.8338 279.557
28.8303 279.553
28.8298 279.545
28.8327 279.54
28.8327 279.54
28.839 279.54
28.839 279.54
28.8424 279.543
28.8424 279.543
28.843 279.551
28.8401 279.556
S4DE_SS2TITUS_2025H4_3

0
45000 60000 58140 58200
0 0 0 1
16
28.8626 279.557
28.8568 279.566
28.8504 279.567
28.8367 279.552
28.8298 279.545
28.8298 279.545
28.8327 279.54
28.8384 279.532
28.8413 279.527
28.8442 279.523
28.8442 279.523
28.8615 279.541
28.8649 279.545
28.8649 279.545
28.8655 279.553
28.8626 279.557
S4DE_SS2TITUS_2025H5_0

0
0 15000 58200 58260
0 0 0 1
23
28.8062 279.527
28.8004 279.536
28.7975 279.54
28.7975 279.54
28.7975 279.54
28.7912 279.541
28.7676 279.523
28.7642 279.52
28.7607 279.516
28.7602 279.508
28.7596 279.5
28.7596 279.5
28.7741 279.478
28.777 279.474
28.777 279.474
28.7902 279.48
28.7902 279.48
28.7937 279.484
28.7971 279.488
28.808 279.507
28.812 279.518
28.812 279.518
28.8062 279.527
S4DE_SS2TITUS_2025H5_1

0
15000 30000 58200 58260
0 0 0 1
27
28.801 279.544
28.801 279.544
28.7918 279.549
28.7918 279.549
28.782 279.546
28.7751 279.539
28.7613 279.524
28.7579 279.52
28.7544 279.517
28.7544 279.517
28.7533 279.501
28.7533 279.501
28.7556 279.488
28.7585 279.484
28.7643 279.475
28.7764 279.466
28.7862 279.469
28.7897 279.472
28.7931 279.476
28.8034 279.487
28.8069 279.491
28.8138 279.498
28.8178 279.51
28.8154 279.522
28.8125 279.526
28.8097 279.531
28.801 279.544
S4DE_SS2TITUS_2025H5_2

0
30000 45000 58200 58260
0 0 0 1
25
28.8401 279.556
28.8309 279.561
28.7849 279.542
28.7814 279.538
28.778 279.534
28.7676 279.523
28.7607 279.516
28.7567 279.504
28.7562 279.496
28.7614 279.479
28.7643 279.475
28.7672 279.471
28.7701 279.466
28.7701 279.466
28.7701 279.466
28.7822 279.457
28.7857 279.461
28.8167 279.494
28.8201 279.497
28.8236 279.501
28.8453 279.539
28.8453 279.539
28.843 279.551
28.843 279.551
28.8401 279.556
S4DE_SS2TITUS_2025H5_3

0
45000 60000 58200 58260
0 0 0 1
25
28.8493 279.551
28.8436 279.56
28.8338 279.557
28.8068 279.535
28.8033 279.532
28.7999 279.528
28.7826 279.51
28.7723 279.499
28.7689 279.495
28.7683 279.487
28.777 279.474
28.7885 279.456
28.792 279.46
28.7989 279.467
28.8092 279.478
28.8161 279.486
28.8265 279.497
28.8368 279.508
28.8471 279.519
28.8506 279.522
28.854 279.526
28.858 279.538
28.858 279.538
28.8551 279.542
28.8493 279.551
S4DE_SS2TITUS_2025H6_0

0
0 15000 58260 58320
0 0 0 1
28
28.8091 279.523
28.8004 279.536
28.7912 279.541
28.7849 279.542
28.7785 279.542
28.7687 279.539
28.7653 279.536
28.7619 279.532
28.7515 279.521
28.7481 279.517
28.7446 279.514
28.7412 279.51
28.7412 279.51
28.7372 279.498
28.7366 279.49
28.739 279.478
28.7413 279.466
28.7442 279.461
28.7471 279.457
28.75 279.452
28.7655 279.447
28.7753 279.45
28.7788 279.453
28.7822 279.457
28.796 279.472
28.8069 279.491
28.8074 279.499
28.8091 279.523
S4DE_SS2TITUS_2025H6_1

0
15000 30000 58260 58320
0 0 0 1
31
28.8004 279.536
28.7946 279.545
28.7854 279.55
28.7791 279.55
28.7791 279.55
28.7659 279.544
28.759 279.536
28.7452 279.522
28.7417 279.518
28.7383 279.514
28.7343 279.503
28.7337 279.495
28.7337 279.495
28.7361 279.482
28.7384 279.47
28.75 279.452
28.7529 279.448
28.7621 279.443
28.7684 279.442
28.7684 279.442
28.7817 279.449
28.7851 279.453
28.792 279.46
28.7954 279.464
28.8098 279.486
28.8138 279.498
28.8143 279.506
28.812 279.518
28.812 279.518
28.8062 279.527
28.8004 279.536
S4DE_SS2TITUS_2025H6_2

0
30000 45000 58260 58320
0 0 0 1
27
28.8057 279.519
28.797 279.532
28.797 279.532
28.7878 279.537
28.7814 279.538
28.7682 279.531
28.7613 279.524
28.7579 279.52
28.7579 279.52
28.7504 279.505
28.7459 279.485
28.7476 279.465
28.7505 279.46
28.7621 279.443
28.765 279.439
28.765 279.439
28.7713 279.438
28.7713 279.438
28.7748 279.442
28.7782 279.445
28.7817 279.449
28.7851 279.453
28.7954 279.464
28.8127 279.482
28.8138 279.498
28.8085 279.515
28.8057 279.519
S4DE_SS2TITUS_2025H6_3

0
45000 60000 58260 58320
0 0 0 1
20
28.8017 279.507
28.7959 279.516
28.793 279.521
28.793 279.521
28.7895 279.517
28.7758 279.502
28.7723 279.499
28.7689 279.495
28.7654 279.491
28.7614 279.479
28.7614 279.479
28.7643 279.475
28.7817 279.449
28.7817 279.449
28.7851 279.453
28.8023 279.471
28.8161 279.486
28.8161 279.486
28.8161 279.486
28.8017 279.507
