ELLINGTONFIELD_CONTRECOVERY_NORTHEAST

0
0 99900 57480 59280
0 0 0 1
5
27.4142305556 261.329120278
29.8286944444 264.827089444
29.4991077778 265.071400278
27.2379091667 261.512353333
27.4142305556 261.329120278
LYNX_MOJAVE_50DEG

0
0 99900 66300 68100
0 0 0 1
5
35.4014194444 241.281544444
34.5332611111 242.31605
36.5772444444 244.368513889
37.4606222222 243.321286111
35.4014194444 241.281544444
LYNX_SS2_FRONTRANGE_150DEG

0
0 99900 74100 75900
0 0 0 1
5
40.2275444444 256.035938889
39.5654444444 254.699230556
37.4236333333 256.626355556
38.1252388889 257.9408
40.2275444444 256.035938889
LYNX_SS2_MIDLAND_0DEG

0
0 99900 80700 82500
0 0 0 1
5
31.8246777778 257.015094444
31.8281611111 258.477458333
34.4021111111 258.43515
34.3814444444 256.980736111
31.8246777778 257.015094444
R-2534A_FALCON9_VAFB

0
500 99900 64500 78000
0 0 0 1
7
34.6430555556 239.476666667
34.5958333333 239.529444444
34.6055555556 239.543333333
34.5 239.740555556
34.4194444444 239.740555556
34.4111111111 239.679444444
34.6430555556 239.476666667
R-2534B_FALCON9_VAFB

0
500 99900 64500 78000
0 0 0 1
5
34.6430555556 239.476666667
34.4111111111 239.679444444
34.4166666667 239.548888889
34.5833333333 239.465555556
34.6430555556 239.476666667
R-5107E_WSMR_SOUNDINGROCKET

0
0 99900 75600 0
0 0 0 1
6
33.9512838889 253.265776111
33.9 253.224444444
33.5458333333 253.020277778
33.4472222222 252.999444444
33.5833333333 253.199444444
33.9512838889 253.265776111
R-5107H_WSMR_SOUNDINGROCKET

0
0 9000 75600 0
0 0 0 1
8
34.2833333333 253.932777778
33.875 253.932777778
33.875 253.58
33.8291666667 253.58
33.8291666667 253.243888889
34.2625 253.324444444
34.2833333333 253.799444444
34.2833333333 253.932777778
SS2_SPACEPORTAM_0DEG

0
0 99900 75000 76800
0 0 0 1
5
32.9301666667 252.311155556
32.93365 253.773522222
35.5076 253.731213889
35.4869361111 252.2768
32.9301666667 252.311155556
SS2_SPACEPORTAM_0DEG

0
0 99900 75000 76800
0 0 0 1
5
32.9301666667 252.311155556
32.93365 253.773522222
35.5076 253.731213889
35.4869361111 252.2768
32.9301666667 252.311155556
VAFB_FALCON9_1

0
0 99900 65400 78000
0 0 0 1
6
34.75 239.0
34.75 239.433333333
32.6 240.216666667
31.55 240.433333333
31.55 238.783333333
34.75 239.0
VAFB_FALCON9_2

0
0 99900 65400 78000
0 0 0 1
8
31.55 240.433333333
28.8 240.833333333
28.15 240.0
23.0 239.916666667
26.3666666667 238.933333333
30.1166666667 238.683333333
31.55 238.783333333
31.55 240.433333333
W-289N

0
0 24000 64500 78000
0 0 0 1
6
34.1125 239.498888889
34.1333333333 239.571111111
34.1333333333 239.819722222
34.0 239.732222222
34.0 239.498888889
34.1125 239.498888889
W-289S_ATLAS_VAFB

0
0 99900 64500 78000
0 0 0 1
14
34.09 239.498888889
34.0 239.498888889
34.0 240.205833333
33.6544444444 240.882777778
33.475 240.882777778
33.475 240.9325
33.4555555556 240.971388889
33.475 240.996388889
33.475 241.216666667
32.1663888889 239.666944444
31.9 238.423888889
32.225 238.282222222
33.2480555556 237.678055556
34.09 239.498888889
W-292W

0
0 99900 64500 78000
0 0 0 1
5
32.9472222222 240.583333333
32.7372222222 240.583333333
32.1791666667 239.728333333
32.1663888889 239.666944444
32.9472222222 240.583333333
W-532S_VAFB

0
0 99900 64500 78000
0 0 0 1
7
35.0991666667 239.076666667
34.9355555556 239.267777778
34.3983333333 239.498888889
33.7861111111 237.360277778
34.1077777778 237.154722222
34.7986111111 238.399166667
35.0991666667 239.076666667
W-537_VAFB

0
0 99900 64500 78000
0 0 0 1
5
34.0833333333 239.5
34.4 239.498888889
33.7861111111 237.360277778
33.2480555556 237.678055556
34.0833333333 239.5
