S4DE_LYNXMIDLAND_2018L0_0

0
0 15000 72900 72960
0 0 0 1
31
31.963 257.876
31.9522 257.865
31.9307 257.845
31.9271 257.841
31.9235 257.838
31.9299 257.78
31.9299 257.78
31.9326 257.775
31.957 257.734
31.9597 257.73
31.9597 257.73
31.9705 257.74
31.9741 257.743
31.9776 257.747
31.9812 257.75
31.9705 257.74
32.0064 257.774
32.01 257.778
32.01 257.778
32.0109 257.786
32.0117 257.794
32.0099 257.806
32.0027 257.828
32.0027 257.828
31.9919 257.846
31.981 257.864
31.9783 257.869
31.9756 257.873
31.9756 257.873
31.9666 257.879
31.963 257.876
S4DE_LYNXMIDLAND_2018L1_0

0
0 15000 72960 73020
0 0 0 1
42
31.8639 257.967
31.8531 257.956
31.8495 257.953
31.8495 257.953
31.8487 257.945
31.8487 257.945
31.8532 257.928
31.8577 257.911
31.8577 257.911
31.8604 257.906
31.8685 257.893
31.874 257.883
31.8848 257.865
31.8875 257.861
31.8956 257.847
31.8983 257.842
31.8983 257.842
31.9154 257.823
31.9326 257.804
31.947 257.789
31.9587 257.779
31.9587 257.779
31.9874 257.806
31.9946 257.813
32.0018 257.82
32.0 257.832
31.9973 257.837
31.9919 257.846
31.9864 257.855
31.981 257.864
31.9729 257.878
31.9621 257.896
31.9594 257.901
31.9368 257.929
31.9224 257.944
31.9044 257.955
31.8954 257.961
31.8954 257.961
31.8891 257.962
31.8702 257.966
31.8639 257.967
31.8639 257.967
S4DE_LYNXMIDLAND_2018L1_1

0
15000 30000 72960 73020
0 0 0 1
29
31.8477 257.966
31.8441 257.962
31.8424 257.946
31.8415 257.938
31.8415 257.938
31.8469 257.929
31.8712 257.888
31.874 257.883
31.9488 257.805
31.9488 257.805
31.9523 257.808
31.9631 257.819
31.9811 257.836
31.9883 257.843
31.9883 257.843
31.9774 257.861
31.9585 257.893
31.9477 257.911
31.9233 257.952
31.9116 257.962
31.9116 257.962
31.8846 257.979
31.8756 257.985
31.8756 257.985
31.8657 257.983
31.8657 257.983
31.8657 257.983
31.8585 257.976
31.8477 257.966
S4DE_LYNXMIDLAND_2018L1_2

0
30000 45000 72960 73020
0 0 0 1
32
31.8684 257.978
31.8576 257.968
31.854 257.964
31.8504 257.961
31.8522 257.948
31.8523 257.948
31.8685 257.921
31.8712 257.917
31.8739 257.912
31.891 257.893
31.9082 257.873
31.9082 257.873
31.9153 257.88
31.9225 257.887
31.9297 257.894
31.9441 257.908
31.9441 257.908
31.9441 257.908
31.945 257.916
31.945 257.916
31.9341 257.934
31.926 257.947
31.9233 257.952
31.9152 257.966
31.9098 257.975
31.9044 257.984
31.9017 257.989
31.9016 257.989
31.8954 257.99
31.8828 257.992
31.8828 257.992
31.8684 257.978
S4DE_LYNXMIDLAND_2018L2_0

0
0 15000 73020 73080
0 0 0 1
19
31.8504 257.961
31.8468 257.958
31.8487 257.945
31.8514 257.94
31.8541 257.936
31.8568 257.931
31.8595 257.927
31.8694 257.929
31.873 257.932
31.8766 257.936
31.881 257.947
31.8756 257.956
31.8729 257.961
31.8702 257.966
31.8702 257.966
31.8576 257.968
31.8576 257.968
31.8576 257.968
31.8504 257.961
S4DE_LYNXMIDLAND_2018L2_1

0
15000 30000 73020 73080
0 0 0 1
31
31.8369 257.984
31.8297 257.977
31.8315 257.964
31.8361 257.947
31.8388 257.943
31.8415 257.938
31.8442 257.934
31.8469 257.929
31.8577 257.911
31.8604 257.906
31.8604 257.906
31.8694 257.901
31.8694 257.901
31.873 257.904
31.8766 257.907
31.8838 257.914
31.891 257.921
31.8946 257.925
31.899 257.936
31.8999 257.944
31.8981 257.957
31.8954 257.961
31.8846 257.979
31.8846 257.979
31.8756 257.985
31.8666 257.991
31.8603 257.992
31.8477 257.994
31.8477 257.994
31.8441 257.991
31.8369 257.984
S4DE_LYNXMIDLAND_2018L2_2

0
30000 45000 73020 73080
0 0 0 1
30
31.8396 258.008
31.836 258.004
31.836 258.004
31.8315 257.993
31.8333 257.98
31.8378 257.963
31.8405 257.959
31.8487 257.945
31.8595 257.927
31.8739 257.912
31.8829 257.906
31.8892 257.905
31.8892 257.905
31.8892 257.905
31.8928 257.909
31.8964 257.912
31.9036 257.919
31.9144 257.929
31.9179 257.933
31.9224 257.944
31.9224 257.944
31.9179 257.961
31.9125 257.97
31.9044 257.984
31.9017 257.989
31.9017 257.989
31.8719 258.01
31.8566 258.017
31.8431 258.011
31.8396 258.008
S4DE_LYNXMIDLAND_2018L2_3

0
45000 60000 73020 73080
0 0 0 1
29
31.8503 258.018
31.8467 258.015
31.8431 258.011
31.8431 258.011
31.8387 258.0
31.8378 257.992
31.8378 257.992
31.8405 257.987
31.8486 257.974
31.8513 257.969
31.8621 257.951
31.8676 257.942
31.8703 257.937
31.8703 257.937
31.8766 257.936
31.8766 257.936
31.8802 257.939
31.9053 257.963
31.9089 257.967
31.9089 257.967
31.9089 257.967
31.8989 257.993
31.8935 258.002
31.8854 258.016
31.88 258.025
31.8674 258.027
31.8611 258.028
31.8575 258.025
31.8503 258.018
S4DE_LYNXMIDLAND_2018L6_1

0
15000 30000 73260 73320
0 0 0 1
25
31.6736 258.278
31.6628 258.267
31.6628 258.267
31.6619 258.259
31.67 258.246
31.6781 258.232
31.6809 258.228
31.6836 258.223
31.698 258.208
31.698 258.208
31.7043 258.207
31.7079 258.211
31.7115 258.214
31.7151 258.217
31.7151 258.217
31.7159 258.225
31.7087 258.247
31.706 258.252
31.6952 258.27
31.6898 258.279
31.6871 258.284
31.6871 258.284
31.6808 258.285
31.6772 258.281
31.6736 258.278
S4DE_LYNXMIDLAND_2018L6_2

0
30000 45000 73260 73320
0 0 0 1
32
31.6745 258.286
31.6673 258.279
31.6637 258.275
31.6637 258.275
31.6628 258.267
31.6646 258.255
31.6646 258.255
31.6673 258.25
31.67 258.246
31.6836 258.223
31.689 258.214
31.689 258.214
31.7088 258.19
31.7088 258.19
31.7187 258.192
31.7187 258.192
31.7259 258.199
31.7331 258.206
31.7367 258.209
31.7367 258.209
31.7411 258.221
31.7411 258.221
31.7366 258.238
31.7339 258.243
31.715 258.274
31.7068 258.288
31.7041 258.293
31.7014 258.297
31.6951 258.298
31.6888 258.3
31.6852 258.296
31.6745 258.286
S4DE_LYNXMIDLAND_2018L6_3

0
45000 60000 73260 73320
0 0 0 1
26
31.7023 258.305
31.6736 258.278
31.6727 258.27
31.6718 258.262
31.6718 258.262
31.6745 258.257
31.6799 258.248
31.688 258.234
31.6934 258.225
31.707 258.203
31.7097 258.198
31.7187 258.192
31.725 258.191
31.7358 258.201
31.7465 258.212
31.7501 258.215
31.7546 258.227
31.7546 258.227
31.7492 258.236
31.7411 258.249
31.733 258.263
31.7248 258.277
31.714 258.295
31.7113 258.3
31.7023 258.305
31.7023 258.305
S4DE_LYNXMIDLAND_2018L7_0

0
0 15000 73320 73380
0 0 0 1
32
31.4728 258.407
31.4683 258.396
31.4629 258.376
31.471 258.363
31.4792 258.349
31.6637 258.247
31.6637 258.247
31.67 258.246
31.67 258.246
31.67 258.246
31.6736 258.249
31.6772 258.253
31.6808 258.256
31.6808 258.256
31.6817 258.264
31.6817 258.264
31.679 258.269
31.6763 258.273
31.6736 258.278
31.6736 258.278
31.6483 258.311
31.6312 258.33
31.6312 258.33
31.5997 258.364
31.5591 258.404
31.5591 258.404
31.5501 258.41
31.5321 258.421
31.5258 258.422
31.5069 258.426
31.4835 258.418
31.4728 258.407
S4DE_LYNXMIDLAND_2018L7_1

0
15000 30000 73320 73380
0 0 0 1
36
31.488 258.429
31.47 258.412
31.47 258.412
31.4575 258.386
31.4566 258.378
31.4557 258.37
31.4576 258.357
31.4576 258.357
31.4603 258.352
31.4657 258.343
31.4684 258.339
31.4684 258.339
31.4801 258.329
31.6683 258.23
31.6746 258.229
31.6746 258.229
31.6782 258.232
31.6817 258.236
31.6925 258.246
31.6997 258.253
31.7006 258.261
31.7006 258.261
31.6979 258.265
31.6952 258.27
31.6925 258.274
31.6816 258.293
31.6591 258.321
31.6447 258.336
31.6041 258.376
31.5663 258.411
31.5366 258.433
31.5114 258.437
31.5015 258.435
31.488 258.429
31.488 258.429
31.488 258.429
S4DE_LYNXMIDLAND_2018L7_2

0
30000 45000 73320 73380
0 0 0 1
32
31.4719 258.399
31.4719 258.399
31.4674 258.388
31.4665 258.38
31.4665 258.38
31.4665 258.38
31.4692 258.375
31.4936 258.334
31.4936 258.334
31.6773 258.224
31.6836 258.223
31.6899 258.222
31.6899 258.222
31.697 258.229
31.7042 258.236
31.715 258.246
31.7195 258.257
31.7204 258.265
31.715 258.274
31.7068 258.288
31.7041 258.293
31.7014 258.297
31.6699 258.331
31.6555 258.346
31.5798 258.417
31.5591 258.433
31.5591 258.433
31.5375 258.441
31.5312 258.442
31.515 258.441
31.5114 258.437
31.4719 258.399
S4DE_LYNXMIDLAND_2018L7_3

0
45000 60000 73320 73380
0 0 0 1
31
31.5745 258.369
31.5673 258.362
31.5781 258.344
31.5889 258.325
31.5916 258.321
31.5943 258.316
31.6088 258.302
31.6844 258.231
31.6935 258.225
31.706 258.223
31.7061 258.223
31.7096 258.227
31.7132 258.23
31.7204 258.237
31.724 258.24
31.7276 258.244
31.7321 258.255
31.733 258.263
31.7303 258.268
31.7275 258.272
31.7167 258.29
31.714 258.295
31.7113 258.3
31.6969 258.314
31.6681 258.344
31.6302 258.379
31.6095 258.395
31.6032 258.396
31.6032 258.396
31.596 258.389
31.5745 258.369
S4DE_LYNXMIDLAND_2018L8_1

0
15000 30000 73380 73440
0 0 0 1
24
31.471 258.391
31.4674 258.388
31.4638 258.384
31.4557 258.37
31.4557 258.37
31.4576 258.357
31.4603 258.352
31.4657 258.343
31.4711 258.334
31.4738 258.33
31.4738 258.33
31.4828 258.324
31.4936 258.334
31.4972 258.338
31.5008 258.341
31.5079 258.348
31.5097 258.364
31.5079 258.377
31.5052 258.381
31.4944 258.399
31.4881 258.401
31.4881 258.401
31.4746 258.395
31.471 258.391
S4DE_LYNXMIDLAND_2018L8_2

0
30000 45000 73380 73440
0 0 0 1
25
31.4782 258.398
31.4674 258.388
31.4674 258.388
31.4665 258.38
31.4683 258.367
31.471 258.363
31.4819 258.345
31.4873 258.335
31.49 258.331
31.4963 258.33
31.4963 258.33
31.4999 258.333
31.5071 258.34
31.5106 258.344
31.5142 258.347
31.5178 258.35
31.5214 258.354
31.5295 258.369
31.5241 258.378
31.5106 258.401
31.5051 258.41
31.5024 258.414
31.4961 258.415
31.4925 258.412
31.4782 258.398
S4DE_PEGASUSWALLOPS_2018L0_0

0
0 15000 58800 58860
0 0 0 1
33
37.8154 286.508
37.7935 286.537
37.7904 286.541
37.7873 286.545
37.6613 286.637
37.5697 286.683
37.5444 286.692
37.5253 286.692
37.5157 286.689
37.5125 286.685
37.5028 286.673
37.4995 286.669
37.4963 286.665
37.4931 286.661
37.4896 286.641
37.4827 286.6
37.4827 286.6
37.4857 286.588
37.51 286.507
37.5254 286.47
37.5904 286.336
37.5935 286.332
37.606 286.315
37.6216 286.295
37.6216 286.295
37.6631 286.306
37.798 286.4
37.8045 286.408
37.8109 286.416
37.8206 286.427
37.8239 286.431
37.8185 286.504
37.8154 286.508
S4DE_PEGASUSWALLOPS_2018L0_1

0
15000 30000 58800 58860
0 0 0 1
35
37.8091 286.517
37.8091 286.517
37.7809 286.545
37.7589 286.566
37.6613 286.637
37.6361 286.654
37.4811 286.718
37.4811 286.718
37.4748 286.718
37.4748 286.718
37.4715 286.714
37.4651 286.706
37.4651 286.706
37.4949 286.56
37.4979 286.548
37.5099 286.499
37.5129 286.487
37.5717 286.368
37.5904 286.336
37.5935 286.332
37.6185 286.299
37.6247 286.291
37.6247 286.291
37.6662 286.302
37.7883 286.388
37.7883 286.388
37.7915 286.392
37.8077 286.412
37.8109 286.416
37.8207 286.436
37.8207 286.436
37.8242 286.456
37.8243 286.464
37.8216 286.5
37.8091 286.517
S4DE_PEGASUSWALLOPS_2018L0_2

0
30000 45000 58800 58860
0 0 0 1
40
37.7358 286.506
37.7327 286.51
37.6384 286.593
37.6384 286.593
37.5377 286.668
37.5156 286.68
37.4966 286.689
37.4744 286.693
37.4744 286.693
37.4712 286.689
37.468 286.686
37.4771 286.657
37.5171 286.555
37.5263 286.535
37.5263 286.535
37.5511 286.486
37.576 286.445
37.604 286.4
37.6071 286.396
37.6133 286.388
37.6227 286.375
37.6352 286.359
37.6541 286.342
37.6667 286.334
37.6889 286.329
37.6889 286.329
37.6952 286.329
37.708 286.329
37.708 286.329
37.7434 286.365
37.7467 286.369
37.7564 286.38
37.7564 286.38
37.7631 286.405
37.7667 286.441
37.7667 286.441
37.7606 286.457
37.7421 286.498
37.7421 286.498
37.7358 286.506
S4DE_PEGASUSWALLOPS_2018L0_3

0
45000 60000 58800 58860
0 0 0 1
28
37.6345 286.541
37.6095 286.573
37.5688 286.619
37.55 286.635
37.4839 286.689
37.4839 286.689
37.4776 286.689
37.4743 286.685
37.4711 286.681
37.4678 286.677
37.4678 286.677
37.4677 286.669
37.4677 286.669
37.5204 286.567
37.5515 286.518
37.5796 286.481
37.6078 286.444
37.614 286.436
37.6265 286.42
37.6797 286.358
37.6892 286.354
37.6892 286.354
37.6957 286.362
37.7248 286.397
37.6845 286.475
37.6814 286.479
37.6752 286.487
37.6345 286.541
S4DE_PEGASUSWALLOPS_2018L1_2

0
30000 45000 58860 58920
0 0 0 1
26
33.9054 291.055
33.8992 291.063
33.896 291.067
33.0621 291.949
32.7262 292.268
32.7198 292.268
32.7198 292.268
32.7166 292.264
32.7101 292.256
32.7101 292.256
32.71 292.248
32.7163 292.24
33.0008 291.882
33.8526 290.919
34.0347 290.745
34.0757 290.716
34.1075 290.715
34.1268 290.731
34.13 290.735
34.1332 290.739
34.1365 290.743
34.1366 290.751
34.1366 290.751
34.1335 290.755
34.0397 290.878
33.9054 291.055
S4DE_PEGASUSWALLOPS_2018L1_3

0
45000 60000 58860 58920
0 0 0 1
35
34.134 290.796
34.0184 290.947
34.0153 290.952
33.3416 291.689
33.0844 291.953
32.7391 292.284
32.7203 292.3
32.6919 292.321
32.6919 292.321
32.6697 292.325
32.6442 292.318
32.6377 292.31
32.6376 292.302
32.6375 292.294
32.6406 292.29
32.7125 292.195
32.7156 292.191
32.7187 292.187
32.7218 292.183
32.725 292.179
33.0158 291.821
33.7866 290.973
33.9151 290.837
34.0876 290.659
34.3737 290.415
34.3863 290.407
34.3958 290.402
34.3958 290.402
34.399 290.406
34.4022 290.41
34.4022 290.41
34.3836 290.443
34.1403 290.787
34.1371 290.791
34.134 290.796
S4DE_SS2SPAMERICA_2018L0_0

0
0 15000 57600 57660
0 0 0 1
23
33.3835 253.071
33.3835 253.076
33.3835 253.082
33.379 253.088
33.37 253.093
33.3655 253.093
33.3476 253.093
33.3431 253.093
33.3431 253.093
33.3431 253.093
33.3296 253.076
33.3296 253.076
33.3296 253.071
33.3296 253.053
33.3296 253.048
33.3341 253.042
33.3386 253.036
33.3386 253.036
33.3565 253.036
33.379 253.036
33.3835 253.048
33.3835 253.053
33.3835 253.071
S4DE_SS2SPAMERICA_2018L0_1

0
15000 30000 57600 57660
0 0 0 1
28
33.3925 253.059
33.3925 253.088
33.388 253.093
33.3835 253.099
33.3745 253.105
33.3745 253.105
33.37 253.105
33.3565 253.105
33.3476 253.105
33.3341 253.099
33.3116 253.082
33.3071 253.076
33.3026 253.059
33.3026 253.059
33.3026 253.042
33.3116 253.031
33.3116 253.031
33.3476 253.025
33.3521 253.025
33.361 253.025
33.37 253.025
33.3745 253.025
33.379 253.025
33.379 253.025
33.3835 253.031
33.388 253.036
33.3925 253.048
33.3925 253.059
S4DE_SS2SPAMERICA_2018L0_2

0
30000 45000 57600 57660
0 0 0 1
29
33.3925 253.053
33.3925 253.065
33.3925 253.071
33.3925 253.071
33.3925 253.071
33.388 253.082
33.3835 253.088
33.379 253.093
33.3655 253.099
33.3566 253.099
33.3206 253.088
33.3206 253.088
33.3071 253.076
33.2981 253.065
33.2936 253.053
33.2936 253.048
33.2936 253.031
33.2981 253.025
33.2981 253.025
33.3071 253.019
33.3476 253.013
33.3565 253.013
33.37 253.013
33.379 253.019
33.379 253.019
33.388 253.031
33.3925 253.048
33.3925 253.048
33.3925 253.053
S4DE_SS2SPAMERICA_2018L0_3

0
45000 60000 57600 57660
0 0 0 1
30
33.3835 253.036
33.3835 253.059
33.3835 253.059
33.379 253.071
33.3745 253.071
33.37 253.071
33.3655 253.071
33.361 253.071
33.3251 253.071
33.3026 253.059
33.2981 253.053
33.2936 253.048
33.2936 253.042
33.2936 253.031
33.2936 253.025
33.3026 253.013
33.3386 253.002
33.3476 253.002
33.3521 253.002
33.3566 253.002
33.361 253.002
33.37 253.008
33.379 253.013
33.379 253.013
33.379 253.013
33.3835 253.019
33.3835 253.019
33.3835 253.025
33.3835 253.031
33.3835 253.036
S4DE_SS2SPAMERICA_2018L4_2

0
30000 45000 57840 57900
0 0 0 1
13
33.2846 253.053
33.2846 253.053
33.2801 253.059
33.2756 253.059
33.2711 253.053
33.2711 253.048
33.2711 253.048
33.2756 253.042
33.2756 253.042
33.2801 253.042
33.2801 253.042
33.2846 253.048
33.2846 253.053
S4DE_SS2SPAMERICA_2018L4_3

0
45000 60000 57840 57900
0 0 0 1
16
33.3026 253.036
33.3026 253.048
33.2981 253.053
33.2801 253.053
33.2711 253.053
33.2711 253.053
33.2711 253.048
33.2711 253.036
33.2711 253.031
33.2711 253.025
33.2711 253.025
33.2936 253.025
33.2981 253.025
33.2981 253.025
33.3026 253.031
33.3026 253.036
S4DE_SS2SPAMERICA_2018L5_0

0
0 15000 57900 57960
0 0 0 1
23
33.2441 253.059
33.2441 253.071
33.2441 253.076
33.2441 253.076
33.2441 253.076
33.2396 253.082
33.2126 253.088
33.2081 253.088
33.2036 253.088
33.1991 253.082
33.1946 253.076
33.1946 253.076
33.1946 253.048
33.1946 253.042
33.1946 253.042
33.2081 253.036
33.2081 253.036
33.2126 253.036
33.2171 253.036
33.2351 253.042
33.2441 253.048
33.2441 253.048
33.2441 253.059
S4DE_SS2SPAMERICA_2018L5_1

0
15000 30000 57900 57960
0 0 0 1
27
33.2486 253.076
33.2486 253.076
33.2441 253.088
33.2441 253.088
33.2351 253.093
33.2261 253.093
33.2081 253.093
33.2036 253.093
33.1991 253.093
33.1991 253.093
33.1902 253.082
33.1901 253.082
33.1857 253.071
33.1856 253.065
33.1856 253.053
33.1901 253.036
33.1991 253.031
33.2036 253.031
33.2081 253.031
33.2216 253.031
33.2261 253.031
33.2351 253.031
33.2441 253.036
33.2486 253.048
33.2486 253.053
33.2486 253.059
33.2486 253.076
S4DE_SS2SPAMERICA_2018L5_2

0
30000 45000 57900 57960
0 0 0 1
25
33.2846 253.053
33.2801 253.065
33.2351 253.088
33.2306 253.088
33.2261 253.088
33.2126 253.088
33.2036 253.088
33.1946 253.082
33.1901 253.076
33.1857 253.059
33.1856 253.053
33.1856 253.048
33.1857 253.042
33.1857 253.042
33.1857 253.042
33.1901 253.025
33.1946 253.025
33.2351 253.025
33.2396 253.025
33.2441 253.025
33.2801 253.036
33.2801 253.036
33.2846 253.048
33.2846 253.048
33.2846 253.053
S4DE_SS2SPAMERICA_2018L5_3

0
45000 60000 57900 57960
0 0 0 1
25
33.2891 253.042
33.2891 253.053
33.2801 253.059
33.2486 253.065
33.2441 253.065
33.2396 253.065
33.2171 253.065
33.2036 253.065
33.1991 253.065
33.1946 253.059
33.1946 253.042
33.1946 253.019
33.1991 253.019
33.2081 253.019
33.2216 253.019
33.2306 253.019
33.2441 253.019
33.2576 253.019
33.2711 253.019
33.2756 253.019
33.2801 253.019
33.2891 253.025
33.2891 253.025
33.2891 253.031
33.2891 253.042
S4DE_SS2SPAMERICA_2018L6_0

0
0 15000 57960 58020
0 0 0 1
28
33.2441 253.053
33.2441 253.071
33.2396 253.082
33.2351 253.088
33.2306 253.093
33.2216 253.099
33.2171 253.099
33.2126 253.099
33.1991 253.099
33.1946 253.099
33.1901 253.099
33.1857 253.099
33.1856 253.099
33.1767 253.093
33.1722 253.088
33.1677 253.076
33.1632 253.065
33.1632 253.059
33.1632 253.053
33.1632 253.048
33.1722 253.031
33.1812 253.025
33.1857 253.025
33.1901 253.025
33.2081 253.025
33.2261 253.031
33.2306 253.036
33.2441 253.053
S4DE_SS2SPAMERICA_2018L6_1

0
15000 30000 57960 58020
0 0 0 1
31
33.2441 253.071
33.2441 253.082
33.2396 253.093
33.2351 253.099
33.2351 253.099
33.2216 253.105
33.2126 253.105
33.1947 253.105
33.1901 253.105
33.1857 253.105
33.1767 253.099
33.1722 253.093
33.1722 253.093
33.1677 253.082
33.1632 253.071
33.1632 253.048
33.1632 253.042
33.1677 253.031
33.1722 253.025
33.1722 253.025
33.1856 253.019
33.1902 253.019
33.1991 253.019
33.2036 253.019
33.2261 253.025
33.2351 253.031
33.2396 253.036
33.2441 253.048
33.2441 253.048
33.2441 253.059
33.2441 253.071
S4DE_SS2SPAMERICA_2018L6_2

0
30000 45000 57960 58020
0 0 0 1
27
33.2396 253.053
33.2396 253.071
33.2396 253.071
33.2351 253.082
33.2306 253.088
33.2171 253.093
33.2081 253.093
33.2036 253.093
33.2036 253.093
33.1901 253.088
33.1767 253.076
33.1677 253.059
33.1677 253.053
33.1677 253.031
33.1677 253.025
33.1677 253.025
33.1722 253.019
33.1722 253.019
33.1767 253.019
33.1812 253.019
33.1857 253.019
33.1901 253.019
33.2036 253.019
33.2261 253.019
33.2351 253.031
33.2396 253.048
33.2396 253.053
S4DE_SS2SPAMERICA_2018L6_3

0
45000 60000 57960 58020
0 0 0 1
20
33.2306 253.048
33.2306 253.059
33.2306 253.065
33.2306 253.065
33.2261 253.065
33.2081 253.065
33.2036 253.065
33.1991 253.065
33.1946 253.065
33.1857 253.059
33.1856 253.059
33.1856 253.053
33.1856 253.019
33.1856 253.019
33.1901 253.019
33.2126 253.019
33.2306 253.019
33.2306 253.019
33.2306 253.019
33.2306 253.048
