units SI
begin
# velocity and time don't matter since only one catalog is being used
# modified columbia …SI UNITS!!
velocity  100 
time 10

#'Num Pieces'  'Weight/piece' 'Total Weight'	'Ref Area'  'ball coif'	  'Vel Inc' CD		CL	'Solid Rocket Prop'
126		0.0195093333	2.4615384615	0.0132851339	2.441211984	[0,100]	0.6015489886	0	0
764		0.0848370117	64.8		0.0289857466	4.8824239669	[0,100]	0.5994671403	0	0
1326		0.0988844952	131.0769230769	0.0189522189	8.6907146593	[0,100]	0.6003612382	0	0
939		0.1673697478	157.2		0.0171870613	16.2584718086	[0,100]	0.5989569567	0	0
739		0.5973966007	441.7538461538	0.0364179893	27.3415742098	[0,100]	0.5999613404	0	0
312		0.8037764698	250.6461538462	0.027406395	48.8242396647	[0,100]	0.6006865199	0	0
473		1.1947388079	564.8		0.0229470494	86.8094981237	[0,100]	0.5997619013	0	0
365		2.2852212511	835.0769230769	0.0260128495	146.4727189817	[0,100]	0.5997684019	0	0
17		4.3865665366	73.2		0.0266631708	274.5386996246	[0,100]	0.5992518103	0	0
2		1.9518201212	4.3692307692	0.0066890185	488.2423966529	[0,100]	0.5976430976	0	1
1		24.6153846154	24.6153846154	0.4128610833	1464.7271898649	[0,50]	0.600060006	0	0
end