FORMAT LATLON FEET
# Time    Long    Lat     Alt
 0   -106.967861     32.973  0
 1   -106.96789  32.973  -0.00008
 2   -106.967974     32.973  -0.00032
 3   -106.968115     32.972  -0.00072
 4   -106.968313     32.972  -0.00126
 5   -106.968566     32.972  -0.00195
 6   -106.968876     32.972  -0.00278
 7   -106.969241     32.971  -0.00374
 8   -106.969661     32.971  -0.00482
 9   -106.970125     32.97   0.13302
 10  -106.970625     32.97   10.926
 11  -106.97116  32.969  39.182
 12  -106.971724     32.969  85.401
 13  -106.972314     32.968  150.1
 14  -106.972926     32.967  233.66
 15  -106.973552     32.967  336.39
 16  -106.97419  32.966  458.55
 17  -106.974834     32.965  600.36
 18  -106.975478     32.965  761.96
 19  -106.97613  32.964  941.02
 20  -106.976879     32.963  1125.04
 21  -106.977736     32.963  1312.14
 22  -106.978686     32.962  1502.35
 23  -106.979715     32.962  1695.7
 24  -106.980801     32.962  1892.2
 25  -106.981927     32.962  2091.86
 26  -106.983081     32.962  2295.74
 27  -106.984259     32.962  2503.99
 28  -106.985459     32.962  2716.6
 29  -106.986675     32.962  2933.58
 30  -106.987904     32.962  3154.9
 31  -106.989143     32.962  3380.58
 32  -106.990389     32.963  3610.6
 33  -106.991636     32.963  3844.96
 34  -106.992881     32.964  4083.65
 35  -106.994122     32.964  4326.67
 36  -106.995353     32.965  4574.01
 37  -106.996572     32.965  4825.67
 38  -106.997775     32.966  5081.64
 39  -106.998959     32.967  5341.93
 40  -107.000119     32.968  5606.52
 41  -107.001252     32.969  5875.43
 42  -107.002356     32.97   6148.63
 43  -107.003427     32.971  6426.14
 44  -107.004461     32.972  6707.95
 45  -107.005456     32.973  6994.07
 46  -107.006409     32.974  7284.49
 47  -107.007317     32.975  7579.22
 48  -107.008176     32.976  7878.26
 49  -107.008985     32.978  8181.62
 50  -107.009741     32.979  8489.3
 51  -107.010441     32.98   8801.31
 52  -107.011083     32.982  9117.66
 53  -107.011664     32.983  9438.35
 54  -107.012182     32.985  9763.39
 55  -107.012636     32.986  10092.8
 56  -107.013024     32.988  10426.57
 57  -107.013343     32.99   10764.73
 58  -107.013591     32.991  11107.28
 59  -107.013768     32.993  11454.24
 60  -107.013871     32.995  11805.62
 61  -107.013901     32.996  12161.36
 62  -107.013904     32.998  12519
 63  -107.013907     33  12877.48
 64  -107.01391  33.002  13236.9
 65  -107.013913     33.003  13597.38
 66  -107.013915     33.005  13959.03
 67  -107.013918     33.007  14321.94
 68  -107.013921     33.009  14686.22
 69  -107.013923     33.011  15051.98
 70  -107.013926     33.012  15419.3
 71  -107.013928     33.014  15788.28
 72  -107.013931     33.016  16159.02
 73  -107.013933     33.018  16531.6
 74  -107.013935     33.02   16906.12
 75  -107.013937     33.021  17282.66
 76  -107.013939     33.023  17661.32
 77  -107.013941     33.025  18042.16
 78  -107.013944     33.027  18425.29
 79  -107.013946     33.029  18810.78
 80  -107.013947     33.031  19198.72
 81  -107.013949     33.033  19589.18
 82  -107.013951     33.035  19982.25
 83  -107.013953     33.037  20378
 84  -107.013955     33.039  20776.52
 85  -107.013957     33.04   21177.87
 86  -107.013959     33.042  21582.15
 87  -107.01396  33.044  21989.43
 88  -107.013962     33.046  22399.78
 89  -107.013964     33.048  22813.28
 90  -107.013965     33.05   23230
 91  -107.013967     33.053  23650.03
 92  -107.013968     33.055  24073.45
 93  -107.01397  33.057  24503.02
 94  -107.013972     33.059  24960.91
 95  -107.013974     33.061  25451.86
 96  -107.013976     33.063  25975.54
 97  -107.013978     33.065  26531.56
 98  -107.01398  33.066  27119.34
 99  -107.013982     33.068  27735.22
 100     -107.013985     33.07   28362.55
 101     -107.013987     33.072  28999.1
 102     -107.013989     33.073  29644.82
 103     -107.013991     33.075  30299.68
 104     -107.013994     33.077  30963.65
 105     -107.013996     33.079  31636.7
 106     -107.013998     33.081  32318.82
 107     -107.014    33.083  33009.99
 108     -107.014002     33.085  33710.22
 109     -107.014004     33.087  34419.58
 110     -107.014006     33.089  35138.2
 111     -107.014008     33.091  35866.25
 112     -107.01401  33.093  36603.85
 113     -107.014012     33.095  37351.17
 114     -107.014014     33.097  38108.38
 115     -107.014015     33.099  38875.64
 116     -107.014017     33.102  39653.12
 117     -107.014019     33.104  40441
 118     -107.01402  33.106  41239.47
 119     -107.014022     33.108  42048.71
 120     -107.014023     33.111  42868.93
 121     -107.014025     33.113  43700.45
 122     -107.014026     33.115  44543.73
 123     -107.014027     33.118  45399.27
 124     -107.014029     33.12   46267.56
 125     -107.01403  33.123  47149.07
 126     -107.014031     33.125  48044.32
 127     -107.014032     33.128  48953.8
 128     -107.014033     33.13   49878.02
 129     -107.014034     33.133  50817.5
 130     -107.014035     33.136  51772.77
 131     -107.014036     33.138  52750.47
 132     -107.014037     33.141  53781.08
 133     -107.014039     33.144  54868.38
 134     -107.014041     33.146  56011.89
 135     -107.014044     33.148  57210.92
 136     -107.014047     33.15   58464.6
 137     -107.01405  33.152  59771.78
 138     -107.014053     33.154  61130.88
 139     -107.014057     33.156  62539.67
 140     -107.01406  33.157  63995.51
 141     -107.014063     33.159  65495.41
 142     -107.014067     33.16   67035.95
 143     -107.014069     33.16   68613.31
 144     -107.014071     33.161  70223.16
 145     -107.014073     33.161  71863.49
 146     -107.014075     33.162  73536.15
 147     -107.014076     33.162  75242.32
 148     -107.014078     33.162  76983.17
 149     -107.014079     33.163  78759.88
 150     -107.01408  33.163  80573.64
 151     -107.014082     33.164  82425.65
 152     -107.014083     33.164  84317.12
 153     -107.014084     33.165  86249.24
 154     -107.014085     33.165  88223.25
 155     -107.014086     33.166  90240.3
 156     -107.014087     33.166  92301.59
 157     -107.014088     33.167  94408.3
 158     -107.014089     33.167  96561.63
 159     -107.014089     33.168  98762.79
 160     -107.01409  33.168  101013
 161     -107.01409  33.169  103313.52
 162     -107.014091     33.17   105665.59
 163     -107.014091     33.17   108070.51
 164     -107.014091     33.171  110529.58
 165     -107.014091     33.171  113044.11
 166     -107.014091     33.172  115615.42
 167     -107.01409  33.173  118244.84
 168     -107.01409  33.173  120933.73
 169     -107.014089     33.174  123683.44
 170     -107.014089     33.175  126495.36
 171     -107.014088     33.175  129370.85
 172     -107.014087     33.176  132311.33
 173     -107.014086     33.177  135318.21
 174     -107.014084     33.178  138392.93
 175     -107.014082     33.178  141536.95
 176     -107.014081     33.179  144751.73
 177     -107.014079     33.18   148038.78
 178     -107.014076     33.181  151399.61
 179     -107.014074     33.182  154835.77
 180     -107.014071     33.182  158348.82
 181     -107.014068     33.183  161920.03
 182     -107.014065     33.184  165467.35
 183     -107.014062     33.185  168982.07
 184     -107.014058     33.186  172464.34
 185     -107.014055     33.187  175914.3
 186     -107.01405  33.188  179332.04
 187     -107.014046     33.189  182717.67
 188     -107.014042     33.189  186071.27
 189     -107.014037     33.19   189392.91
 190     -107.014032     33.191  192682.67
 191     -107.014027     33.192  195940.59
 192     -107.014022     33.193  199166.74
 193     -107.014017     33.194  202361.16
 194     -107.014011     33.195  205523.88
 195     -107.014005     33.195  208654.95
 196     -107.013999     33.196  211754.4
 197     -107.013993     33.197  214822.26
 198     -107.013987     33.198  217858.55
 199     -107.01398  33.199  220863.3
 200     -107.013973     33.2    223836.54
 201     -107.013966     33.201  226778.28
 202     -107.013959     33.201  229688.54
 203     -107.013952     33.202  232567.34
 204     -107.013944     33.203  235414.7
 205     -107.013936     33.204  238230.64
 206     -107.013928     33.205  241015.16
 207     -107.01392  33.206  243768.28
 208     -107.013912     33.206  246490.02
 209     -107.013903     33.207  249180.39
 210     -107.013895     33.208  251839.39
 211     -107.013886     33.209  254467.04
 212     -107.013877     33.21   257063.35
 213     -107.013868     33.211  259628.34
 214     -107.013858     33.211  262162
 215     -107.013849     33.212  264664.34
 216     -107.013839     33.213  267135.39
 217     -107.013829     33.214  269575.14
 218     -107.013819     33.215  271983.6
 219     -107.013809     33.216  274360.79
 220     -107.013798     33.216  276706.71
 221     -107.013788     33.217  279021.36
 222     -107.013777     33.218  281304.77
 223     -107.013766     33.219  283556.92
 224     -107.013755     33.22   285777.83
 225     -107.013744     33.221  287967.51
 226     -107.013732     33.221  290125.96
 227     -107.013721     33.222  292253.19
 228     -107.013709     33.223  294349.21
 229     -107.013697     33.224  296414.02
 230     -107.013685     33.225  298447.62
 231     -107.013673     33.226  300450.04
 232     -107.01366  33.226  302421.26
 233     -107.013648     33.227  304361.3
 234     -107.013635     33.228  306270.16
 235     -107.013622     33.229  308147.85
 236     -107.013609     33.23   309994.38
 237     -107.013596     33.23   311809.74
 238     -107.013583     33.231  313593.95
 239     -107.01357  33.232  315347.01
 240     -107.013556     33.233  317068.92
 241     -107.013542     33.234  318759.69
 242     -107.013529     33.235  320419.33
 243     -107.013514     33.235  322047.84
 244     -107.0135   33.236  323645.22
 245     -107.013486     33.237  325211.48
 246     -107.013472     33.238  326746.63
 247     -107.013457     33.239  328250.66
 248     -107.013442     33.239  329723.59
 249     -107.013427     33.24   331165.41
 250     -107.013413     33.241  332576.14
 251     -107.013397     33.242  333955.77
 252     -107.013382     33.243  335304.31
 253     -107.013367     33.243  336621.76
 254     -107.013351     33.244  337908.13
 255     -107.013336     33.245  339163.43
 256     -107.01332  33.246  340387.64
 257     -107.013304     33.247  341580.79
 258     -107.013288     33.247  342742.87
 259     -107.013272     33.248  343873.88
 260     -107.013255     33.249  344973.84
 261     -107.013239     33.25   346042.73
 262     -107.013223     33.251  347080.57
 263     -107.013206     33.251  348087.35
 264     -107.013189     33.252  349063.09
 265     -107.013172     33.253  350007.78
 266     -107.013155     33.254  350921.43
 267     -107.013138     33.255  351804.04
 268     -107.013121     33.255  352655.61
 269     -107.013104     33.256  353476.14
 270     -107.013086     33.257  354265.64
 271     -107.013069     33.258  355024.11
 272     -107.013051     33.259  355751.55
 273     -107.013033     33.259  356447.96
 274     -107.013015     33.26   357113.35
 275     -107.012997     33.261  357747.72
 276     -107.012979     33.262  358351.06
 277     -107.012961     33.263  358923.38
 278     -107.012942     33.263  359464.69
 279     -107.012924     33.264  359974.98
 280     -107.012905     33.265  360454.26
 281     -107.012887     33.266  360902.53
 282     -107.012868     33.267  361319.78
 283     -107.012849     33.267  361706.02
 284     -107.01283  33.268  362061.26
 285     -107.012811     33.269  362385.48
 286     -107.012792     33.27   362678.7
 287     -107.012773     33.271  362940.91
 288     -107.012753     33.271  363172.11
 289     -107.012734     33.272  363372.31
 290     -107.012715     33.273  363541.51
 291     -107.012695     33.274  363679.7
 292     -107.012675     33.275  363786.89
 293     -107.012655     33.275  363863.07
 294     -107.012636     33.276  363908.25
 295     -107.012616     33.277  363922.43
 296     -107.012596     33.278  363905.6
 297     -107.012575     33.278  363857.78
 298     -107.012555     33.279  363778.94
 299     -107.012535     33.28   363669.11
 300     -107.012515     33.281  363528.27
 301     -107.012494     33.282  363356.43
 302     -107.012473     33.282  363153.58
 303     -107.012453     33.283  362919.73
 304     -107.012432     33.284  362654.87
 305     -107.012411     33.285  362359.01
 306     -107.01239  33.286  362032.14
 307     -107.01237  33.286  361674.26
 308     -107.012349     33.287  361285.37
 309     -107.012327     33.288  360865.47
 310     -107.012306     33.289  360414.56
 311     -107.012285     33.29   359932.63
 312     -107.012264     33.29   359419.69
 313     -107.012242     33.291  358875.74
 314     -107.012221     33.292  358300.76
 315     -107.012199     33.293  357694.77
 316     -107.012178     33.294  357057.76
 317     -107.012156     33.294  356389.72
 318     -107.012135     33.295  355690.66
 319     -107.012113     33.296  354960.57
 320     -107.012091     33.297  354199.46
 321     -107.012069     33.298  353407.31
 322     -107.012047     33.298  352584.13
 323     -107.012025     33.299  351729.91
 324     -107.012003     33.3    350844.66
 325     -107.011981     33.301  349928.36
 326     -107.011959     33.302  348981.02
 327     -107.011937     33.302  348002.64
 328     -107.011914     33.303  346993.2
 329     -107.011892     33.304  345952.72
 330     -107.01187  33.305  344881.18
 331     -107.011847     33.306  343778.58
 332     -107.011825     33.306  342644.92
 333     -107.011802     33.307  341480.19
 334     -107.01178  33.308  340284.4
 335     -107.011757     33.309  339057.53
 336     -107.011734     33.31   337799.6
 337     -107.011712     33.31   336510.58
 338     -107.011689     33.311  335190.48
 339     -107.011666     33.312  333839.3
 340     -107.011643     33.313  332457.02
 341     -107.011621     33.314  331043.65
 342     -107.011598     33.314  329599.19
 343     -107.011575     33.315  328123.62
 344     -107.011552     33.316  326616.95
 345     -107.011529     33.317  325079.17
 346     -107.011506     33.318  323510.27
 347     -107.011482     33.318  321910.26
 348     -107.011459     33.319  320279.12
 349     -107.011436     33.32   318616.85
 350     -107.011413     33.321  316923.45
 351     -107.01139  33.322  315198.91
 352     -107.011367     33.323  313443.24
 353     -107.011343     33.323  311656.41
 354     -107.01132  33.324  309838.44
 355     -107.011297     33.325  307989.31
 356     -107.011273     33.326  306109.01
 357     -107.01125  33.327  304197.56
 358     -107.011227     33.327  302254.93
 359     -107.011203     33.328  300281.12
 360     -107.01118  33.329  298276.14
 361     -107.011156     33.33   296239.98
 362     -107.011133     33.331  294172.62
 363     -107.011109     33.332  292074.07
 364     -107.011086     33.332  289944.33
 365     -107.011062     33.333  287783.38
 366     -107.011039     33.334  285591.23
 367     -107.011015     33.335  283367.87
 368     -107.010992     33.336  281113.3
 369     -107.010968     33.336  278827.52
 370     -107.010944     33.337  276510.52
 371     -107.010921     33.338  274162.3
 372     -107.010897     33.339  271782.88
 373     -107.010873     33.34   269372.23
 374     -107.01085  33.341  266930.38
 375     -107.010826     33.341  264457.32
 376     -107.010802     33.342  261953.06
 377     -107.010779     33.343  259417.6
 378     -107.010755     33.344  256850.97
 379     -107.010731     33.345  254253.16
 380     -107.010708     33.346  251624.21
 381     -107.010684     33.347  248964.12
 382     -107.01066  33.347  246272.92
 383     -107.010636     33.348  243550.63
 384     -107.010612     33.349  240797.3
 385     -107.010588     33.35   238012.95
 386     -107.010564     33.351  235197.64
 387     -107.01054  33.352  232351.41
 388     -107.010516     33.353  229474.33
 389     -107.010492     33.353  226566.47
 390     -107.010468     33.354  223627.92
 391     -107.010443     33.355  220658.76
 392     -107.010419     33.356  217659.12
 393     -107.010395     33.357  214629.11
 394     -107.01037  33.358  211568.9
 395     -107.010345     33.359  208478.64
 396     -107.01032  33.36   205358.53
 397     -107.010295     33.361  202208.79
 398     -107.010269     33.361  199029.68
 399     -107.010244     33.362  195821.49
 400     -107.010218     33.363  192584.57
 401     -107.010191     33.364  189319.31
 402     -107.010164     33.365  186026.19
 403     -107.010137     33.366  182705.74
 404     -107.010109     33.367  179358.57
 405     -107.010081     33.368  175985.42
 406     -107.010051     33.37   172587.08
 407     -107.010021     33.371  169164.53
 408     -107.00999  33.372  165718.86
 409     -107.009958     33.373  162251.4
 410     -107.009925     33.374  158763.69
 411     -107.00989  33.376  155257.57
 412     -107.009853     33.377  151735.15
 413     -107.009815     33.378  148198.99
 414     -107.009774     33.38   144652.23
 415     -107.00973  33.382  141098.63
 416     -107.009684     33.383  137542.69
 417     -107.009634     33.385  133989.82
 418     -107.00958  33.387  130446.52
 419     -107.009522     33.389  126920.57
 420     -107.009458     33.392  123421.3
 421     -107.009388     33.394  119959.86
 422     -107.009297     33.397  116548.81
 423     -107.009122     33.4    113193.49
 424     -107.00885  33.404  109893.3
 425     -107.008474     33.407  106648.24
 426     -107.007986     33.411  103458.63
 427     -107.007382     33.415  100325.5
 428     -107.006657     33.42   97250.8
 429     -107.005807     33.424  94236.35
 430     -107.004829     33.429  91284.41
 431     -107.003723     33.434  88398.27
 432     -107.002487     33.439  85581.3
 433     -107.001121     33.445  82836.73
 434     -106.999627     33.45   80167.67
 435     -106.998007     33.456  77577.1
 436     -106.996263     33.462  75068.33
 437     -106.994403     33.468  72645.02
 438     -106.992433     33.474  70310.34
 439     -106.990361     33.48   68066.93
 440     -106.988197     33.486  65916.79
 441     -106.985952     33.492  63861.33
 442     -106.983635     33.498  61901.26
 443     -106.981257     33.505  60036.75
 444     -106.978829     33.511  58267.41
 445     -106.976362     33.517  56592.46
 446     -106.973864     33.523  55010.79
 447     -106.971345     33.529  53521.14
 448     -106.968813     33.534  52122.18
 449     -106.966274     33.54   50812.7
 450     -106.963732     33.545  49591.6
 451     -106.961192     33.551  48458.07
 452     -106.958657     33.556  47411.62
 453     -106.956125     33.561  46451.91
 454     -106.953599     33.566  45578.77
 455     -106.951079     33.571  44792.09
 456     -106.948564     33.575  44091.77
 457     -106.946055     33.58   43477.57
 458     -106.943555     33.584  42948.88
 459     -106.941066     33.589  42505.09
 460     -106.938591     33.593  42145.56
 461     -106.936134     33.597  41869.61
 462     -106.933698     33.6    41676.42
 463     -106.931286     33.604  41565.04
 464     -106.928905     33.607  41533.77
 465     -106.926452     33.61   41533.77
 466     -106.92387  33.613  41533.77
 467     -106.921173     33.616  41533.77
 468     -106.918378     33.618  41533.77
 469     -106.915499     33.62   41533.77
 470     -106.912551     33.622  41533.76
 471     -106.909547     33.624  41533.76
 472     -106.906503     33.625  41533.76
 473     -106.903435     33.626  41533.76
 474     -106.900364     33.627  41533.76
 475     -106.897308     33.627  41533.76
 476     -106.894288     33.627  41533.76
 477     -106.891328     33.627  41533.76
 478     -106.88845  33.627  41533.76
 479     -106.885677     33.627  41533.76
 480     -106.883036     33.626  41533.76
 481     -106.88055  33.625  41533.76
 482     -106.878244     33.624  41533.76
 483     -106.876141     33.623  41533.76
 484     -106.874261     33.621  41533.76
 485     -106.872625     33.62   41533.76
 486     -106.871248     33.618  41533.76
 487     -106.870144     33.616  41533.75
 488     -106.869324     33.614  41533.75
 489     -106.868795     33.612  41533.75
 490     -106.868538     33.61   41537.91
 491     -106.868387     33.609  41579.71
 492     -106.868302     33.607  41663.12
 493     -106.868276     33.605  41783.53
 494     -106.8683   33.603  41935.96
 495     -106.868366     33.602  42115.18
 496     -106.868468     33.6    42315.9
 497     -106.868599     33.599  42532.72
 498     -106.868753     33.597  42760.45
 499     -106.868926     33.596  42994.3
 500     -106.869114     33.595  43229.94
 501     -106.869312     33.594  43463.49
 502     -106.86952  33.593  43691.56
 503     -106.869733     33.592  43911.16
 504     -106.869951     33.591  44119.71
 505     -106.870173     33.59   44315.01
 506     -106.870397     33.589  44495.14
 507     -106.870623     33.588  44658.51
 508     -106.870852     33.588  44803.76
 509     -106.871081     33.587  44929.77
 510     -106.871313     33.586  45035.59
 511     -106.871546     33.585  45120.49
 512     -106.871782     33.585  45183.89
 513     -106.87202  33.584  45225.39
 514     -106.872261     33.583  45244.71
 515     -106.872505     33.583  45241.75
 516     -106.872754     33.582  45216.55
 517     -106.873008     33.581  45169.3
 518     -106.873268     33.58   45100.33
 519     -106.873536     33.58   45010.14
 520     -106.873812     33.579  44899.36
