FORMAT LATLON FEET
# Time    Long    Lat     Alt
 0   -106.967861     32.973  0
 1   -106.96789  32.973  -0.00008
 2   -106.967974     32.973  -0.00032
 3   -106.968115     32.972  -0.00072
 4   -106.968313     32.972  -0.00126
 5   -106.968566     32.972  -0.00195
 6   -106.968876     32.972  -0.00278
 7   -106.969241     32.971  -0.00374
 8   -106.969661     32.971  -0.00482
 9   -106.970125     32.97   0.13302
 10  -106.970625     32.97   10.926
 11  -106.97116  32.969  39.182
 12  -106.971724     32.969  85.401
 13  -106.972314     32.968  150.1
 14  -106.972926     32.967  233.66
 15  -106.973552     32.967  336.39
 16  -106.97419  32.966  458.55
 17  -106.974834     32.965  600.36
 18  -106.975478     32.965  761.96
 19  -106.97613  32.964  941.02
 20  -106.976879     32.963  1125.04
 21  -106.977736     32.963  1312.14
 22  -106.978686     32.962  1502.35
 23  -106.979715     32.962  1695.7
 24  -106.980801     32.962  1892.2
 25  -106.981927     32.962  2091.86
 26  -106.983081     32.962  2295.74
 27  -106.984259     32.962  2503.99
 28  -106.985459     32.962  2716.6
 29  -106.986675     32.962  2933.58
 30  -106.987904     32.962  3154.9
 31  -106.989143     32.962  3380.58
 32  -106.990389     32.963  3610.6
 33  -106.991636     32.963  3844.96
 34  -106.992881     32.964  4083.65
 35  -106.994122     32.964  4326.67
 36  -106.995353     32.965  4574.01
 37  -106.996572     32.965  4825.67
 38  -106.997775     32.966  5081.64
 39  -106.998959     32.967  5341.93
 40  -107.000119     32.968  5606.52
 41  -107.001252     32.969  5875.43
 42  -107.002356     32.97   6148.63
 43  -107.003427     32.971  6426.14
 44  -107.004461     32.972  6707.95
 45  -107.005456     32.973  6994.07
 46  -107.006409     32.974  7284.49
 47  -107.007317     32.975  7579.22
 48  -107.008176     32.976  7878.26
 49  -107.008985     32.978  8181.62
 50  -107.009741     32.979  8489.3
 51  -107.010441     32.98   8801.31
 52  -107.011083     32.982  9117.66
 53  -107.011664     32.983  9438.35
 54  -107.012182     32.985  9763.39
 55  -107.012636     32.986  10092.8
 56  -107.013024     32.988  10426.57
 57  -107.013343     32.99   10764.73
 58  -107.013591     32.991  11107.28
 59  -107.013768     32.993  11454.24
 60  -107.013871     32.995  11805.62
 61  -107.013901     32.996  12161.36
 62  -107.013904     32.998  12519
 63  -107.013907     33  12877.48
 64  -107.01391  33.002  13236.9
 65  -107.013913     33.003  13597.38
 66  -107.013915     33.005  13959.03
 67  -107.013918     33.007  14321.94
 68  -107.013921     33.009  14686.22
 69  -107.013923     33.011  15051.98
 70  -107.013926     33.012  15419.3
 71  -107.013928     33.014  15788.28
 72  -107.013931     33.016  16159.02
 73  -107.013933     33.018  16531.6
 74  -107.013935     33.02   16906.12
 75  -107.013937     33.021  17282.66
 76  -107.013939     33.023  17661.32
 77  -107.013941     33.025  18042.16
 78  -107.013944     33.027  18425.29
 79  -107.013946     33.029  18810.78
 80  -107.013947     33.031  19198.72
 81  -107.013949     33.033  19589.18
 82  -107.013951     33.035  19982.25
 83  -107.013953     33.037  20378
 84  -107.013955     33.039  20776.52
 85  -107.013957     33.04   21177.87
 86  -107.013959     33.042  21582.15
 87  -107.01396  33.044  21989.43
 88  -107.013962     33.046  22399.78
 89  -107.013964     33.048  22813.28
 90  -107.013965     33.05   23230
 91  -107.013967     33.053  23650.03
 92  -107.013968     33.055  24073.45
 93  -107.01397  33.057  24503.02
 94  -107.013972     33.059  24960.91
 95  -107.013974     33.061  25451.86
 96  -107.013976     33.063  25975.54
 97  -107.013978     33.065  26531.56
 98  -107.01398  33.066  27119.34
 99  -107.013982     33.068  27735.22
 100     -107.013985     33.07   28362.55
 101     -107.013987     33.072  28999.1
 102     -107.013989     33.073  29644.82
 103     -107.013991     33.075  30299.68
 104     -107.013994     33.077  30963.65
 105     -107.013996     33.079  31636.7
 106     -107.013998     33.081  32318.82
 107     -107.014    33.083  33009.99
 108     -107.014002     33.085  33710.22
 109     -107.014004     33.087  34419.58
 110     -107.014006     33.089  35138.2
 111     -107.014008     33.091  35866.25
 112     -107.01401  33.093  36603.85
 113     -107.014012     33.095  37351.17
 114     -107.014014     33.097  38108.38
 115     -107.014015     33.099  38875.64
 116     -107.014017     33.102  39653.12
 117     -107.014019     33.104  40441
 118     -107.01402  33.106  41239.47
 119     -107.014022     33.108  42048.71
 120     -107.014023     33.111  42868.93
 121     -107.014025     33.113  43700.45
 122     -107.014026     33.115  44543.73
 123     -107.014027     33.118  45399.27
 124     -107.014029     33.12   46267.56
 125     -107.01403  33.123  47149.07
 126     -107.014031     33.125  48044.32
 127     -107.014032     33.128  48953.8
 128     -107.014033     33.13   49878.02
 129     -107.014034     33.133  50817.5
 130     -107.014035     33.136  51772.77
 131     -107.014036     33.138  52750.47
 132     -107.014037     33.141  53781.08
 133     -107.014039     33.144  54868.38
 134     -107.014041     33.146  56011.89
 135     -107.014044     33.148  57210.92
 136     -107.014047     33.15   58464.6
 137     -107.01405  33.152  59771.78
 138     -107.014053     33.154  61130.88
 139     -107.014057     33.156  62539.67
 140     -107.01406  33.157  63995.51
 141     -107.014063     33.159  65495.41
 142     -107.014067     33.16   67035.95
 143     -107.014069     33.16   68613.31
 144     -107.014071     33.161  70223.16
 145     -107.014073     33.161  71863.49
 146     -107.014075     33.162  73536.15
 147     -107.014076     33.162  75242.32
 148     -107.014078     33.162  76983.17
 149     -107.014079     33.163  78759.88
 150     -107.01408  33.163  80573.64
 151     -107.014082     33.164  82425.65
 152     -107.014083     33.164  84317.12
 153     -107.014084     33.165  86249.24
 154     -107.014085     33.165  88223.25
 155     -107.014086     33.166  90240.3
 156     -107.014087     33.166  92301.59
 157     -107.014088     33.167  94408.3
 158     -107.014089     33.167  96561.63
 159     -107.014089     33.168  98762.79
 160     -107.01409  33.168  101013
 161     -107.01409  33.169  103313.52
 162     -107.014091     33.17   105665.59
 163     -107.014091     33.17   108070.51
 164     -107.014091     33.171  110529.58
 165     -107.014091     33.171  113044.11
 166     -107.014091     33.172  115615.42
 167     -107.01409  33.173  118244.84
 168     -107.01409  33.173  120933.73
 169     -107.014089     33.174  123683.44
 170     -107.014089     33.175  126495.36
 171     -107.014088     33.175  129370.85
 172     -107.014087     33.176  132311.33
 173     -107.014086     33.177  135318.21
 174     -107.014084     33.178  138392.93
 175     -107.014082     33.178  141536.95
 176     -107.014081     33.179  144751.73
 177     -107.014079     33.18   148038.78
 178     -107.014076     33.181  151399.61
 179     -107.014074     33.182  154835.77
 180     -107.014071     33.182  158348.82
 181     -107.014068     33.183  161920.03
 182     -107.014065     33.184  165467.35
 183     -107.014062     33.185  168982.07
 184     -107.014058     33.186  172464.34
 185     -107.014055     33.187  175914.3
 186     -107.01405  33.188  179332.04
 187     -107.014046     33.189  182717.67
 188     -107.014042     33.189  186071.27
 189     -107.014037     33.19   189392.91
 190     -107.014032     33.191  192682.67
 191     -107.014027     33.192  195940.59
 192     -107.014022     33.193  199166.74
 193     -107.014017     33.194  202361.16
 194     -107.014011     33.195  205523.88
 195     -107.014005     33.195  208654.95
 196     -107.013999     33.196  211754.4
 197     -107.013993     33.197  214822.26
 198     -107.013987     33.198  217858.55
 199     -107.01398  33.199  220863.3
 200     -107.013973     33.2    223836.54
 201     -107.013966     33.201  226778.28
 202     -107.013959     33.201  229688.54
 203     -107.013952     33.202  232567.34
 204     -107.013944     33.203  235414.7
 205     -107.013936     33.204  238230.64
 206     -107.013928     33.205  241015.16
 207     -107.01392  33.206  243768.28
 208     -107.013912     33.206  246490.02
 209     -107.013903     33.207  249180.39
 210     -107.013895     33.208  251839.39
 211     -107.013886     33.209  254467.04
 212     -107.013877     33.21   257063.35
 213     -107.013868     33.211  259628.34
 214     -107.013858     33.211  262162
 215     -107.013849     33.212  264664.34
 216     -107.013839     33.213  267135.39
 217     -107.013829     33.214  269575.14
 218     -107.013819     33.215  271983.6
 219     -107.013809     33.216  274360.79
 220     -107.013798     33.216  276706.71
 221     -107.013788     33.217  279021.36
 222     -107.013777     33.218  281304.77
 223     -107.013766     33.219  283556.92
 224     -107.013755     33.22   285777.83
 225     -107.013744     33.221  287967.51
 226     -107.013732     33.221  290125.96
 227     -107.013721     33.222  292253.19
 228     -107.013709     33.223  294349.21
 229     -107.013697     33.224  296414.02
 230     -107.013685     33.225  298447.62
 231     -107.013673     33.226  300450.04
 232     -107.01366  33.226  302421.26
 233     -107.013648     33.227  304361.3
 234     -107.013635     33.228  306270.16
 235     -107.013622     33.229  308147.85
 236     -107.013609     33.23   309994.38
 237     -107.013596     33.23   311809.74
 238     -107.013583     33.231  313593.95
 239     -107.01357  33.232  315347.01
 240     -107.013556     33.233  317068.92
 241     -107.013542     33.234  318759.69
 242     -107.013529     33.235  320419.33
 243     -107.013514     33.235  322047.84
 244     -107.0135   33.236  323645.22
 245     -107.013486     33.237  325211.48
 246     -107.013472     33.238  326746.63
 247     -107.013457     33.239  328250.66
 248     -107.013442     33.239  329723.59
 249     -107.013427     33.24   331165.41
 250     -107.013413     33.241  332576.14
 251     -107.013397     33.242  333955.77
 252     -107.013382     33.243  335304.31
 253     -107.013367     33.243  336621.76
 254     -107.013351     33.244  337908.13
 255     -107.013336     33.245  339163.43
 256     -107.01332  33.246  340387.64
 257     -107.013304     33.247  341580.79
 258     -107.013288     33.247  342742.87
 259     -107.013272     33.248  343873.88
 260     -107.013255     33.249  344973.84
 261     -107.013239     33.25   346042.73
 262     -107.013223     33.251  347080.57
 263     -107.013206     33.251  348087.35
 264     -107.013189     33.252  349063.09
 265     -107.013172     33.253  350007.78
 266     -107.013155     33.254  350921.43
 267     -107.013138     33.255  351804.04
 268     -107.013121     33.255  352655.61
 269     -107.013104     33.256  353476.14
 270     -107.013086     33.257  354265.64
 271     -107.013069     33.258  355024.11
 272     -107.013051     33.259  355751.55
 273     -107.013033     33.259  356447.96
 274     -107.013015     33.26   357113.35
 275     -107.012997     33.261  357747.72
 276     -107.012979     33.262  358351.06
 277     -107.012961     33.263  358923.38
 278     -107.012942     33.263  359464.69
 279     -107.012924     33.264  359974.98
 280     -107.012905     33.265  360454.26
 281     -107.012887     33.266  360902.53
 282     -107.012868     33.267  361319.78
 283     -107.012849     33.267  361706.02
 284     -107.01283  33.268  362061.26
 285     -107.012811     33.269  362385.48
 286     -107.012792     33.27   362678.7
 287     -107.012773     33.271  362940.91
 288     -107.012753     33.271  363172.11
 289     -107.012734     33.272  363372.31
 290     -107.012715     33.273  363541.51
 291     -107.012695     33.274  363679.7
 292     -107.012675     33.275  363786.89
 293     -107.012655     33.275  363863.07
 294     -107.012636     33.276  363908.25
 295     -107.012616     33.277  363922.43
 296     -107.012596     33.278  363905.6
 297     -107.012575     33.278  363857.78
 298     -107.012555     33.279  363778.94
 299     -107.012535     33.28   363669.11
 300     -107.012515     33.281  363528.27
 301     -107.012494     33.282  363356.43
 302     -107.012473     33.282  363153.58
 303     -107.012453     33.283  362919.73
 304     -107.012432     33.284  362654.87
 305     -107.012411     33.285  362359.01
 306     -107.01239  33.286  362032.14
 307     -107.01237  33.286  361674.26
 308     -107.012349     33.287  361285.37
 309     -107.012327     33.288  360865.47
 310     -107.012306     33.289  360414.56
 311     -107.012285     33.29   359932.63
 312     -107.012264     33.29   359419.69
 313     -107.012242     33.291  358875.74
 314     -107.012221     33.292  358300.76
 315     -107.012199     33.293  357694.77
 316     -107.012178     33.294  357057.76
 317     -107.012156     33.294  356389.72
 318     -107.012135     33.295  355690.66
 319     -107.012113     33.296  354960.57
 320     -107.012091     33.297  354199.46
 321     -107.012069     33.298  353407.31
 322     -107.012047     33.298  352584.13
 323     -107.012025     33.299  351729.91
 324     -107.012003     33.3    350844.66
 325     -107.011981     33.301  349928.36
 326     -107.011959     33.302  348981.02
 327     -107.011937     33.302  348002.64
 328     -107.011914     33.303  346993.2
 329     -107.011892     33.304  345952.72
 330     -107.01187  33.305  344881.18
 331     -107.011847     33.306  343778.58
 332     -107.011825     33.306  342644.92
 333     -107.011802     33.307  341480.19
 334     -107.01178  33.308  340284.4
 335     -107.011757     33.309  339057.53
 336     -107.011734     33.31   337799.6
 337     -107.011712     33.31   336510.58
 338     -107.011689     33.311  335190.48
 339     -107.011666     33.312  333839.3
 340     -107.011643     33.313  332457.02
 341     -107.011621     33.314  331043.65
 342     -107.011598     33.314  329599.19
 343     -107.011575     33.315  328123.62
 344     -107.011552     33.316  326616.95
 345     -107.011529     33.317  325079.17
 346     -107.011506     33.318  323510.27
 347     -107.011482     33.318  321910.26
 348     -107.011459     33.319  320279.12
 349     -107.011436     33.32   318616.85
 350     -107.011413     33.321  316923.45
 351     -107.01139  33.322  315198.91
 352     -107.011367     33.323  313443.24
 353     -107.011343     33.323  311656.41
 354     -107.01132  33.324  309838.44
 355     -107.011297     33.325  307989.31
 356     -107.011273     33.326  306109.01
 357     -107.01125  33.327  304197.56
 358     -107.011227     33.327  302254.93
 359     -107.011203     33.328  300281.12
 360     -107.01118  33.329  298276.14
 361     -107.011156     33.33   296239.98
 362     -107.011133     33.331  294172.62
 363     -107.011109     33.332  292074.07
 364     -107.011086     33.332  289944.33
 365     -107.011062     33.333  287783.38
 366     -107.011039     33.334  285591.23
 367     -107.011015     33.335  283367.87
 368     -107.010992     33.336  281113.3
 369     -107.010968     33.336  278827.52
 370     -107.010944     33.337  276510.52
 371     -107.010921     33.338  274162.3
 372     -107.010897     33.339  271782.88
 373     -107.010873     33.34   269372.23
 374     -107.01085  33.341  266930.38
 375     -107.010826     33.341  264457.32
 376     -107.010802     33.342  261953.06
 377     -107.010779     33.343  259417.6
 378     -107.010755     33.344  256850.97
 379     -107.010731     33.345  254253.16
 380     -107.010708     33.346  251624.21
 381     -107.010684     33.347  248964.12
 382     -107.01066  33.347  246272.92
 383     -107.010636     33.348  243550.63
 384     -107.010612     33.349  240797.3
 385     -107.010588     33.35   238012.95
 386     -107.010564     33.351  235197.64
 387     -107.01054  33.352  232351.41
 388     -107.010516     33.353  229474.33
 389     -107.010492     33.353  226566.47
 390     -107.010468     33.354  223627.92
 391     -107.010443     33.355  220658.76
 392     -107.010419     33.356  217659.12
 393     -107.010395     33.357  214629.11
 394     -107.01037  33.358  211568.9
 395     -107.010345     33.359  208478.64
 396     -107.01032  33.36   205358.53
 397     -107.010295     33.361  202208.79
 398     -107.010269     33.361  199029.68
 399     -107.010244     33.362  195821.49
 400     -107.010218     33.363  192584.57
 401     -107.010191     33.364  189319.31
 402     -107.010164     33.365  186026.19
 403     -107.010137     33.366  182705.74
 404     -107.010109     33.367  179358.57
 405     -107.010081     33.368  175985.42
 406     -107.010051     33.37   172587.08
 407     -107.010021     33.371  169164.53
 408     -107.00999  33.372  165718.86
 409     -107.009958     33.373  162251.4
 410     -107.009925     33.374  158763.69
 411     -107.00989  33.376  155257.57
 412     -107.009853     33.377  151735.15
 413     -107.009815     33.378  148198.99
 414     -107.009774     33.38   144652.23
 415     -107.00973  33.382  141098.63
 416     -107.009684     33.383  137542.69
 417     -107.009634     33.385  133989.82
 418     -107.00958  33.387  130446.52
 419     -107.009522     33.389  126920.57
 420     -107.009458     33.392  123421.3
 421     -107.009388     33.394  119959.86
 422     -107.009297     33.397  116548.81
 423     -107.009122     33.4    113193.49
 424     -107.00885  33.404  109893.3
 425     -107.008474     33.407  106648.24
 426     -107.007986     33.411  103458.63
 427     -107.007382     33.415  100325.5
 428     -107.006657     33.42   97250.8
 429     -107.005807     33.424  94236.35
 430     -107.004829     33.429  91284.41
 431     -107.003723     33.434  88398.27
 432     -107.002487     33.439  85581.3
 433     -107.001121     33.445  82836.73
 434     -106.999627     33.45   80167.67
 435     -106.998007     33.456  77577.1
 436     -106.996263     33.462  75068.33
 437     -106.994403     33.468  72645.02
 438     -106.992433     33.474  70310.34
 439     -106.990361     33.48   68066.93
 440     -106.988197     33.486  65916.79
 441     -106.985952     33.492  63861.33
 442     -106.983635     33.498  61901.26
 443     -106.981257     33.505  60036.75
 444     -106.978829     33.511  58267.41
 445     -106.976362     33.517  56592.46
 446     -106.973864     33.523  55010.79
 447     -106.971345     33.529  53521.14
 448     -106.968813     33.534  52122.18
 449     -106.966274     33.54   50812.7
 450     -106.963732     33.545  49591.6
 451     -106.961192     33.551  48458.07
 452     -106.958657     33.556  47411.62
 453     -106.956125     33.561  46451.91
 454     -106.953599     33.566  45578.77
 455     -106.951079     33.571  44792.09
 456     -106.948564     33.575  44091.77
 457     -106.946055     33.58   43477.57
 458     -106.943555     33.584  42948.88
 459     -106.941066     33.589  42505.09
 460     -106.938591     33.593  42145.56
 461     -106.936134     33.597  41869.61
 462     -106.933698     33.6    41676.42
 463     -106.931286     33.604  41565.04
 464     -106.928905     33.607  41533.77
 465     -106.926452     33.61   41533.77
 466     -106.92387  33.613  41533.77
 467     -106.921173     33.616  41533.77
 468     -106.918378     33.618  41533.77
 469     -106.915499     33.62   41533.77
 470     -106.912551     33.622  41533.76
 471     -106.909547     33.624  41533.76
 472     -106.906503     33.625  41533.76
 473     -106.903435     33.626  41533.76
 474     -106.900364     33.627  41533.76
 475     -106.897308     33.627  41533.76
 476     -106.894288     33.627  41533.76
 477     -106.891328     33.627  41533.76
 478     -106.88845  33.627  41533.76
 479     -106.885677     33.627  41533.76
 480     -106.883036     33.626  41533.76
 481     -106.88055  33.625  41533.76
 482     -106.878244     33.624  41533.76
 483     -106.876141     33.623  41533.76
 484     -106.874261     33.621  41533.76
 485     -106.872625     33.62   41533.76
 486     -106.871248     33.618  41533.76
 487     -106.870144     33.616  41533.75
 488     -106.869324     33.614  41533.75
 489     -106.868795     33.612  41533.75
 490     -106.868538     33.61   41537.91
 491     -106.868387     33.609  41579.71
 492     -106.868302     33.607  41663.12
 493     -106.868276     33.605  41783.53
 494     -106.8683   33.603  41935.96
 495     -106.868366     33.602  42115.18
 496     -106.868468     33.6    42315.9
 497     -106.868599     33.599  42532.72
 498     -106.868753     33.597  42760.45
 499     -106.868926     33.596  42994.3
 500     -106.869114     33.595  43229.94
 501     -106.869312     33.594  43463.49
 502     -106.86952  33.593  43691.56
 503     -106.869733     33.592  43911.16
 504     -106.869951     33.591  44119.71
 505     -106.870173     33.59   44315.01
 506     -106.870397     33.589  44495.14
 507     -106.870623     33.588  44658.51
 508     -106.870852     33.588  44803.76
 509     -106.871081     33.587  44929.77
 510     -106.871313     33.586  45035.59
 511     -106.871546     33.585  45120.49
 512     -106.871782     33.585  45183.89
 513     -106.87202  33.584  45225.39
 514     -106.872261     33.583  45244.71
 515     -106.872505     33.583  45241.75
 516     -106.872754     33.582  45216.55
 517     -106.873008     33.581  45169.3
 518     -106.873268     33.58   45100.33
 519     -106.873536     33.58   45010.14
 520     -106.873812     33.579  44899.36
 521     -106.874097     33.578  44768.77
 522     -106.874395     33.578  44619.3
 523     -106.874706     33.577  44452.04
 524     -106.875033     33.576  44268.23
 525     -106.875376     33.576  44069.26
 526     -106.87574  33.575  43856.7
 527     -106.876125     33.574  43632.24
 528     -106.876534     33.573  43397.77
 529     -106.876968     33.572  43155.31
 530     -106.87743  33.571  42907.03
 531     -106.877921     33.571  42655.23
 532     -106.878441     33.57   42402.32
 533     -106.878992     33.569  42150.78
 534     -106.879573     33.568  41903.13
 535     -106.880183     33.567  41661.9
 536     -106.880822     33.566  41429.54
 537     -106.881488     33.564  41208.41
 538     -106.882178     33.563  41000.7
 539     -106.88289  33.562  40808.35
 540     -106.88362  33.561  40633.05
 541     -106.884365     33.56   40476.15
 542     -106.885122     33.558  40338.66
 543     -106.885886     33.557  40221.2
 544     -106.886655     33.556  40123.97
 545     -106.887424     33.555  40046.84
 546     -106.88819  33.553  39989.25
 547     -106.888951     33.552  39950.34
 548     -106.889704     33.551  39928.92
 549     -106.890447     33.55   39923.58
 550     -106.891179     33.549  39932.66
 551     -106.891897     33.547  39954.37
 552     -106.892603     33.546  39986.82
 553     -106.893294     33.545  40028.07
 554     -106.893971     33.544  40076.14
 555     -106.894634     33.543  40129.1
 556     -106.895283     33.542  40185.08
 557     -106.895919     33.541  40242.27
 558     -106.896542     33.54   40298.99
 559     -106.897154     33.539  40353.67
 560     -106.897754     33.538  40404.87
 561     -106.898345     33.537  40451.26
 562     -106.898928     33.536  40491.7
 563     -106.899502     33.535  40525.15
 564     -106.90007  33.534  40550.72
 565     -106.900632     33.534  40567.66
 566     -106.90119  33.533  40575.36
 567     -106.901745     33.532  40573.35
 568     -106.902297     33.531  40561.29
 569     -106.902849     33.53   40538.94
 570     -106.9034   33.53   40506.22
 571     -106.903952     33.529  40463.16
 572     -106.904507     33.528  40409.91
 573     -106.905064     33.527  40346.71
 574     -106.905625     33.526  40273.96
 575     -106.906192     33.526  40192.11
 576     -106.906764     33.525  40101.74
 577     -106.907344     33.524  40003.52
 578     -106.907931     33.523  39898.2
 579     -106.908526     33.522  39786.62
 580     -106.909131     33.521  39669.66
 581     -106.909745     33.521  39548.3
 582     -106.910369     33.52   39423.54
 583     -106.911003     33.519  39296.43
 584     -106.911648     33.518  39168.03
 585     -106.912302     33.517  39039.42
 586     -106.912966     33.516  38911.66
 587     -106.91364  33.515  38785.8
 588     -106.914322     33.514  38662.81
 589     -106.915012     33.513  38543.65
 590     -106.915708     33.512  38429.16
 591     -106.91641  33.511  38320.1
 592     -106.917117     33.51   38217.15
 593     -106.917826     33.51   38120.82
 594     -106.918538     33.509  38031.55
 595     -106.919249     33.508  37949.62
 596     -106.91996  33.507  37875.16
 597     -106.920668     33.506  37808.2
 598     -106.921372     33.505  37748.63
 599     -106.922073     33.504  37696.2
 600     -106.922767     33.503  37650.57
 601     -106.923456     33.502  37611.29
 602     -106.924137     33.501  37577.81
 603     -106.92481  33.5    37549.53
 604     -106.925476     33.499  37525.78
 605     -106.926133     33.498  37505.84
 606     -106.926782     33.497  37488.97
 607     -106.927423     33.496  37474.43
 608     -106.928054     33.495  37461.45
 609     -106.928679     33.494  37449.3
 610     -106.929294     33.493  37437.27
 611     -106.929903     33.492  37424.67
 612     -106.930504     33.491  37410.86
 613     -106.931099     33.49   37395.27
 614     -106.931688     33.489  37377.34
 615     -106.932271     33.488  37356.62
 616     -106.932849     33.488  37332.69
 617     -106.933423     33.487  37305.2
 618     -106.933992     33.486  37273.89
 619     -106.934559     33.485  37238.55
 620     -106.935123     33.484  37199.04
 621     -106.935685     33.483  37155.28
 622     -106.936245     33.483  37107.27
 623     -106.936804     33.482  37055.08
 624     -106.937363     33.481  36998.81
 625     -106.937921     33.48   36938.65
 626     -106.93848  33.479  36874.82
 627     -106.93904  33.478  36807.61
 628     -106.939601     33.477  36737.34
 629     -106.940163     33.477  36664.38
 630     -106.940726     33.476  36589.1
 631     -106.941291     33.475  36511.95
 632     -106.941858     33.474  36433.34
 633     -106.942426     33.473  36353.74
 634     -106.942997     33.472  36273.61
 635     -106.943568     33.471  36193.38
 636     -106.944141     33.47   36113.5
 637     -106.944715     33.47   36034.41
 638     -106.94529  33.469  35956.49
 639     -106.945866     33.468  35880.11
 640     -106.946442     33.467  35805.61
 641     -106.947017     33.466  35733.28
 642     -106.947591     33.465  35663.35
 643     -106.948164     33.464  35596.03
 644     -106.948736     33.463  35531.45
 645     -106.949305     33.462  35469.7
 646     -106.949872     33.461  35410.82
 647     -106.950436     33.46   35354.79
 648     -106.950997     33.46   35301.56
 649     -106.951553     33.459  35251
 650     -106.952106     33.458  35202.96
 651     -106.952655     33.457  35157.26
 652     -106.953199     33.456  35113.66
 653     -106.953738     33.455  35071.92
 654     -106.954273     33.454  35031.77
 655     -106.954803     33.453  34992.91
 656     -106.955328     33.452  34955.04
 657     -106.955849     33.451  34917.88
 658     -106.956365     33.45   34881.11
 659     -106.956876     33.45   34844.45
 660     -106.957382     33.449  34807.62
 661     -106.957885     33.448  34770.34
 662     -106.958383     33.447  34732.38
 663     -106.958877     33.446  34693.52
 664     -106.959368     33.445  34653.56
 665     -106.959855     33.444  34612.33
 666     -106.960339     33.443  34569.69
 667     -106.960819     33.443  34525.55
 668     -106.961298     33.442  34479.82
 669     -106.961773     33.441  34432.46
 670     -106.962246     33.44   34383.45
 671     -106.962717     33.439  34332.82
 672     -106.963186     33.438  34280.61
 673     -106.963654     33.437  34226.89
 674     -106.96412  33.437  34171.76
 675     -106.964584     33.436  34115.33
 676     -106.965047     33.435  34057.75
 677     -106.965509     33.434  33999.17
 678     -106.965969     33.433  33939.75
 679     -106.966429     33.432  33879.68
 680     -106.966887     33.431  33819.13
 681     -106.967344     33.431  33758.31
 682     -106.9678   33.43   33697.38
 683     -106.968254     33.429  33636.54
 684     -106.968708     33.428  33575.96
 685     -106.96916  33.427  33515.8
 686     -106.96961  33.426  33456.22
 687     -106.970059     33.425  33397.35
 688     -106.970506     33.424  33339.31
 689     -106.97095  33.424  33282.2
 690     -106.971393     33.423  33226.07
 691     -106.971834     33.422  33170.97
 692     -106.972272     33.421  33116.93
 693     -106.972708     33.42   33063.93
 694     -106.973142     33.419  33011.97
 695     -106.973572     33.418  32961.01
 696     -106.974    33.417  32911
 697     -106.974425     33.416  32861.87
 698     -106.974847     33.416  32813.54
 699     -106.975266     33.415  32765.92
 700     -106.975682     33.414  32718.91
 701     -106.976096     33.413  32672.4
 702     -106.976506     33.412  32626.29
 703     -106.976913     33.411  32580.46
 704     -106.977317     33.41   32534.8
 705     -106.977718     33.409  32489.2
 706     -106.978116     33.409  32443.56
 707     -106.978512     33.408  32397.77
 708     -106.978905     33.407  32351.75
 709     -106.979294     33.406  32305.41
 710     -106.979682     33.405  32258.69
 711     -106.980066     33.404  32211.51
 712     -106.980449     33.403  32163.84
 713     -106.980829     33.402  32115.63
 714     -106.981207     33.402  32066.86
 715     -106.981582     33.401  32017.53
 716     -106.981955     33.4    31967.62
 717     -106.982326     33.399  31917.16
 718     -106.982695     33.398  31866.16
 719     -106.983063     33.397  31814.67
 720     -106.983428     33.396  31762.71
 721     -106.983791     33.396  31710.35
 722     -106.984153     33.395  31657.63
 723     -106.984513     33.394  31604.62
 724     -106.984871     33.393  31551.39
 725     -106.985227     33.392  31498
 726     -106.985581     33.391  31444.52
 727     -106.985934     33.39   31391.03
 728     -106.986284     33.39   31337.58
 729     -106.986633     33.389  31284.24
 730     -106.98698  33.388  31231.08
 731     -106.987326     33.387  31178.14
 732     -106.987669     33.386  31125.48
 733     -106.98801  33.385  31073.14
 734     -106.988349     33.384  31021.15
 735     -106.988687     33.383  30969.54
 736     -106.989022     33.383  30918.33
 737     -106.989355     33.382  30867.53
 738     -106.989686     33.381  30817.14
 739     -106.990015     33.38   30767.16
 740     -106.990342     33.379  30717.58
 741     -106.990666     33.378  30668.37
 742     -106.990989     33.377  30619.52
 743     -106.991309     33.377  30570.98
 744     -106.991627     33.376  30522.74
 745     -106.991942     33.375  30474.75
 746     -106.992255     33.374  30426.97
 747     -106.992567     33.373  30379.35
 748     -106.992876     33.372  30331.86
 749     -106.993182     33.371  30284.45
 750     -106.993487     33.371  30237.08
 751     -106.993789     33.37   30189.71
 752     -106.994088     33.369  30142.3
 753     -106.994386     33.368  30094.81
 754     -106.99468  33.367  30047.22
 755     -106.994971     33.366  29999.49
 756     -106.99526  33.365  29951.6
 757     -106.995545     33.365  29903.54
 758     -106.995828     33.364  29855.29
 759     -106.996107     33.363  29806.85
 760     -106.996383     33.362  29758.21
 761     -106.996655     33.361  29709.38
 762     -106.996924     33.36   29660.36
 763     -106.99719  33.359  29611.17
 764     -106.997452     33.359  29561.81
 765     -106.99771  33.358  29512.32
 766     -106.997964     33.357  29462.71
 767     -106.998214     33.356  29413
 768     -106.998461     33.355  29363.22
 769     -106.998703     33.354  29313.4
 770     -106.998942     33.353  29263.57
 771     -106.999176     33.353  29213.75
 772     -106.999406     33.352  29163.96
 773     -106.999632     33.351  29114.24
 774     -106.999853     33.35   29064.6
 775     -107.00007  33.349  29015.08
 776     -107.000283     33.348  28965.68
 777     -107.000491     33.347  28916.43
 778     -107.000694     33.347  28867.33
 779     -107.000893     33.346  28818.4
 780     -107.001087     33.345  28769.64
 781     -107.001276     33.344  28721.06
 782     -107.001461     33.343  28672.66
 783     -107.001641     33.342  28624.44
 784     -107.001816     33.341  28576.38
 785     -107.001986     33.34   28528.49
 786     -107.002151     33.34   28480.74
 787     -107.002312     33.339  28433.14
 788     -107.002468     33.338  28385.66
 789     -107.002618     33.337  28338.29
 790     -107.002764     33.336  28291.01
 791     -107.002906     33.335  28243.81
 792     -107.003042     33.334  28196.67
 793     -107.003173     33.334  28149.57
 794     -107.0033   33.333  28102.5
 795     -107.003422     33.332  28055.44
 796     -107.003539     33.331  28008.38
 797     -107.003652     33.33   27961.3
 798     -107.00376  33.329  27914.2
 799     -107.003863     33.328  27867.07
 800     -107.003961     33.328  27819.9
 801     -107.004055     33.327  27772.69
 802     -107.004144     33.326  27725.43
 803     -107.004229     33.325  27678.12
 804     -107.004309     33.324  27630.76
 805     -107.004384     33.323  27583.36
 806     -107.004456     33.323  27535.92
 807     -107.004523     33.322  27488.45
 808     -107.004585     33.321  27440.95
 809     -107.004643     33.32   27393.44
 810     -107.004697     33.319  27345.92
 811     -107.004746     33.318  27298.4
 812     -107.004792     33.317  27250.89
 813     -107.004833     33.317  27203.4
 814     -107.00487  33.316  27155.94
 815     -107.004903     33.315  27108.53
 816     -107.004932     33.314  27061.17
 817     -107.004957     33.313  27013.87
 818     -107.004978     33.312  26966.63
 819     -107.004995     33.311  26919.46
 820     -107.005008     33.311  26872.38
 821     -107.005018     33.31   26825.37
 822     -107.005024     33.309  26778.45
 823     -107.005026     33.308  26731.62
 824     -107.005024     33.307  26684.87
 825     -107.005019     33.306  26638.21
 826     -107.005011     33.306  26591.63
 827     -107.004999     33.305  26545.13
 828     -107.004984     33.304  26498.71
 829     -107.004965     33.303  26452.35
 830     -107.004943     33.302  26406.07
 831     -107.004918     33.301  26359.84
 832     -107.00489  33.301  26313.66
 833     -107.004858     33.3    26267.54
 834     -107.004824     33.299  26221.45
 835     -107.004786     33.298  26175.4
 836     -107.004746     33.297  26129.37
 837     -107.004703     33.296  26083.37
 838     -107.004657     33.296  26037.39
 839     -107.004608     33.295  25991.42
 840     -107.004557     33.294  25945.47
 841     -107.004503     33.293  25899.52
 842     -107.004447     33.292  25853.58
 843     -107.004388     33.291  25807.64
 844     -107.004326     33.291  25761.71
 845     -107.004262     33.29   25715.78
 846     -107.004196     33.289  25669.87
 847     -107.004128     33.288  25623.96
 848     -107.004057     33.287  25578.06
 849     -107.003984     33.286  25532.18
 850     -107.003909     33.286  25486.31
 851     -107.003832     33.285  25440.46
 852     -107.003753     33.284  25394.64
 853     -107.003673     33.283  25348.84
 854     -107.00359  33.282  25303.07
 855     -107.003505     33.282  25257.34
 856     -107.003419     33.281  25211.64
 857     -107.00333  33.28   25165.98
 858     -107.003241     33.279  25120.37
 859     -107.003149     33.278  25074.8
 860     -107.003056     33.277  25029.27
 861     -107.002962     33.277  24983.8
 862     -107.002865     33.276  24938.37
 863     -107.002768     33.275  24892.99
 864     -107.002669     33.274  24847.67
 865     -107.002569     33.273  24802.39
 866     -107.002468     33.273  24757.17
 867     -107.002365     33.272  24711.99
 868     -107.002261     33.271  24666.86
 869     -107.002156     33.27   24621.77
 870     -107.00205  33.269  24576.73
 871     -107.001943     33.269  24531.73
 872     -107.001835     33.268  24486.77
 873     -107.001726     33.267  24441.84
 874     -107.001616     33.266  24396.95
 875     -107.001505     33.265  24352.09
 876     -107.001393     33.265  24307.27
 877     -107.001281     33.264  24262.47
 878     -107.001168     33.263  24217.69
 879     -107.001054     33.262  24172.95
 880     -107.000939     33.261  24128.22
 881     -107.000824     33.261  24083.52
 882     -107.000708     33.26   24038.84
 883     -107.000592     33.259  23994.19
 884     -107.000475     33.258  23949.55
 885     -107.000357     33.257  23904.94
 886     -107.000239     33.257  23860.34
 887     -107.000121     33.256  23815.77
 888     -107.000003     33.255  23771.23
 889     -106.999883     33.254  23726.7
 890     -106.999764     33.253  23682.21
 891     -106.999644     33.253  23637.73
 892     -106.999524     33.252  23593.29
 893     -106.999404     33.251  23548.88
 894     -106.999284     33.25   23504.49
 895     -106.999163     33.249  23460.14
 896     -106.999042     33.249  23415.82
 897     -106.998921     33.248  23371.53
 898     -106.9988   33.247  23327.27
 899     -106.998679     33.246  23283.06
 900     -106.998558     33.245  23238.87
 901     -106.998437     33.245  23194.73
 902     -106.998316     33.244  23150.62
 903     -106.998195     33.243  23106.55
 904     -106.998074     33.242  23062.52
 905     -106.997953     33.242  23018.52
 906     -106.997832     33.241  22974.56
 907     -106.997711     33.24   22930.63
 908     -106.99759  33.239  22886.74
 909     -106.99747  33.238  22842.89
 910     -106.997349     33.238  22799.07
 911     -106.997229     33.237  22755.28
 912     -106.997109     33.236  22711.52
 913     -106.996989     33.235  22667.8
 914     -106.99687  33.235  22624.11
 915     -106.99675  33.234  22580.44
 916     -106.996631     33.233  22536.81
 917     -106.996513     33.232  22493.21
 918     -106.996394     33.231  22449.63
 919     -106.996276     33.231  22406.08
 920     -106.996158     33.23   22362.55
 921     -106.996041     33.229  22319.06
 922     -106.995924     33.228  22275.59
 923     -106.995807     33.228  22232.14
 924     -106.99569  33.227  22188.72
 925     -106.995574     33.226  22145.33
 926     -106.995459     33.225  22101.96
 927     -106.995343     33.225  22058.63
 928     -106.995229     33.224  22015.31
 929     -106.995114     33.223  21972.03
 930     -106.995    33.222  21928.77
 931     -106.994887     33.221  21885.55
 932     -106.994774     33.221  21842.35
 933     -106.994661     33.22   21799.18
 934     -106.994549     33.219  21756.03
 935     -106.994437     33.218  21712.92
 936     -106.994326     33.218  21669.84
 937     -106.994215     33.217  21626.79
 938     -106.994105     33.216  21583.78
 939     -106.993995     33.215  21540.79
 940     -106.993885     33.215  21497.83
 941     -106.993776     33.214  21454.91
 942     -106.993668     33.213  21412.01
 943     -106.99356  33.212  21369.15
 944     -106.993453     33.212  21326.32
 945     -106.993346     33.211  21283.52
 946     -106.99324  33.21   21240.75
 947     -106.993134     33.209  21198.01
 948     -106.993028     33.208  21155.3
 949     -106.992924     33.208  21112.62
 950     -106.992819     33.207  21069.97
 951     -106.992716     33.206  21027.35
 952     -106.992612     33.205  20984.76
 953     -106.99251  33.205  20942.2
 954     -106.992407     33.204  20899.66
 955     -106.992306     33.203  20857.16
 956     -106.992204     33.202  20814.68
 957     -106.992104     33.202  20772.23
 958     -106.992004     33.201  20729.8
 959     -106.991904     33.2    20687.4
 960     -106.991805     33.199  20645.03
 961     -106.991706     33.199  20602.69
 962     -106.991608     33.198  20560.37
 963     -106.99151  33.197  20518.09
 964     -106.991413     33.196  20475.82
 965     -106.991317     33.196  20433.59
 966     -106.99122  33.195  20391.38
 967     -106.991125     33.194  20349.2
 968     -106.99103  33.193  20307.05
 969     -106.990935     33.193  20264.92
 970     -106.990841     33.192  20222.82
 971     -106.990747     33.191  20180.75
 972     -106.990654     33.19   20138.71
 973     -106.990562     33.19   20096.69
 974     -106.990469     33.189  20054.71
 975     -106.990378     33.188  20012.75
 976     -106.990286     33.187  19970.82
 977     -106.990195     33.187  19928.92
 978     -106.990105     33.186  19887.05
 979     -106.990015     33.185  19845.2
 980     -106.989926     33.184  19803.38
 981     -106.989837     33.184  19761.6
 982     -106.989748     33.183  19719.84
 983     -106.98966  33.182  19678.1
 984     -106.989572     33.182  19636.4
 985     -106.989485     33.181  19594.72
 986     -106.989398     33.18   19553.07
 987     -106.989311     33.179  19511.45
 988     -106.989225     33.179  19469.86
 989     -106.98914  33.178  19428.29
 990     -106.989055     33.177  19386.75
 991     -106.98897  33.176  19345.24
 992     -106.988885     33.176  19303.76
 993     -106.988801     33.175  19262.3
 994     -106.988717     33.174  19220.86
 995     -106.988634     33.173  19179.46
 996     -106.988551     33.173  19138.08
 997     -106.988469     33.172  19096.73
 998     -106.988386     33.171  19055.4
 999     -106.988305     33.17   19014.1
 1000    -106.988223     33.17   18972.82
 1001    -106.988142     33.169  18931.58
 1002    -106.988061     33.168  18890.35
 1003    -106.98798  33.168  18849.16
 1004    -106.9879   33.167  18807.99
 1005    -106.98782  33.166  18766.85
 1006    -106.987741     33.165  18725.73
 1007    -106.987662     33.165  18684.64
 1008    -106.987583     33.164  18643.58
 1009    -106.987504     33.163  18602.54
 1010    -106.987426     33.162  18561.53
 1011    -106.987347     33.162  18520.54
 1012    -106.98727  33.161  18479.58
 1013    -106.987192     33.16   18438.65
 1014    -106.987115     33.16   18397.75
 1015    -106.987038     33.159  18356.87
 1016    -106.986961     33.158  18316.01
 1017    -106.986885     33.157  18275.19
 1018    -106.986809     33.157  18234.39
 1019    -106.986733     33.156  18193.61
 1020    -106.986657     33.155  18152.87
 1021    -106.986581     33.154  18112.14
 1022    -106.986506     33.154  18071.45
 1023    -106.986431     33.153  18030.78
 1024    -106.986356     33.152  17990.14
 1025    -106.986282     33.152  17949.52
 1026    -106.986207     33.151  17908.93
 1027    -106.986133     33.15   17868.36
 1028    -106.986059     33.149  17827.82
 1029    -106.985985     33.149  17787.3
 1030    -106.985912     33.148  17746.81
 1031    -106.985838     33.147  17706.35
 1032    -106.985765     33.147  17665.91
 1033    -106.985692     33.146  17625.49
 1034    -106.985619     33.145  17585.1
 1035    -106.985546     33.144  17544.74
 1036    -106.985474     33.144  17504.4
 1037    -106.985402     33.143  17464.09
 1038    -106.985329     33.142  17423.8
 1039    -106.985257     33.142  17383.54
 1040    -106.985185     33.141  17343.3
 1041    -106.985113     33.14   17303.09
 1042    -106.985042     33.139  17262.9
 1043    -106.98497  33.139  17222.74
 1044    -106.984899     33.138  17182.6
 1045    -106.984828     33.137  17142.49
 1046    -106.984757     33.137  17102.4
 1047    -106.984686     33.136  17062.34
 1048    -106.984615     33.135  17022.3
 1049    -106.984544     33.134  16982.28
 1050    -106.984473     33.134  16942.3
 1051    -106.984403     33.133  16902.33
 1052    -106.984332     33.132  16862.4
 1053    -106.984262     33.132  16822.48
 1054    -106.984192     33.131  16782.59
 1055    -106.984121     33.13   16742.73
 1056    -106.984051     33.13   16702.89
 1057    -106.983981     33.129  16663.08
 1058    -106.983911     33.128  16623.29
 1059    -106.983842     33.127  16583.52
 1060    -106.983772     33.127  16543.78
 1061    -106.983702     33.126  16504.07
 1062    -106.983632     33.125  16464.37
 1063    -106.983563     33.125  16424.71
 1064    -106.983494     33.124  16385.06
 1065    -106.983424     33.123  16345.45
 1066    -106.983355     33.123  16305.85
 1067    -106.983286     33.122  16266.28
 1068    -106.983216     33.121  16226.73
 1069    -106.983147     33.12   16187.21
 1070    -106.983078     33.12   16147.71
 1071    -106.983009     33.119  16108.24
 1072    -106.98294  33.118  16068.79
 1073    -106.982871     33.118  16029.36
 1074    -106.982802     33.117  15989.96
 1075    -106.982733     33.116  15950.58
 1076    -106.982664     33.116  15911.23
 1077    -106.982596     33.115  15871.9
 1078    -106.982527     33.114  15832.59
 1079    -106.982458     33.113  15793.31
 1080    -106.98239  33.113  15754.05
 1081    -106.982321     33.112  15714.82
 1082    -106.982252     33.111  15675.61
 1083    -106.982184     33.111  15636.42
 1084    -106.982115     33.11   15597.26
 1085    -106.982046     33.109  15558.12
 1086    -106.981978     33.109  15519
 1087    -106.981909     33.108  15479.91
 1088    -106.981841     33.107  15440.84
 1089    -106.981772     33.107  15401.79
 1090    -106.981704     33.106  15362.77
 1091    -106.981636     33.105  15323.77
 1092    -106.981567     33.104  15284.8
 1093    -106.981499     33.104  15245.85
 1094    -106.981431     33.103  15206.92
 1095    -106.981362     33.102  15168.01
 1096    -106.981294     33.102  15129.13
 1097    -106.981226     33.101  15090.27
 1098    -106.981157     33.1    15051.44
 1099    -106.981089     33.1    15012.63
 1100    -106.981021     33.099  14973.84
 1101    -106.980952     33.098  14935.07
 1102    -106.980884     33.098  14896.33
 1103    -106.980816     33.097  14857.61
 1104    -106.980748     33.096  14818.91
 1105    -106.980679     33.096  14780.24
 1106    -106.980611     33.095  14741.59
 1107    -106.980543     33.094  14702.96
 1108    -106.980475     33.094  14664.36
 1109    -106.980407     33.093  14625.78
 1110    -106.980338     33.092  14587.22
 1111    -106.98027  33.091  14548.68
 1112    -106.980202     33.091  14510.17
 1113    -106.980134     33.09   14471.68
 1114    -106.980066     33.089  14433.21
 1115    -106.979997     33.089  14394.76
 1116    -106.979929     33.088  14356.34
 1117    -106.979861     33.087  14317.94
 1118    -106.979793     33.087  14279.56
 1119    -106.979725     33.086  14241.21
 1120    -106.979656     33.085  14202.88
 1121    -106.979588     33.085  14164.57
 1122    -106.97952  33.084  14126.28
 1123    -106.979452     33.083  14088.02
 1124    -106.979384     33.083  14049.77
 1125    -106.979316     33.082  14011.55
 1126    -106.979248     33.081  13973.36
 1127    -106.979179     33.081  13935.18
 1128    -106.979111     33.08   13897.03
 1129    -106.979043     33.079  13858.9
 1130    -106.978975     33.079  13820.79
 1131    -106.978907     33.078  13782.7
 1132    -106.978839     33.077  13744.64
 1133    -106.978771     33.077  13706.6
 1134    -106.978702     33.076  13668.58
 1135    -106.978634     33.075  13630.58
 1136    -106.978566     33.075  13592.6
 1137    -106.978498     33.074  13554.65
 1138    -106.97843  33.073  13516.72
 1139    -106.978362     33.073  13478.81
 1140    -106.978294     33.072  13440.92
 1141    -106.978225     33.071  13403.06
 1142    -106.978157     33.071  13365.21
 1143    -106.978089     33.07   13327.39
 1144    -106.978021     33.069  13289.59
 1145    -106.977953     33.069  13251.81
 1146    -106.977885     33.068  13214.06
 1147    -106.977817     33.067  13176.32
 1148    -106.977749     33.067  13138.61
 1149    -106.977681     33.066  13100.92
 1150    -106.977613     33.065  13063.25
 1151    -106.977545     33.065  13025.6
 1152    -106.977477     33.064  12987.97
 1153    -106.977409     33.063  12950.37
 1154    -106.977341     33.063  12912.79
 1155    -106.977273     33.062  12875.22
 1156    -106.977205     33.061  12837.68
 1157    -106.977137     33.061  12800.16
 1158    -106.977069     33.06   12762.67
 1159    -106.977001     33.059  12725.19
 1160    -106.976933     33.059  12687.74
 1161    -106.976865     33.058  12650.3
 1162    -106.976797     33.057  12612.89
 1163    -106.976729     33.057  12575.5
 1164    -106.976661     33.056  12538.13
 1165    -106.976593     33.055  12500.78
 1166    -106.976526     33.055  12463.46
 1167    -106.976458     33.054  12426.15
 1168    -106.97639  33.053  12388.86
 1169    -106.976322     33.053  12351.6
 1170    -106.976254     33.052  12314.36
 1171    -106.976187     33.051  12277.14
 1172    -106.976119     33.051  12239.94
 1173    -106.976051     33.05   12202.76
 1174    -106.975983     33.05   12165.6
 1175    -106.975916     33.049  12128.46
 1176    -106.975848     33.048  12091.35
 1177    -106.97578  33.048  12054.25
 1178    -106.975713     33.047  12017.17
 1179    -106.975645     33.046  11980.12
 1180    -106.975577     33.046  11943.09
 1181    -106.97551  33.045  11906.08
 1182    -106.975442     33.044  11869.08
 1183    -106.975375     33.044  11832.11
 1184    -106.975307     33.043  11795.16
 1185    -106.97524  33.042  11758.23
 1186    -106.975172     33.042  11721.32
 1187    -106.975105     33.041  11684.44
 1188    -106.975037     33.04   11647.57
 1189    -106.97497  33.04   11610.72
 1190    -106.974903     33.039  11573.9
 1191    -106.974835     33.038  11537.09
 1192    -106.974768     33.038  11500.3
 1193    -106.974701     33.037  11463.54
 1194    -106.974633     33.037  11426.8
 1195    -106.974566     33.036  11390.07
 1196    -106.974499     33.035  11353.37
 1197    -106.974432     33.035  11316.68
 1198    -106.974364     33.034  11280.02
 1199    -106.974297     33.033  11243.38
 1200    -106.97423  33.033  11206.76
 1201    -106.974163     33.032  11170.15
 1202    -106.974096     33.031  11133.57
 1203    -106.974029     33.031  11097.01
 1204    -106.973962     33.03   11060.47
 1205    -106.973895     33.029  11023.95
 1206    -106.973828     33.029  10987.45
 1207    -106.973761     33.028  10950.97
 1208    -106.973695     33.028  10914.5
 1209    -106.973628     33.027  10878.06
 1210    -106.973561     33.026  10841.64
 1211    -106.973494     33.026  10805.24
 1212    -106.973427     33.025  10768.86
 1213    -106.973361     33.024  10732.5
 1214    -106.973294     33.024  10696.16
 1215    -106.973227     33.023  10659.84
 1216    -106.973161     33.022  10623.54
 1217    -106.973094     33.022  10587.25
 1218    -106.973028     33.021  10550.99
 1219    -106.972961     33.02   10514.75
 1220    -106.972895     33.02   10478.53
 1221    -106.972828     33.019  10442.33
 1222    -106.972762     33.019  10406.14
 1223    -106.972696     33.018  10369.98
 1224    -106.972629     33.017  10333.84
 1225    -106.972563     33.017  10297.71
 1226    -106.972497     33.016  10261.61
 1227    -106.972431     33.015  10225.53
 1228    -106.972364     33.015  10189.46
 1229    -106.972298     33.014  10153.42
 1230    -106.972232     33.014  10117.39
 1231    -106.972166     33.013  10081.38
 1232    -106.9721   33.012  10045.4
 1233    -106.972034     33.012  10009.43
 1234    -106.971968     33.011  9973.48
 1235    -106.971902     33.01   9937.55
 1236    -106.971836     33.01   9901.65
 1237    -106.97177  33.009  9865.76
 1238    -106.971705     33.008  9829.89
 1239    -106.971639     33.008  9794.03
 1240    -106.971573     33.007  9758.2
 1241    -106.971507     33.007  9722.39
 1242    -106.971442     33.006  9686.6
 1243    -106.971376     33.005  9650.82
 1244    -106.971311     33.005  9615.07
 1245    -106.971245     33.004  9579.33
 1246    -106.97118  33.003  9543.62
 1247    -106.971114     33.003  9507.92
 1248    -106.971049     33.002  9472.24
 1249    -106.970983     33.002  9436.58
 1250    -106.970918     33.001  9400.94
 1251    -106.970853     33  9365.32
 1252    -106.970788     33  9329.72
 1253    -106.970722     32.999  9294.13
 1254    -106.970657     32.998  9258.57
 1255    -106.970592     32.998  9223.02
 1256    -106.970527     32.997  9187.5
 1257    -106.970462     32.997  9151.99
 1258    -106.970397     32.996  9116.5
 1259    -106.970332     32.995  9081.03
 1260    -106.970267     32.995  9045.58
 1261    -106.970202     32.994  9010.15
 1262    -106.970137     32.993  8974.73
 1263    -106.970072     32.993  8939.34
 1264    -106.970008     32.992  8903.96
 1265    -106.969943     32.992  8868.6
 1266    -106.969878     32.991  8833.26
 1267    -106.969814     32.99   8797.94
 1268    -106.969749     32.99   8762.64
 1269    -106.969684     32.989  8727.36
 1270    -106.96962  32.989  8692.1
 1271    -106.969555     32.988  8656.85
 1272    -106.969491     32.987  8621.62
 1273    -106.969427     32.987  8586.41
 1274    -106.969362     32.986  8551.22
 1275    -106.969298     32.985  8516.05
 1276    -106.969233     32.985  8480.9
 1277    -106.969169     32.984  8445.76
 1278    -106.969105     32.984  8410.65
 1279    -106.969041     32.983  8375.55
 1280    -106.968977     32.982  8340.47
 1281    -106.968913     32.982  8305.41
 1282    -106.968849     32.981  8270.36
 1283    -106.968785     32.981  8235.34
 1284    -106.968721     32.98   8200.33
 1285    -106.968657     32.979  8165.34
 1286    -106.968593     32.979  8130.37
 1287    -106.968529     32.978  8095.42
 1288    -106.968465     32.977  8060.49
 1289    -106.968401     32.977  8025.57
 1290    -106.968338     32.976  7990.67
 1291    -106.968274     32.976  7955.79
 1292    -106.96821  32.975  7920.93
 1293    -106.968147     32.974  7886.09
 1294    -106.968083     32.974  7851.26
 1295    -106.96802  32.973  7816.46

