SUA0_0

0
0 60003 58200 58205
0 0 0 1
18
30.2121 278.129
30.2121 278.117
30.2121 278.1
30.2121 278.095
30.2121 278.089
30.2121 278.089
30.2571 278.089
30.2616 278.089
30.2661 278.089
30.2706 278.095
30.2706 278.1
30.2706 278.152
30.2706 278.157
30.2661 278.157
30.2436 278.157
30.2166 278.157
30.2121 278.157
30.2121 278.129
SUA1_0

0
0 60003 58205 58210
0 0 0 1
23
30.2076 278.1
30.2076 278.095
30.2121 278.089
30.2121 278.089
30.2166 278.089
30.2346 278.089
30.2571 278.089
30.2661 278.089
30.2706 278.089
30.2751 278.095
30.2751 278.1
30.2751 278.106
30.2751 278.112
30.2751 278.14
30.2751 278.163
30.2706 278.169
30.2436 278.169
30.2346 278.169
30.2256 278.169
30.2211 278.169
30.2121 278.163
30.2076 278.157
30.2076 278.1
SUA2_0

0
0 60003 58210 58215
0 0 0 1
20
30.2121 278.157
30.2121 278.1
30.2121 278.095
30.2121 278.089
30.2256 278.089
30.2301 278.089
30.2346 278.089
30.2616 278.089
30.2796 278.095
30.2796 278.095
30.2796 278.112
30.2796 278.163
30.2796 278.169
30.2706 278.174
30.2661 278.174
30.2571 278.174
30.2211 278.174
30.2166 278.174
30.2121 278.169
30.2121 278.157
SUA3_0

0
0 60003 58215 58220
0 0 0 1
28
30.2121 278.152
30.2121 278.117
30.2121 278.106
30.2121 278.1
30.2121 278.1
30.2166 278.095
30.2166 278.095
30.2211 278.095
30.2436 278.095
30.2526 278.095
30.2661 278.095
30.2706 278.095
30.2796 278.095
30.2796 278.095
30.2841 278.1
30.2841 278.1
30.2841 278.112
30.2841 278.163
30.2841 278.169
30.2841 278.174
30.2796 278.18
30.2751 278.18
30.2481 278.18
30.2211 278.18
30.2166 278.18
30.2121 278.163
30.2121 278.157
30.2121 278.152
SUA4_0

0
0 60003 58220 58225
0 0 0 1
26
30.2121 278.123
30.2121 278.112
30.2121 278.106
30.2166 278.1
30.2211 278.095
30.2211 278.095
30.2301 278.095
30.2616 278.095
30.2706 278.095
30.2841 278.1
30.2841 278.106
30.2841 278.112
30.2841 278.117
30.2841 278.123
30.2841 278.152
30.2841 278.163
30.2841 278.174
30.2796 278.18
30.2751 278.186
30.2616 278.186
30.2211 278.186
30.2166 278.186
30.2166 278.186
30.2121 278.169
30.2121 278.134
30.2121 278.123
SUA5_0

0
0 60003 58225 58230
0 0 0 1
26
30.2076 278.192
30.2076 278.123
30.2076 278.117
30.2121 278.106
30.2166 278.1
30.2211 278.095
30.2211 278.095
30.2211 278.095
30.2256 278.095
30.2346 278.095
30.2391 278.095
30.2661 278.095
30.2706 278.095
30.2706 278.095
30.2751 278.1
30.2796 278.112
30.2796 278.117
30.2796 278.134
30.2796 278.174
30.2796 278.18
30.2796 278.186
30.2751 278.192
30.2706 278.197
30.2211 278.197
30.2121 278.197
30.2076 278.192
SUA6_0

0
0 60003 58230 58235
0 0 0 1
32
30.2031 278.123
30.2076 278.112
30.2076 278.112
30.2121 278.106
30.2166 278.1
30.2301 278.1
30.2391 278.1
30.2661 278.1
30.2706 278.1
30.2706 278.1
30.2751 278.106
30.2796 278.117
30.2796 278.129
30.2796 278.163
30.2796 278.174
30.2796 278.186
30.2796 278.186
30.2751 278.197
30.2706 278.203
30.2661 278.203
30.2616 278.203
30.2571 278.203
30.2436 278.203
30.2391 278.203
30.2166 278.203
30.2121 278.203
30.2076 278.203
30.2031 278.197
30.2031 278.192
30.2031 278.18
30.2031 278.152
30.2031 278.123
SUA7_0

0
0 60003 58235 58240
0 0 0 1
28
30.1941 278.146
30.1941 278.134
30.2031 278.117
30.2076 278.112
30.2121 278.106
30.2166 278.1
30.2256 278.1
30.2301 278.1
30.2391 278.1
30.2661 278.1
30.2706 278.1
30.2751 278.117
30.2751 278.129
30.2751 278.186
30.2751 278.192
30.2751 278.197
30.2751 278.197
30.2706 278.203
30.2571 278.209
30.2526 278.209
30.2436 278.209
30.2256 278.209
30.2076 278.209
30.2031 278.209
30.1941 278.197
30.1941 278.186
30.1941 278.169
30.1941 278.146
SUA8_0

0
0 60003 58240 58245
0 0 0 1
23
30.1851 278.14
30.1851 278.134
30.1851 278.129
30.2031 278.112
30.2121 278.106
30.2166 278.106
30.2571 278.106
30.2661 278.106
30.2751 278.129
30.2751 278.186
30.2751 278.192
30.2706 278.203
30.2706 278.203
30.2481 278.214
30.2391 278.214
30.2301 278.214
30.2031 278.214
30.1986 278.214
30.1896 278.209
30.1851 278.203
30.1851 278.197
30.1851 278.174
30.1851 278.14
SUA9_0

0
0 60003 58245 58250
0 0 0 1
29
30.1761 278.146
30.1761 278.14
30.1761 278.134
30.1806 278.129
30.1851 278.123
30.1986 278.112
30.2211 278.112
30.2526 278.112
30.2571 278.112
30.2571 278.112
30.2616 278.117
30.2661 278.123
30.2706 278.134
30.2706 278.14
30.2706 278.146
30.2706 278.174
30.2706 278.197
30.2706 278.203
30.2481 278.214
30.2481 278.214
30.2436 278.214
30.2301 278.214
30.2121 278.214
30.1941 278.214
30.1851 278.214
30.1806 278.214
30.1761 278.203
30.1761 278.197
30.1761 278.146
SUA10_0

0
0 60003 58250 58255
0 0 0 1
24
30.1671 278.129
30.1717 278.123
30.1896 278.106
30.1986 278.106
30.2076 278.106
30.2346 278.106
30.2391 278.106
30.2436 278.106
30.2526 278.112
30.2661 278.14
30.2661 278.146
30.2661 278.157
30.2661 278.174
30.2661 278.203
30.2661 278.203
30.2571 278.209
30.2346 278.22
30.2076 278.22
30.1851 278.22
30.1806 278.22
30.1716 278.209
30.1671 278.203
30.1671 278.186
30.1671 278.129
SUA11_0

0
0 60003 58255 58260
0 0 0 1
25
30.1537 278.14
30.1537 278.134
30.1627 278.117
30.1806 278.106
30.1851 278.106
30.2211 278.106
30.2301 278.106
30.2391 278.106
30.2436 278.106
30.2481 278.112
30.2526 278.123
30.2571 278.14
30.2571 278.146
30.2571 278.152
30.2571 278.197
30.2571 278.209
30.2346 278.22
30.2256 278.22
30.2211 278.22
30.1716 278.22
30.1672 278.22
30.1582 278.209
30.1537 278.197
30.1537 278.192
30.1537 278.14
SUA12_0

0
0 60003 58260 58265
0 0 0 1
27
30.1447 278.169
30.1447 278.146
30.1447 278.134
30.1447 278.129
30.1492 278.123
30.1716 278.1
30.1806 278.1
30.1941 278.1
30.2031 278.1
30.2301 278.1
30.2301 278.1
30.2346 278.106
30.2391 278.112
30.2436 278.123
30.2526 278.146
30.2526 278.169
30.2526 278.192
30.2526 278.203
30.2526 278.209
30.2256 278.22
30.2166 278.22
30.2031 278.22
30.1941 278.22
30.1582 278.22
30.1447 278.203
30.1447 278.197
30.1447 278.169
SUA13_0

0
0 60003 58265 58270
0 0 0 1
26
30.1357 278.186
30.1357 278.134
30.1357 278.129
30.1447 278.112
30.1627 278.095
30.1627 278.095
30.1761 278.095
30.1896 278.095
30.2076 278.095
30.2211 278.095
30.2256 278.1
30.2301 278.106
30.2346 278.117
30.2436 278.14
30.2436 278.146
30.2436 278.203
30.2436 278.209
30.2211 278.22
30.1941 278.226
30.1806 278.226
30.1537 278.226
30.1492 278.226
30.1447 278.226
30.1357 278.209
30.1357 278.197
30.1357 278.186
SUA14_0

0
0 60003 58270 58275
0 0 0 1
32
30.1267 278.169
30.1267 278.157
30.1267 278.14
30.1267 278.129
30.1267 278.123
30.1312 278.112
30.1537 278.089
30.1986 278.089
30.2076 278.089
30.2166 278.095
30.2166 278.095
30.2211 278.1
30.2301 278.117
30.2346 278.14
30.2346 278.146
30.2346 278.157
30.2346 278.174
30.2346 278.203
30.2346 278.209
30.2346 278.209
30.2076 278.22
30.1941 278.226
30.1941 278.226
30.1896 278.226
30.1761 278.226
30.1537 278.226
30.1492 278.226
30.1402 278.226
30.1357 278.226
30.1267 278.22
30.1267 278.203
30.1267 278.169
SUA15_0

0
0 60003 58275 58280
0 0 0 1
32
30.1132 278.134
30.1132 278.129
30.1177 278.117
30.1222 278.106
30.1447 278.083
30.1537 278.083
30.1627 278.083
30.1896 278.083
30.1941 278.083
30.1986 278.083
30.2076 278.089
30.2121 278.095
30.2211 278.112
30.2301 278.14
30.2301 278.146
30.2301 278.169
30.2301 278.18
30.2301 278.197
30.2301 278.209
30.1941 278.226
30.1896 278.226
30.1806 278.226
30.1447 278.226
30.1312 278.226
30.1267 278.226
30.1222 278.226
30.1177 278.214
30.1132 278.203
30.1132 278.197
30.1132 278.186
30.1132 278.18
30.1132 278.134
SUA16_0

0
0 60003 58280 58285
0 0 0 1
25
30.1042 278.129
30.1042 278.117
30.1087 278.1
30.1312 278.077
30.1357 278.077
30.1582 278.077
30.1671 278.077
30.1851 278.077
30.1896 278.077
30.1986 278.083
30.2121 278.112
30.2211 278.14
30.2211 278.146
30.2211 278.157
30.2211 278.197
30.2211 278.203
30.2211 278.209
30.1806 278.226
30.1761 278.226
30.1492 278.226
30.1267 278.226
30.1177 278.226
30.1132 278.226
30.1042 278.209
30.1042 278.129
SUA17_0

0
0 60003 58285 58290
0 0 0 1
33
30.0862 278.169
30.0862 278.163
30.0862 278.129
30.0907 278.117
30.0907 278.117
30.0997 278.1
30.1222 278.072
30.1222 278.072
30.1312 278.072
30.1402 278.072
30.1627 278.072
30.1717 278.072
30.1761 278.072
30.1896 278.077
30.2031 278.106
30.2166 278.146
30.2166 278.152
30.2166 278.157
30.2166 278.203
30.2166 278.209
30.1761 278.226
30.1717 278.226
30.1582 278.226
30.1222 278.226
30.1177 278.226
30.1042 278.226
30.0997 278.226
30.0862 278.214
30.0862 278.209
30.0862 278.197
30.0862 278.18
30.0862 278.174
30.0862 278.169
SUA18_0

0
0 60003 58290 58295
0 0 0 1
29
30.0772 278.169
30.0772 278.134
30.0772 278.123
30.0862 278.095
30.1132 278.066
30.1177 278.066
30.1312 278.066
30.1582 278.066
30.1626 278.066
30.1672 278.066
30.1761 278.072
30.1806 278.077
30.1941 278.106
30.2076 278.146
30.2076 278.197
30.2076 278.209
30.1492 278.231
30.1492 278.231
30.1447 278.231
30.1177 278.231
30.1042 278.231
30.0952 278.231
30.0907 278.231
30.0862 278.226
30.0817 278.22
30.0772 278.214
30.0772 278.209
30.0772 278.186
30.0772 278.169
SUA19_0

0
0 60003 58295 58300
0 0 0 1
34
30.0592 278.197
30.0592 278.186
30.0592 278.163
30.0592 278.146
30.0592 278.14
30.0637 278.112
30.0772 278.089
30.0772 278.089
30.1042 278.06
30.1087 278.06
30.1132 278.06
30.1357 278.06
30.1447 278.06
30.1537 278.06
30.1582 278.06
30.1672 278.066
30.1851 278.1
30.1941 278.14
30.1941 278.163
30.1941 278.192
30.1941 278.209
30.1941 278.209
30.1447 278.231
30.1357 278.231
30.1312 278.231
30.1267 278.231
30.0907 278.231
30.0862 278.231
30.0817 278.231
30.0727 278.226
30.0682 278.22
30.0637 278.214
30.0592 278.203
30.0592 278.197
SUA20_0

0
0 60003 58300 58305
0 0 0 1
28
30.0457 278.203
30.0457 278.186
30.0457 278.123
30.0457 278.117
30.0502 278.106
30.0637 278.083
30.0952 278.049
30.0997 278.049
30.1042 278.049
30.1267 278.049
30.1357 278.049
30.1402 278.049
30.1447 278.049
30.1537 278.055
30.1582 278.06
30.1627 278.066
30.1896 278.14
30.1896 278.14
30.1896 278.203
30.1896 278.209
30.1402 278.231
30.1222 278.231
30.0862 278.231
30.0727 278.231
30.0547 278.231
30.0457 278.22
30.0457 278.214
30.0457 278.203
SUA21_0

0
0 60003 58305 58310
0 0 0 1
25
30.0322 278.214
30.0322 278.18
30.0322 278.1
30.0502 278.077
30.0862 278.043
30.0952 278.043
30.1087 278.043
30.1357 278.043
30.1402 278.043
30.1537 278.055
30.1672 278.095
30.1806 278.14
30.1806 278.14
30.1806 278.146
30.1806 278.157
30.1806 278.169
30.1806 278.203
30.1806 278.209
30.1312 278.231
30.1267 278.231
30.1177 278.231
30.0907 278.231
30.0412 278.231
30.0322 278.226
30.0322 278.214
SUA22_0

0
0 60003 58310 58315
0 0 0 1
28
30.0142 278.129
30.0142 278.112
30.0142 278.1
30.0412 278.072
30.0772 278.037
30.1132 278.037
30.1267 278.037
30.1312 278.037
30.1402 278.043
30.1402 278.043
30.1582 278.089
30.1761 278.14
30.1761 278.169
30.1761 278.186
30.1761 278.197
30.1761 278.203
30.1761 278.203
30.1672 278.209
30.1132 278.237
30.0997 278.237
30.0862 278.237
30.0772 278.237
30.0682 278.237
30.0637 278.237
30.0277 278.231
30.0142 278.22
30.0142 278.192
30.0142 278.129
SUA23_0

0
0 60003 58315 58320
0 0 0 1
28
29.9828 278.169
29.9828 278.134
29.9873 278.089
30.0007 278.077
30.0682 278.037
30.0682 278.037
30.0727 278.037
30.1042 278.037
30.1222 278.037
30.1267 278.037
30.1312 278.043
30.1447 278.077
30.1492 278.089
30.1672 278.14
30.1672 278.14
30.1672 278.146
30.1672 278.157
30.1672 278.192
30.1671 278.203
30.1671 278.203
30.1087 278.231
30.0907 278.237
30.0457 278.237
30.0052 278.237
29.9873 278.22
29.9828 278.197
29.9828 278.192
29.9828 278.169
SUA24_0

0
0 60003 58320 58325
0 0 0 1
25
29.9558 278.106
29.9558 278.1
29.9693 278.083
30.0502 278.043
30.0682 278.037
30.0817 278.037
30.1177 278.037
30.1222 278.037
30.1582 278.134
30.1582 278.152
30.1582 278.192
30.1582 278.197
30.1537 278.203
30.0952 278.231
30.0727 278.237
30.0637 278.237
30.0592 278.237
30.0142 278.237
30.0052 278.237
30.0007 278.237
29.9603 278.231
29.9558 278.169
29.9558 278.163
29.9558 278.152
29.9558 278.106
SUA25_0

0
0 60003 58325 58330
0 0 0 1
29
29.9288 278.123
29.9288 278.117
29.9423 278.089
29.9648 278.077
30.0547 278.043
30.0727 278.043
30.0907 278.043
30.0997 278.043
30.1042 278.043
30.1087 278.043
30.1402 278.134
30.1402 278.146
30.1402 278.18
30.1402 278.186
30.1402 278.197
30.1402 278.197
30.1222 278.209
30.0772 278.231
30.0052 278.249
30.0008 278.249
29.9783 278.249
29.9648 278.249
29.9558 278.249
29.9513 278.249
29.9468 278.243
29.9378 278.22
29.9288 278.18
29.9288 278.146
29.9288 278.123
SUA26_0

0
0 60003 58330 58335
0 0 0 1
30
29.9108 278.169
29.9108 278.14
29.9108 278.123
29.9108 278.117
29.9153 278.089
29.9513 278.055
29.9558 278.055
30.0772 278.055
30.0817 278.055
30.0907 278.055
30.0952 278.06
30.1087 278.089
30.1222 278.129
30.1222 278.134
30.1222 278.163
30.1222 278.192
30.1222 278.197
30.1222 278.197
30.1132 278.203
30.0232 278.249
29.9963 278.254
29.9918 278.254
29.9873 278.254
29.9648 278.254
29.9468 278.254
29.9423 278.254
29.9198 278.237
29.9153 278.22
29.9108 278.18
29.9108 278.169
SUA27_0

0
0 60003 58335 58340
0 0 0 1
31
29.8793 278.214
29.8793 278.186
29.8793 278.157
29.8793 278.146
29.8838 278.117
29.8928 278.095
29.9018 278.077
29.9153 278.055
29.9198 278.055
29.9243 278.055
29.9693 278.055
29.9828 278.055
30.0727 278.06
30.0817 278.066
30.1312 278.129
30.1312 278.146
30.1312 278.157
30.1312 278.18
30.1312 278.192
30.1132 278.231
30.0862 278.26
30.0097 278.266
30.0052 278.266
29.9918 278.266
29.9648 278.266
29.9603 278.266
29.9288 278.26
29.9108 278.249
29.8883 278.231
29.8838 278.226
29.8793 278.214
SUA28_0

0
0 60003 58340 58345
0 0 0 1
36
29.8838 278.163
29.8838 278.152
29.8838 278.123
29.8838 278.106
29.8838 278.1
29.8838 278.095
29.8838 278.089
29.9063 278.072
29.9153 278.066
29.9378 278.055
29.9873 278.037
30.0097 278.032
30.0367 278.032
30.0547 278.032
30.0592 278.032
30.0907 278.043
30.1132 278.06
30.1267 278.095
30.1312 278.106
30.1402 278.163
30.1402 278.192
30.1402 278.214
30.1402 278.226
30.1222 278.249
30.0817 278.294
30.0772 278.294
30.0412 278.294
30.0322 278.294
29.9648 278.283
29.9468 278.277
29.9198 278.26
29.9108 278.254
29.9063 278.249
29.8973 278.226
29.8838 278.18
29.8838 278.163
SUA29_0

0
0 60003 58345 58350
0 0 0 1
33
29.8433 278.26
29.8433 278.226
29.8433 278.209
29.8433 278.203
29.8523 278.1
29.8568 278.089
29.8613 278.083
29.8748 278.066
29.9063 278.037
29.9918 278.026
30.0052 278.026
30.0097 278.026
30.0277 278.026
30.0457 278.026
30.0727 278.026
30.0862 278.026
30.0907 278.026
30.1357 278.072
30.1492 278.089
30.1492 278.146
30.1492 278.22
30.1447 278.231
30.1222 278.266
30.0772 278.306
30.0682 278.306
30.0637 278.306
30.0547 278.306
30.0412 278.306
30.0277 278.306
29.9333 278.3
29.8973 278.289
29.8433 278.266
29.8433 278.26
SUA30_0

0
0 60003 58350 58355
0 0 0 1
35
29.8074 278.18
29.8074 278.157
29.8074 278.152
29.8074 278.146
29.8164 278.06
29.8344 278.026
29.9063 278.009
29.9108 278.009
29.9288 278.009
29.9333 278.009
30.0187 278.009
30.0862 278.009
30.0907 278.009
30.1222 278.043
30.1672 278.106
30.1672 278.197
30.1537 278.26
30.1222 278.3
30.0907 278.329
30.0862 278.329
30.0637 278.329
30.0457 278.329
30.0367 278.329
30.0322 278.329
29.9423 278.317
29.9063 278.311
29.8703 278.3
29.8568 278.294
29.8388 278.283
29.8254 278.271
29.8164 278.249
29.8074 278.209
29.8074 278.203
29.8074 278.197
29.8074 278.18
SUA31_0

0
0 60003 58355 58360
0 0 0 1
28
29.7624 278.26
29.7624 278.226
29.7624 278.214
29.7624 278.209
29.7624 278.197
29.7669 278.032
29.8164 277.986
29.8209 277.986
29.8299 277.986
29.8703 277.986
29.9243 277.986
29.9288 277.986
30.0997 278.009
30.1761 278.095
30.1761 278.209
30.1716 278.266
30.1357 278.323
30.1267 278.329
30.0907 278.346
30.0592 278.351
30.0547 278.351
30.0322 278.351
30.0277 278.351
29.9333 278.351
29.8928 278.351
29.8883 278.351
29.8209 278.34
29.7624 278.26
SUA32_0

0
0 60003 58360 58365
0 0 0 1
26
29.7174 278.192
29.7174 278.163
29.7174 278.157
29.7444 278.032
29.8074 277.992
29.8703 277.98
29.8793 277.98
29.9153 277.98
29.9198 277.98
30.0862 277.986
30.1806 278.049
30.1851 278.18
30.1851 278.192
30.1851 278.226
30.1851 278.237
30.1851 278.243
30.1537 278.306
30.0952 278.363
30.0907 278.363
30.0502 278.363
30.0277 278.363
29.8029 278.34
29.7399 278.277
29.7174 278.22
29.7174 278.203
29.7174 278.192
SUA33_0

0
0 60003 58365 58370
0 0 0 1
27
29.7264 278.146
29.7264 278.106
29.7264 278.1
29.7489 278.066
29.8344 277.969
29.8523 277.969
29.8838 277.969
30.0682 277.997
30.1177 278.055
30.1851 278.192
30.1851 278.197
30.1851 278.214
30.1851 278.231
30.1851 278.249
30.1851 278.254
30.1177 278.306
30.0817 278.329
29.9108 278.357
29.9063 278.357
29.8793 278.357
29.8703 278.357
29.8613 278.357
29.7939 278.329
29.7579 278.26
29.7264 278.163
29.7264 278.157
29.7264 278.146
SUA48_0

0
0 60003 58440 58445
0 0 0 1
17
29.7534 278.174
29.7534 278.14
29.7534 278.129
29.7534 278.117
29.7804 278.117
29.7939 278.117
29.7984 278.117
29.8029 278.117
29.8029 278.123
29.8029 278.146
29.8029 278.174
29.8029 278.18
29.7984 278.18
29.7849 278.18
29.7579 278.18
29.7534 278.18
29.7534 278.174
SUA49_0

0
0 60003 58445 58450
0 0 0 1
24
29.6949 278.203
29.6949 278.163
29.6949 278.157
29.7174 278.077
29.7984 278.02
30.0007 278.015
30.0052 278.015
30.0187 278.015
30.0277 278.015
30.0457 278.015
30.0502 278.015
30.0502 278.02
30.0502 278.06
30.0502 278.077
29.9108 278.249
29.8388 278.277
29.8343 278.277
29.8299 278.277
29.7534 278.277
29.7444 278.277
29.7399 278.277
29.6949 278.22
29.6949 278.214
29.6949 278.203
SUA50_0

0
0 60003 58450 58455
0 0 0 1
31
29.6545 278.14
29.6545 278.134
29.6545 278.129
29.659 278.1
29.6814 278.02
29.7174 277.98
29.7489 277.952
29.7579 277.952
29.7669 277.952
29.7939 277.952
29.7984 277.952
29.9693 277.958
30.0277 277.975
30.0952 278.043
30.0997 278.169
30.0997 278.174
30.0997 278.18
30.0997 278.226
30.0997 278.231
30.0547 278.317
29.8254 278.363
29.8119 278.363
29.7804 278.363
29.7759 278.363
29.7084 278.351
29.6904 278.323
29.6635 278.249
29.6545 278.192
29.6545 278.186
29.6545 278.169
29.6545 278.14
SUA51_0

0
0 60003 58455 58460
0 0 0 1
27
29.6095 278.14
29.6095 278.117
29.6769 277.98
29.7354 277.952
29.9378 277.946
29.9738 277.946
29.9828 277.946
29.9873 277.946
30.0322 277.992
30.0727 278.049
30.1087 278.1
30.1087 278.112
30.1087 278.146
30.1087 278.163
30.1087 278.209
30.1087 278.22
30.0952 278.277
30.0547 278.34
29.9918 278.357
29.8164 278.374
29.7804 278.374
29.7714 278.374
29.7669 278.374
29.7174 278.357
29.623 278.26
29.6095 278.18
29.6095 278.14
SUA52_0

0
0 60003 58460 58465
0 0 0 1
34
29.6185 278.169
29.6185 278.129
29.623 278.072
29.632 278.043
29.641 278.02
29.6994 277.969
29.7579 277.952
29.7624 277.952
29.7849 277.952
29.9828 277.952
29.9873 277.952
30.0457 277.98
30.1267 278.117
30.1267 278.123
30.1267 278.129
30.1267 278.152
30.1267 278.157
30.1267 278.174
30.1267 278.18
30.0997 278.289
30.0142 278.368
29.9918 278.368
29.7714 278.368
29.7534 278.368
29.7399 278.368
29.7354 278.368
29.7039 278.351
29.6859 278.34
29.6635 278.317
29.6455 278.294
29.6185 278.237
29.6185 278.231
29.6185 278.214
29.6185 278.169
SUA53_0

0
0 60003 58465 58470
0 0 0 1
34
29.614 278.152
29.614 278.117
29.614 278.112
29.614 278.106
29.65 278.02
29.6679 277.986
29.7129 277.963
29.7399 277.952
29.7444 277.952
29.7759 277.952
29.9468 277.952
29.9603 277.952
29.9648 277.952
30.0097 277.963
30.0772 278.003
30.1132 278.095
30.1132 278.1
30.1132 278.123
30.1132 278.152
30.1132 278.157
30.1042 278.209
30.0772 278.277
30.0277 278.351
29.9963 278.357
29.8298 278.363
29.8074 278.363
29.7624 278.363
29.7579 278.363
29.6949 278.351
29.65 278.289
29.632 278.249
29.614 278.203
29.614 278.174
29.614 278.152
SUA54_0

0
0 60003 58470 58475
0 0 0 1
36
29.623 278.112
29.623 278.1
29.623 278.095
29.623 278.089
29.6455 278.02
29.65 278.015
29.6904 277.98
29.7219 277.958
29.7309 277.952
29.7534 277.952
29.7579 277.952
29.7714 277.952
29.7804 277.952
29.9738 277.958
30.0187 277.975
30.0412 277.998
30.0952 278.083
30.1087 278.14
30.1087 278.192
30.1087 278.203
30.0997 278.249
30.0502 278.323
29.9873 278.363
29.9783 278.363
29.7984 278.363
29.7624 278.363
29.7399 278.357
29.7039 278.34
29.6769 278.323
29.659 278.306
29.632 278.26
29.6275 278.237
29.623 278.203
29.623 278.197
29.623 278.14
29.623 278.112
SUA55_0

0
0 60003 58475 58480
0 0 0 1
40
29.6275 278.169
29.6275 278.14
29.6275 278.134
29.6275 278.129
29.6275 278.123
29.632 278.095
29.6365 278.077
29.6455 278.055
29.6769 277.986
29.6949 277.969
29.7849 277.963
29.7939 277.963
29.8299 277.963
29.8344 277.963
29.9693 277.969
30.0187 277.975
30.0412 277.986
30.0727 278.015
30.0862 278.043
30.0907 278.066
30.0997 278.117
30.0997 278.123
30.0997 278.129
30.0997 278.169
30.0997 278.186
30.0997 278.197
30.0817 278.271
30.0637 278.306
30.0322 278.334
30.0008 278.346
29.9738 278.351
29.8164 278.357
29.8029 278.357
29.7804 278.357
29.7669 278.357
29.7039 278.334
29.6634 278.311
29.632 278.26
29.6275 278.197
29.6275 278.169
SUA56_0

0
0 60003 58480 58485
0 0 0 1
39
29.6275 278.209
29.6275 278.163
29.6275 278.123
29.6275 278.112
29.6275 278.106
29.6365 278.049
29.65 278.026
29.6679 278.009
29.7309 277.963
29.7804 277.958
29.7849 277.958
29.8074 277.958
29.8119 277.958
29.8254 277.958
29.8299 277.958
29.9468 277.963
29.9828 277.969
30.0052 277.98
30.0187 277.992
30.0367 278.015
30.0817 278.072
30.0952 278.095
30.0952 278.134
30.0952 278.152
30.0952 278.157
30.0907 278.209
30.0637 278.294
30.0502 278.311
29.9918 278.346
29.8433 278.351
29.8344 278.351
29.8029 278.351
29.7939 278.351
29.7219 278.346
29.6859 278.317
29.6545 278.277
29.6275 278.22
29.6275 278.214
29.6275 278.209
SUA57_0

0
0 60003 58485 58490
0 0 0 1
41
29.6275 278.129
29.6275 278.117
29.6545 278.032
29.6949 277.992
29.7309 277.963
29.7399 277.963
29.7489 277.963
29.9153 277.963
29.9378 277.963
29.9423 277.963
29.9513 277.963
29.9558 277.963
29.9828 277.969
30.0142 277.992
30.0322 278.009
30.0682 278.06
30.0862 278.089
30.0907 278.157
30.0907 278.163
30.0907 278.186
30.0907 278.203
30.0907 278.214
30.0907 278.22
30.0727 278.266
30.0547 278.3
30.0412 278.306
30.0142 278.317
30.0008 278.323
29.9693 278.334
29.9333 278.34
29.8343 278.346
29.7984 278.346
29.7714 278.346
29.7624 278.346
29.7219 278.34
29.6904 278.317
29.6545 278.277
29.6365 278.226
29.6275 278.18
29.6275 278.169
29.6275 278.129
SUA58_0

0
0 60003 58490 58495
0 0 0 1
35
29.6365 278.117
29.6365 278.1
29.6365 278.095
29.6859 277.997
29.7399 277.963
29.7444 277.963
29.7534 277.963
29.7849 277.963
29.8029 277.963
29.8164 277.963
29.8209 277.963
29.9693 277.969
30.0142 278.009
30.0682 278.083
30.0817 278.134
30.0817 278.14
30.0817 278.197
30.0817 278.203
30.0637 278.254
30.0502 278.289
30.0457 278.294
30.0097 278.323
29.9783 278.34
29.9603 278.34
29.8029 278.34
29.7984 278.34
29.7444 278.34
29.7399 278.34
29.7129 278.329
29.6904 278.317
29.6679 278.289
29.6455 278.254
29.6365 278.186
29.6365 278.18
29.6365 278.117
SUA59_0

0
0 60003 58495 58500
0 0 0 1
39
29.6455 278.146
29.6455 278.134
29.65 278.077
29.6589 278.049
29.6814 278.015
29.7174 277.986
29.7264 277.98
29.7489 277.975
29.8928 277.969
29.8973 277.969
29.9018 277.969
29.9378 277.969
29.9423 277.969
30.0097 277.998
30.0277 278.015
30.0592 278.077
30.0682 278.1
30.0682 278.117
30.0682 278.123
30.0682 278.192
30.0682 278.203
30.0682 278.209
30.0277 278.289
30.0142 278.306
30.0007 278.317
29.9738 278.323
29.8209 278.334
29.8164 278.334
29.7984 278.334
29.7849 278.334
29.7669 278.334
29.7624 278.334
29.7579 278.334
29.7174 278.323
29.6949 278.311
29.659 278.26
29.6455 278.209
29.6455 278.203
29.6455 278.146
SUA60_0

0
0 60003 58500 58505
0 0 0 1
32
29.641 278.146
29.641 278.14
29.641 278.134
29.6545 278.049
29.6769 278.02
29.7129 277.992
29.7354 277.98
29.7534 277.975
29.7984 277.975
29.8254 277.975
29.8299 277.975
29.9333 277.98
30.0142 277.998
30.0457 278.049
30.0592 278.123
30.0637 278.163
30.0637 278.209
30.0637 278.22
30.0637 278.226
30.0457 278.26
30.0367 278.271
29.9963 278.311
29.9783 278.329
29.9738 278.329
29.9558 278.329
29.7984 278.329
29.7669 278.329
29.7264 278.323
29.6769 278.283
29.641 278.197
29.641 278.186
29.641 278.146
SUA61_0

0
0 60003 58505 58510
0 0 0 1
36
29.6545 278.197
29.6545 278.186
29.6545 278.169
29.6545 278.163
29.659 278.112
29.6634 278.072
29.6679 278.037
29.6949 278.009
29.7264 277.986
29.7579 277.98
29.7939 277.98
29.8029 277.98
29.8074 277.98
29.9648 277.986
30.0412 278.043
30.0547 278.123
30.0547 278.129
30.0547 278.134
30.0547 278.146
30.0547 278.174
30.0547 278.186
30.0502 278.237
30.0277 278.277
30.0007 278.3
29.9693 278.323
29.8074 278.329
29.8029 278.329
29.7939 278.329
29.7579 278.329
29.7534 278.329
29.7219 278.311
29.6994 278.294
29.6949 278.289
29.6545 278.231
29.6545 278.226
29.6545 278.197
SUA62_0

0
0 60003 58510 58515
0 0 0 1
35
29.6545 278.083
29.6545 278.077
29.6724 278.037
29.7174 277.998
29.7264 277.992
29.7579 277.986
29.7894 277.98
29.7939 277.98
29.8209 277.98
29.8343 277.98
29.8343 277.98
29.8388 277.98
29.9828 277.992
30.0187 278.026
30.0277 278.037
30.0457 278.129
30.0457 278.134
30.0457 278.14
30.0457 278.152
30.0457 278.192
30.0457 278.209
30.0232 278.266
30.0097 278.283
29.9783 278.317
29.8344 278.323
29.8298 278.323
29.7849 278.323
29.7174 278.306
29.6814 278.277
29.6635 278.231
29.6545 278.197
29.6545 278.192
29.6545 278.18
29.6545 278.152
29.6545 278.083
SUA63_0

0
0 60003 58515 58520
0 0 0 1
35
29.6724 278.077
29.6724 278.072
29.6724 278.06
29.6994 278.015
29.7399 277.998
29.7579 277.992
29.7624 277.992
29.7804 277.992
29.7849 277.992
29.7984 277.992
29.8119 277.992
29.8209 277.992
29.9153 277.998
29.9513 278.003
30.0007 278.02
30.0322 278.06
30.0367 278.123
30.0367 278.146
30.0367 278.186
30.0367 278.197
30.0367 278.203
30.0322 278.214
30.0232 278.237
30.0052 278.277
29.9873 278.3
29.9603 278.317
29.8209 278.323
29.7984 278.323
29.7759 278.323
29.7669 278.323
29.6994 278.289
29.6859 278.271
29.6724 278.226
29.6724 278.203
29.6724 278.077
SUA64_0

0
0 60003 58520 58525
0 0 0 1
40
29.6724 278.157
29.6724 278.1
29.6724 278.072
29.6949 278.026
29.7129 278.009
29.7399 277.986
29.7444 277.986
29.7489 277.986
29.7759 277.986
29.7804 277.986
29.7849 277.986
29.7894 277.986
29.9153 277.992
29.9378 277.997
29.9558 278.003
29.9738 278.009
30.0232 278.049
30.0322 278.152
30.0322 278.157
30.0322 278.209
30.0322 278.214
30.0277 278.231
30.0142 278.266
30.0007 278.277
29.9693 278.3
29.9513 278.311
29.9468 278.311
29.9288 278.311
29.8703 278.311
29.7984 278.311
29.7894 278.311
29.7804 278.311
29.7039 278.294
29.6904 278.26
29.6859 278.249
29.6724 278.209
29.6724 278.203
29.6724 278.186
29.6724 278.174
29.6724 278.157
SUA65_0

0
0 60003 58525 58530
0 0 0 1
30
29.6679 278.192
29.6679 278.157
29.6679 278.152
29.6679 278.146
29.6724 278.089
29.7039 278.037
29.7084 278.032
29.7444 277.992
29.7489 277.992
29.7984 277.992
29.8254 277.992
29.9063 277.997
30.0097 278.037
30.0277 278.089
30.0322 278.117
30.0322 278.14
30.0322 278.169
30.0322 278.18
30.0322 278.186
29.9873 278.283
29.9603 278.306
29.8209 278.311
29.8164 278.311
29.8119 278.311
29.7759 278.311
29.7714 278.311
29.7354 278.294
29.6904 278.266
29.6679 278.209
29.6679 278.192
SUA66_0

0
0 60003 58530 58535
0 0 0 1
34
29.6769 278.157
29.6769 278.134
29.6769 278.129
29.6859 278.06
29.7084 278.026
29.7714 277.986
29.7804 277.986
29.8119 277.986
29.8164 277.986
29.8209 277.986
29.9333 278.009
30.0097 278.049
30.0142 278.089
30.0142 278.095
30.0142 278.146
30.0142 278.152
30.0142 278.157
29.9963 278.231
29.9873 278.26
29.9738 278.283
29.9693 278.289
29.9468 278.294
29.8254 278.306
29.8209 278.306
29.7984 278.306
29.7759 278.306
29.7444 278.3
29.6904 278.249
29.6859 278.243
29.6769 278.192
29.6769 278.186
29.6769 278.18
29.6769 278.174
29.6769 278.157
SUA67_0

0
0 60003 58535 58540
0 0 0 1
37
29.6859 278.134
29.6859 278.123
29.6904 278.066
29.7039 278.037
29.7534 278.003
29.8523 277.997
29.8703 277.997
29.8838 277.997
29.8928 277.997
29.9018 277.998
29.9558 278.015
29.9963 278.055
29.9963 278.066
29.9963 278.089
29.9963 278.129
29.9963 278.152
29.9963 278.18
29.9963 278.226
29.9963 278.231
29.9828 278.266
29.9378 278.3
29.9333 278.3
29.9288 278.3
29.9108 278.3
29.8928 278.3
29.8883 278.3
29.8838 278.3
29.7759 278.294
29.7399 278.283
29.7174 278.271
29.6994 278.231
29.6949 278.22
29.6859 278.197
29.6859 278.192
29.6859 278.186
29.6859 278.163
29.6859 278.134
SUA68_0

0
0 60003 58540 58545
0 0 0 1
30
29.6859 278.157
29.6859 278.152
29.6904 278.106
29.7084 278.049
29.7174 278.032
29.7624 278.003
29.7714 278.003
29.8119 278.003
29.9378 278.009
29.9873 278.066
30.0053 278.134
30.0053 278.186
30.0053 278.197
29.9873 278.243
29.9648 278.266
29.9513 278.277
29.9333 278.289
29.9243 278.289
29.9108 278.289
29.8254 278.289
29.7939 278.289
29.7894 278.289
29.7849 278.289
29.7804 278.289
29.7309 278.283
29.7219 278.277
29.7174 278.271
29.6859 278.22
29.6859 278.203
29.6859 278.157
SUA69_0

0
0 60003 58545 58550
0 0 0 1
42
29.6859 278.112
29.6859 278.1
29.7219 278.026
29.7264 278.02
29.7804 278.009
29.7849 278.009
29.8074 278.009
29.8164 278.009
29.8299 278.009
29.9198 278.015
29.9468 278.026
29.9558 278.037
29.9828 278.077
29.9918 278.095
29.9918 278.1
29.9918 278.112
29.9918 278.152
29.9918 278.157
29.9873 278.192
29.9828 278.22
29.9693 278.254
29.9648 278.26
29.9288 278.283
29.9243 278.283
29.9198 278.283
29.9108 278.283
29.8838 278.283
29.7984 278.283
29.7939 278.283
29.7849 278.283
29.7714 278.283
29.7624 278.283
29.7579 278.283
29.7309 278.266
29.7174 278.254
29.7129 278.249
29.7084 278.243
29.6994 278.226
29.6859 278.169
29.6859 278.163
29.6859 278.157
29.6859 278.112
SUA70_0

0
0 60003 58550 58555
0 0 0 1
33
29.6949 278.129
29.6949 278.117
29.6949 278.112
29.6949 278.106
29.7264 278.037
29.7534 278.02
29.7624 278.015
29.7759 278.015
29.8074 278.015
29.8164 278.015
29.9153 278.02
29.9558 278.055
29.9648 278.066
29.9783 278.112
29.9783 278.117
29.9783 278.129
29.9783 278.174
29.9783 278.197
29.9783 278.214
29.9738 278.226
29.9603 278.249
29.9513 278.26
29.9288 278.277
29.8344 278.289
29.8298 278.289
29.7669 278.289
29.7579 278.289
29.7444 278.289
29.7129 278.277
29.6994 278.22
29.6949 278.197
29.6949 278.192
29.6949 278.129
SUA71_0

0
0 60003 58555 58560
0 0 0 1
30
29.6994 278.192
29.6994 278.134
29.7039 278.089
29.7084 278.066
29.7174 278.055
29.7624 278.015
29.7669 278.015
29.7939 278.015
29.8074 278.015
29.8119 278.015
29.9018 278.026
29.9288 278.037
29.9513 278.055
29.9873 278.123
29.9873 278.129
29.9873 278.134
29.9873 278.169
29.9873 278.186
29.9558 278.243
29.9378 278.266
29.9153 278.277
29.8298 278.283
29.8209 278.283
29.7804 278.283
29.7669 278.283
29.7624 278.283
29.7264 278.277
29.7129 278.243
29.6994 278.197
29.6994 278.192
SUA72_0

0
0 60003 58560 58565
0 0 0 1
32
29.7039 278.192
29.7039 278.152
29.7039 278.14
29.7039 278.134
29.7084 278.077
29.7264 278.049
29.7354 278.037
29.7714 278.015
29.7759 278.015
29.8209 278.015
29.9153 278.032
29.9558 278.06
29.9603 278.089
29.9603 278.106
29.9603 278.134
29.9603 278.192
29.9603 278.209
29.9603 278.214
29.9558 278.231
29.9423 278.26
29.9198 278.271
29.8928 278.277
29.8883 278.277
29.8838 278.277
29.8793 278.277
29.8658 278.277
29.8388 278.277
29.7759 278.271
29.7489 278.266
29.7399 278.26
29.7039 278.203
29.7039 278.192
SUA73_0

0
0 60003 58565 58570
0 0 0 1
32
29.7129 278.129
29.7129 278.117
29.7129 278.106
29.7174 278.089
29.7264 278.066
29.7444 278.043
29.7579 278.032
29.7759 278.026
29.7894 278.026
29.8119 278.026
29.8209 278.026
29.8254 278.026
29.8299 278.026
29.9108 278.037
29.9423 278.066
29.9558 278.1
29.9558 278.117
29.9558 278.14
29.9558 278.197
29.9558 278.203
29.9513 278.22
29.9423 278.237
29.9153 278.26
29.8973 278.271
29.8928 278.271
29.8883 278.271
29.8433 278.271
29.8299 278.271
29.7579 278.266
29.7264 278.243
29.7129 278.209
29.7129 278.129
SUA74_0

0
0 60003 58570 58575
0 0 0 1
27
29.7084 278.152
29.7084 278.14
29.7219 278.083
29.7309 278.066
29.7444 278.043
29.7759 278.032
29.8478 278.026
29.8838 278.026
29.8928 278.026
29.8973 278.026
29.9288 278.055
29.9423 278.089
29.9513 278.14
29.9513 278.203
29.9513 278.209
29.9198 278.243
29.8928 278.271
29.8074 278.277
29.8029 278.277
29.7939 278.277
29.7714 278.277
29.7579 278.277
29.7309 278.26
29.7084 278.203
29.7084 278.197
29.7084 278.192
29.7084 278.152
SUA75_0

0
0 60003 58575 58580
0 0 0 1
32
29.7174 278.163
29.7174 278.14
29.7174 278.123
29.7174 278.106
29.7399 278.049
29.7669 278.037
29.7759 278.037
29.8029 278.037
29.8254 278.037
29.8299 278.037
29.8344 278.037
29.8388 278.037
29.8973 278.043
29.9378 278.089
29.9423 278.123
29.9423 278.14
29.9423 278.192
29.9423 278.203
29.9423 278.209
29.9333 278.22
29.9108 278.249
29.8973 278.254
29.8523 278.266
29.8164 278.266
29.7984 278.266
29.7759 278.266
29.7534 278.26
29.7354 278.243
29.7264 278.214
29.7219 278.197
29.7174 278.169
29.7174 278.163
SUA76_0

0
0 60003 58580 58585
0 0 0 1
33
29.7219 278.186
29.7219 278.146
29.7219 278.123
29.7219 278.106
29.7309 278.072
29.7354 278.06
29.7804 278.037
29.8298 278.032
29.8478 278.032
29.8613 278.032
29.8748 278.032
29.8793 278.032
29.9153 278.077
29.9243 278.089
29.9333 278.106
29.9333 278.112
29.9333 278.123
29.9333 278.129
29.9333 278.174
29.9333 278.18
29.9288 278.209
29.9198 278.231
29.9108 278.243
29.8883 278.254
29.8254 278.266
29.8164 278.266
29.7804 278.266
29.7759 278.266
29.7264 278.226
29.7219 278.209
29.7219 278.203
29.7219 278.197
29.7219 278.186
SUA77_0

0
0 60003 58585 58590
0 0 0 1
36
29.7264 278.152
29.7264 278.146
29.7309 278.095
29.7354 278.083
29.7444 278.072
29.7579 278.055
29.7759 278.037
29.7804 278.037
29.8074 278.037
29.8254 278.037
29.8658 278.043
29.8883 278.049
29.8883 278.049
29.8973 278.055
29.9063 278.066
29.9198 278.089
29.9243 278.134
29.9243 278.146
29.9243 278.163
29.9243 278.186
29.9243 278.192
29.9243 278.197
29.9243 278.203
29.9153 278.226
29.9108 278.231
29.8793 278.254
29.8254 278.26
29.8209 278.26
29.7894 278.26
29.7669 278.26
29.7579 278.254
29.7354 278.231
29.7264 278.209
29.7264 278.203
29.7264 278.197
29.7264 278.152
SUA78_0

0
0 60003 58590 58595
0 0 0 1
28
29.7309 278.14
29.7309 278.1
29.7444 278.072
29.7714 278.043
29.7759 278.043
29.7939 278.043
29.8074 278.043
29.8164 278.043
29.8209 278.043
29.8838 278.049
29.9018 278.1
29.9108 278.129
29.9108 278.14
29.9108 278.152
29.9108 278.186
29.9108 278.203
29.9108 278.209
29.8973 278.226
29.8613 278.249
29.8164 278.26
29.7984 278.26
29.7669 278.26
29.7444 278.243
29.7354 278.226
29.7309 278.197
29.7309 278.192
29.7309 278.18
29.7309 278.14
SUA79_0

0
0 60003 58595 58600
0 0 0 1
32
29.7399 278.209
29.7399 278.117
29.7399 278.112
29.7399 278.106
29.7399 278.095
29.7399 278.089
29.7444 278.072
29.7489 278.066
29.7714 278.049
29.7759 278.049
29.8164 278.049
29.8343 278.049
29.8388 278.049
29.8748 278.06
29.8973 278.077
29.9063 278.095
29.9108 278.123
29.9108 278.129
29.9108 278.134
29.9108 278.157
29.9108 278.169
29.9108 278.214
29.9063 278.22
29.8928 278.237
29.8523 278.249
29.8299 278.249
29.8029 278.249
29.7714 278.249
29.7669 278.249
29.7489 278.243
29.7399 278.226
29.7399 278.209
SUA80_0

0
0 60003 58600 58605
0 0 0 1
31
29.7084 278.163
29.7084 278.157
29.7084 278.14
29.7084 278.134
29.7084 278.123
29.7129 278.106
29.7174 278.089
29.7264 278.072
29.7444 278.06
29.7849 278.043
29.8254 278.043
29.8433 278.043
29.8568 278.06
29.8838 278.146
29.8838 278.174
29.8838 278.192
29.8838 278.197
29.8838 278.203
29.8838 278.209
29.8703 278.226
29.8613 278.231
29.8433 278.243
29.8074 278.249
29.8029 278.249
29.7984 278.249
29.7624 278.249
29.7534 278.249
29.7174 278.226
29.7084 278.192
29.7084 278.186
29.7084 278.163
SUA81_0

0
0 60003 58605 58610
0 0 0 1
31
29.7129 278.152
29.7129 278.14
29.7129 278.123
29.7129 278.1
29.7129 278.095
29.7534 278.055
29.7804 278.049
29.7849 278.049
29.7984 278.049
29.8119 278.049
29.8209 278.049
29.8299 278.049
29.8523 278.06
29.8613 278.089
29.8748 278.134
29.8748 278.174
29.8748 278.192
29.8748 278.197
29.8703 278.214
29.8658 278.22
29.8344 278.237
29.8209 278.243
29.8119 278.243
29.8029 278.243
29.7669 278.243
29.7399 278.237
29.7264 278.231
29.7174 278.209
29.7129 278.192
29.7129 278.186
29.7129 278.152
SUA82_0

0
0 60003 58610 58615
0 0 0 1
36
29.7174 278.134
29.7219 278.095
29.7309 278.077
29.7354 278.072
29.7489 278.06
29.7579 278.06
29.7624 278.06
29.8029 278.06
29.8209 278.06
29.8254 278.06
29.8299 278.06
29.8389 278.066
29.8568 278.095
29.8613 278.106
29.8658 278.129
29.8658 278.134
29.8658 278.157
29.8658 278.169
29.8658 278.174
29.8658 278.18
29.8658 278.203
29.8658 278.209
29.8568 278.22
29.8388 278.231
29.8209 278.237
29.8164 278.237
29.8119 278.237
29.7669 278.237
29.7444 278.237
29.7399 278.237
29.7309 278.226
29.7174 278.203
29.7174 278.197
29.7174 278.174
29.7174 278.157
29.7174 278.134
SUA83_0

0
0 60003 58615 58620
0 0 0 1
33
29.6859 278.112
29.6859 278.106
29.6859 278.1
29.6904 278.083
29.7084 278.072
29.7219 278.066
29.7579 278.055
29.7624 278.055
29.7669 278.055
29.7894 278.055
29.8029 278.055
29.8074 278.055
29.8299 278.066
29.8343 278.072
29.8478 278.095
29.8568 278.117
29.8568 278.123
29.8568 278.157
29.8568 278.169
29.8568 278.197
29.8568 278.203
29.8523 278.214
29.8343 278.231
29.7894 278.237
29.7669 278.237
29.7354 278.237
29.7219 278.237
29.7174 278.237
29.7084 278.226
29.7039 278.22
29.6859 278.192
29.6859 278.169
29.6859 278.112
SUA84_0

0
0 60003 58620 58625
0 0 0 1
39
29.6589 278.152
29.659 278.14
29.659 278.117
29.659 278.112
29.659 278.106
29.6635 278.089
29.6724 278.077
29.6949 278.055
29.7129 278.049
29.7174 278.049
29.7399 278.049
29.7489 278.049
29.7579 278.049
29.7624 278.049
29.7804 278.055
29.7984 278.06
29.8254 278.083
29.8388 278.134
29.8388 278.14
29.8389 278.157
29.8389 278.169
29.8389 278.192
29.8388 278.203
29.8299 278.214
29.8209 278.226
29.8164 278.226
29.8119 278.226
29.7939 278.226
29.7759 278.226
29.7219 278.226
29.7039 278.226
29.6994 278.226
29.6904 278.22
29.6814 278.214
29.6769 278.209
29.6635 278.192
29.659 278.169
29.659 278.163
29.6589 278.152
SUA85_0

0
0 60003 58625 58630
0 0 0 1
30
29.632 278.106
29.6365 278.083
29.641 278.066
29.6949 278.043
29.7039 278.043
29.7129 278.043
29.7444 278.043
29.7489 278.043
29.7759 278.055
29.7939 278.066
29.8029 278.077
29.8164 278.117
29.8209 278.14
29.8209 278.157
29.8209 278.203
29.8209 278.209
29.8074 278.214
29.7939 278.22
29.7714 278.226
29.7669 278.226
29.7624 278.226
29.7264 278.226
29.7084 278.226
29.7039 278.226
29.6859 278.22
29.6365 278.192
29.632 278.169
29.632 278.163
29.632 278.152
29.632 278.106
SUA86_0

0
0 60003 58630 58635
0 0 0 1
28
29.6185 278.072
29.6185 278.066
29.6185 278.066
29.6275 278.055
29.6365 278.043
29.6545 278.037
29.6724 278.032
29.6769 278.032
29.6949 278.032
29.7264 278.032
29.7354 278.032
29.7534 278.043
29.7714 278.06
29.7849 278.083
29.7939 278.1
29.8029 278.14
29.8029 278.146
29.8029 278.18
29.8029 278.203
29.7894 278.214
29.7804 278.214
29.7534 278.214
29.7399 278.214
29.7354 278.214
29.6634 278.209
29.6185 278.18
29.6185 278.169
29.6185 278.072
SUA87_0

0
0 60003 58635 58640
0 0 0 1
32
29.5915 278.112
29.5915 278.095
29.5915 278.066
29.5915 278.055
29.6005 278.032
29.641 278.02
29.6455 278.02
29.65 278.02
29.6994 278.02
29.7129 278.02
29.7174 278.02
29.7264 278.026
29.7354 278.032
29.7489 278.043
29.7579 278.06
29.7669 278.083
29.7804 278.117
29.7804 278.123
29.7804 278.192
29.7579 278.203
29.7534 278.203
29.7444 278.203
29.7309 278.203
29.6994 278.203
29.6724 278.203
29.6679 278.203
29.6365 278.192
29.6185 278.18
29.5915 278.163
29.5915 278.152
29.5915 278.123
29.5915 278.112
SUA88_0

0
0 60003 58640 58645
0 0 0 1
30
29.5735 278.106
29.5735 278.055
29.5735 278.049
29.5735 278.043
29.5825 278.02
29.632 277.997
29.6904 277.997
29.6994 278.003
29.7129 278.015
29.7264 278.026
29.7309 278.032
29.7354 278.037
29.7489 278.072
29.7624 278.106
29.7624 278.169
29.7579 278.18
29.7399 278.186
29.7129 278.192
29.7039 278.192
29.6455 278.192
29.641 278.192
29.6275 278.186
29.614 278.18
29.605 278.174
29.5915 278.163
29.5825 278.152
29.578 278.146
29.5735 278.123
29.5735 278.117
29.5735 278.106
SUA89_0

0
0 60003 58645 58650
0 0 0 1
31
29.551 278.049
29.551 278.026
29.614 277.98
29.6185 277.98
29.6455 277.98
29.6545 277.98
29.659 277.98
29.6679 277.98
29.6769 277.986
29.6859 277.992
29.6949 277.998
29.6994 278.003
29.7084 278.015
29.7264 278.055
29.7399 278.095
29.7399 278.1
29.7399 278.106
29.7399 278.112
29.7399 278.117
29.7399 278.157
29.6904 278.18
29.6769 278.186
29.6724 278.186
29.6275 278.186
29.5915 278.174
29.5825 278.169
29.56 278.146
29.551 278.112
29.551 278.106
29.551 278.083
29.551 278.049
SUA90_0

0
0 60003 58650 58655
0 0 0 1
30
29.5285 278.037
29.5285 278.02
29.5285 278.015
29.542 278.003
29.5915 277.963
29.596 277.963
29.6185 277.963
29.641 277.963
29.659 277.975
29.6679 277.98
29.6769 277.986
29.6859 277.992
29.7174 278.083
29.7174 278.095
29.7174 278.112
29.7174 278.134
29.7174 278.14
29.7174 278.146
29.659 278.174
29.6185 278.174
29.5915 278.174
29.5915 278.174
29.578 278.169
29.578 278.169
29.569 278.163
29.56 278.157
29.5375 278.129
29.5285 278.095
29.5285 278.072
29.5285 278.037
SUA91_0

0
0 60003 58655 58660
0 0 0 1
28
29.515 278.032
29.515 278.026
29.515 278.015
29.5195 277.992
29.5735 277.952
29.578 277.952
29.5915 277.952
29.623 277.952
29.6365 277.958
29.659 277.975
29.6769 278.015
29.6949 278.072
29.6949 278.095
29.6949 278.106
29.6949 278.117
29.6949 278.129
29.6949 278.134
29.632 278.169
29.6275 278.169
29.596 278.169
29.578 278.169
29.5555 278.157
29.5465 278.152
29.542 278.146
29.5195 278.106
29.515 278.083
29.515 278.077
29.515 278.032
SUA92_0

0
0 60003 58660 58665
0 0 0 1
35
29.506 278.037
29.506 278.003
29.5105 277.98
29.515 277.969
29.524 277.963
29.56 277.94
29.5645 277.94
29.587 277.94
29.6005 277.94
29.6095 277.94
29.614 277.94
29.614 277.94
29.6365 277.958
29.6365 277.958
29.6545 278.003
29.6724 278.06
29.6725 278.072
29.6724 278.123
29.6095 278.157
29.605 278.157
29.6005 278.157
29.5915 278.157
29.5735 278.157
29.56 278.157
29.5555 278.157
29.5465 278.152
29.533 278.134
29.5285 278.129
29.515 278.106
29.5105 278.095
29.506 278.066
29.506 278.06
29.506 278.055
29.506 278.049
29.506 278.037
SUA93_0

0
0 60003 58665 58670
0 0 0 1
27
29.506 278.043
29.506 278.009
29.506 277.986
29.5105 277.958
29.5285 277.94
29.5555 277.923
29.56 277.923
29.5735 277.923
29.596 277.923
29.605 277.923
29.623 277.952
29.659 278.049
29.659 278.06
29.659 278.077
29.659 278.1
29.659 278.106
29.659 278.112
29.5915 278.146
29.5735 278.146
29.5645 278.146
29.5465 278.146
29.542 278.146
29.5375 278.14
29.5285 278.129
29.5105 278.095
29.506 278.049
29.506 278.043
SUA94_0

0
0 60003 58670 58675
0 0 0 1
28
29.5105 277.969
29.5105 277.963
29.524 277.946
29.5375 277.929
29.5555 277.906
29.56 277.906
29.587 277.906
29.6005 277.906
29.605 277.906
29.623 277.94
29.641 278.009
29.6455 278.032
29.6455 278.043
29.6455 278.066
29.6455 278.089
29.6455 278.095
29.6455 278.1
29.5825 278.129
29.578 278.129
29.5645 278.129
29.5375 278.129
29.5285 278.129
29.524 278.117
29.524 278.117
29.5195 278.095
29.5105 278.032
29.5105 278.009
29.5105 277.969
SUA95_0

0
0 60003 58675 58680
0 0 0 1
29
29.524 278.083
29.524 278.02
29.524 277.963
29.524 277.946
29.524 277.94
29.5285 277.935
29.56 277.9
29.5645 277.9
29.569 277.9
29.6095 277.9
29.614 277.9
29.65 277.923
29.659 277.963
29.659 277.992
29.659 278.009
29.659 278.032
29.659 278.037
29.641 278.083
29.641 278.083
29.5825 278.112
29.578 278.112
29.5645 278.112
29.5465 278.112
29.5375 278.112
29.533 278.112
29.524 278.112
29.524 278.112
29.524 278.1
29.524 278.083
SUA96_0

0
0 60003 58680 58685
0 0 0 1
29
29.524 277.969
29.524 277.952
29.524 277.94
29.524 277.935
29.5645 277.895
29.578 277.895
29.6005 277.895
29.6095 277.895
29.6185 277.895
29.623 277.895
29.6455 277.923
29.6545 277.935
29.6679 277.958
29.668 277.975
29.668 278.032
29.668 278.043
29.6635 278.06
29.641 278.072
29.5825 278.1
29.578 278.1
29.5645 278.1
29.5465 278.1
29.533 278.1
29.5285 278.1
29.5285 278.1
29.524 278.049
29.524 278.037
29.524 277.986
29.524 277.969
SUA97_0

0
0 60003 58685 58690
0 0 0 1
28
29.5285 277.969
29.5285 277.935
29.533 277.929
29.5645 277.895
29.569 277.895
29.578 277.895
29.596 277.895
29.6095 277.895
29.6275 277.895
29.6724 277.958
29.6769 277.969
29.6859 278.009
29.6859 278.037
29.6859 278.055
29.6859 278.066
29.6859 278.072
29.6275 278.089
29.623 278.089
29.6005 278.089
29.5825 278.089
29.569 278.089
29.5465 278.089
29.5375 278.089
29.533 278.089
29.5285 277.997
29.5285 277.992
29.5285 277.986
29.5285 277.969
SUA98_0

0
0 60003 58690 58695
0 0 0 1
26
29.542 278.026
29.542 277.946
29.542 277.929
29.5735 277.895
29.5825 277.895
29.587 277.895
29.6005 277.895
29.6275 277.895
29.6365 277.895
29.6904 277.963
29.6949 277.997
29.6949 278.009
29.6949 278.02
29.6949 278.026
29.6949 278.049
29.6949 278.06
29.6949 278.066
29.6949 278.072
29.6904 278.077
29.6679 278.083
29.6455 278.089
29.641 278.089
29.632 278.089
29.56 278.089
29.542 278.089
29.542 278.026
SUA99_0

0
0 60003 58695 58700
0 0 0 1
27
29.551 278.009
29.551 277.929
29.5825 277.895
29.596 277.895
29.6185 277.895
29.6275 277.895
29.641 277.895
29.6455 277.9
29.6814 277.952
29.6949 277.975
29.6949 277.98
29.6949 277.998
29.6949 278.015
29.6949 278.055
29.6949 278.06
29.6904 278.072
29.6814 278.077
29.6545 278.095
29.6455 278.095
29.641 278.095
29.632 278.095
29.587 278.095
29.578 278.095
29.5735 278.095
29.551 278.089
29.551 278.083
29.551 278.009
SUA100_0

0
0 60003 58700 58705
0 0 0 1
27
29.5555 277.986
29.5555 277.952
29.5555 277.929
29.587 277.895
29.587 277.895
29.5915 277.895
29.596 277.895
29.623 277.895
29.6365 277.895
29.6455 277.895
29.6455 277.895
29.6859 277.963
29.6904 277.986
29.6904 277.992
29.6904 278.015
29.6904 278.055
29.6904 278.072
29.6545 278.1
29.65 278.1
29.632 278.1
29.605 278.1
29.6005 278.1
29.5645 278.095
29.56 278.089
29.5555 278.032
29.5555 277.997
29.5555 277.986
SUA101_0

0
0 60003 58705 58710
0 0 0 1
31
29.56 277.946
29.56 277.929
29.5915 277.895
29.596 277.895
29.6005 277.895
29.6095 277.895
29.6275 277.895
29.6455 277.895
29.65 277.895
29.6904 277.963
29.6949 277.986
29.6949 277.992
29.6949 278.015
29.6949 278.043
29.6949 278.049
29.6904 278.077
29.6814 278.083
29.659 278.095
29.65 278.095
29.632 278.095
29.6275 278.095
29.5915 278.095
29.578 278.095
29.569 278.095
29.569 278.095
29.5645 278.089
29.56 277.998
29.56 277.986
29.56 277.98
29.56 277.963
29.56 277.946
SUA102_0

0
0 60003 58710 58715
0 0 0 1
29
29.5645 277.969
29.5645 277.929
29.5645 277.929
29.596 277.895
29.6005 277.895
29.605 277.895
29.623 277.895
29.6275 277.895
29.65 277.895
29.65 277.895
29.6545 277.9
29.6859 277.958
29.6949 277.975
29.6949 277.986
29.6949 278.06
29.6949 278.066
29.6904 278.083
29.6634 278.1
29.659 278.1
29.6365 278.1
29.6185 278.1
29.596 278.1
29.5915 278.1
29.569 278.095
29.5645 278.043
29.5645 278.037
29.5645 278.032
29.5645 277.992
29.5645 277.969
SUA103_0

0
0 60003 58715 58720
0 0 0 1
36
29.569 277.98
29.569 277.952
29.569 277.946
29.569 277.94
29.569 277.935
29.6005 277.9
29.605 277.9
29.623 277.9
29.632 277.9
29.641 277.9
29.65 277.9
29.6545 277.9
29.659 277.906
29.6814 277.952
29.6904 277.975
29.6994 278.003
29.6994 278.043
29.6994 278.066
29.6949 278.083
29.6635 278.1
29.6545 278.1
29.6365 278.1
29.623 278.1
29.6185 278.1
29.614 278.1
29.6095 278.1
29.5735 278.095
29.5735 278.095
29.5735 278.095
29.569 278.089
29.569 278.077
29.569 278.06
29.569 278.049
29.569 278.037
29.569 277.997
29.569 277.98
