SUA0_0

0
0 60003 85500 85505
0 0 0 1
18
39.7823 255.485
39.777 255.476
39.7691 255.462
39.7665 255.457
39.7638 255.453
39.7638 255.453
39.8002 255.419
39.8038 255.416
39.8075 255.412
39.8138 255.414
39.8164 255.418
39.8402 255.46
39.8428 255.464
39.8392 255.468
39.821 255.485
39.7992 255.505
39.7955 255.508
39.7823 255.485
SUA1_0

0
0 60003 85505 85510
0 0 0 1
23
39.7655 255.465
39.7628 255.461
39.7638 255.453
39.7638 255.453
39.7675 255.449
39.782 255.436
39.8002 255.419
39.8075 255.412
39.8111 255.409
39.8174 255.41
39.82 255.415
39.8227 255.42
39.8253 255.424
39.8386 255.447
39.8491 255.466
39.8481 255.474
39.8263 255.494
39.819 255.501
39.8117 255.507
39.8081 255.511
39.7982 255.513
39.7919 255.511
39.7655 255.465
SUA2_0

0
0 60003 85510 85515
0 0 0 1
20
39.7955 255.508
39.7691 255.462
39.7665 255.457
39.7638 255.453
39.7747 255.443
39.7784 255.439
39.782 255.436
39.8038 255.416
39.821 255.407
39.821 255.407
39.829 255.421
39.8528 255.462
39.8554 255.467
39.8508 255.478
39.8471 255.482
39.8399 255.488
39.8108 255.515
39.8071 255.519
39.8008 255.517
39.7955 255.508
SUA3_0

0
0 60003 85515 85520
0 0 0 1
28
39.7929 255.503
39.777 255.476
39.7717 255.467
39.7691 255.462
39.7691 255.462
39.7701 255.454
39.7701 255.454
39.7737 255.451
39.7919 255.434
39.7992 255.427
39.8101 255.417
39.8138 255.414
39.821 255.407
39.821 255.407
39.8273 255.408
39.8273 255.408
39.8326 255.417
39.8564 255.459
39.859 255.464
39.8617 255.468
39.8607 255.476
39.8571 255.48
39.8352 255.5
39.8134 255.52
39.8098 255.523
39.7982 255.513
39.7955 255.508
39.7929 255.503
SUA4_0

0
0 60003 85520 85525
0 0 0 1
26
39.7797 255.48
39.7744 255.471
39.7718 255.467
39.7727 255.459
39.7737 255.451
39.7737 255.451
39.781 255.444
39.8065 255.42
39.8138 255.414
39.8273 255.408
39.83 255.413
39.8326 255.417
39.8353 255.422
39.8379 255.427
39.8511 255.45
39.8564 255.459
39.8617 255.468
39.8607 255.476
39.8597 255.484
39.8488 255.494
39.816 255.524
39.8124 255.528
39.8124 255.528
39.8008 255.517
39.785 255.49
39.7797 255.48
SUA5_0

0
0 60003 85525 85530
0 0 0 1
26
39.8078 255.539
39.776 255.484
39.7734 255.479
39.7717 255.467
39.7727 255.459
39.7737 255.451
39.7737 255.451
39.7737 255.451
39.7774 255.447
39.7846 255.441
39.7883 255.437
39.8101 255.417
39.8138 255.414
39.8138 255.414
39.82 255.415
39.829 255.421
39.8316 255.425
39.8395 255.439
39.8581 255.472
39.8607 255.476
39.8633 255.481
39.8623 255.489
39.8613 255.497
39.8213 255.534
39.814 255.54
39.8078 255.539
SUA6_0

0
0 60003 85530 85535
0 0 0 1
32
39.7724 255.487
39.7708 255.474
39.7708 255.474
39.7717 255.467
39.7727 255.459
39.7837 255.448
39.7909 255.442
39.8128 255.422
39.8164 255.418
39.8164 255.418
39.8227 255.42
39.8316 255.425
39.8369 255.435
39.8528 255.462
39.8581 255.472
39.8633 255.481
39.8633 255.481
39.865 255.493
39.864 255.501
39.8604 255.505
39.8567 255.508
39.8531 255.511
39.8422 255.522
39.8385 255.525
39.8203 255.542
39.8167 255.545
39.8131 255.548
39.8068 255.547
39.8041 255.542
39.7988 255.533
39.7856 255.51
39.7724 255.487
SUA7_0

0
0 60003 85535 85540
0 0 0 1
28
39.7757 255.512
39.7704 255.503
39.7698 255.482
39.7707 255.474
39.7717 255.467
39.7727 255.459
39.78 255.452
39.7837 255.448
39.7909 255.442
39.8128 255.422
39.8164 255.418
39.828 255.429
39.8333 255.438
39.8597 255.484
39.8623 255.489
39.865 255.493
39.865 255.493
39.864 255.501
39.8557 255.516
39.8521 255.519
39.8448 255.526
39.8302 255.54
39.8157 255.553
39.8121 255.556
39.7995 255.554
39.7942 255.545
39.7863 255.531
39.7757 255.512
SUA8_0

0
0 60003 85540 85545
0 0 0 1
23
39.7658 255.514
39.7631 255.51
39.7605 255.505
39.7671 255.478
39.7717 255.467
39.7754 255.463
39.8081 255.433
39.8154 255.426
39.8333 255.438
39.8597 255.484
39.8623 255.489
39.864 255.501
39.864 255.501
39.8511 255.527
39.8438 255.534
39.8365 255.541
39.8147 255.561
39.8111 255.564
39.8011 255.566
39.7949 255.565
39.7922 255.561
39.7816 255.542
39.7658 255.514
SUA9_0

0
0 60003 85545 85550
0 0 0 1
29
39.7611 255.526
39.7585 255.521
39.7559 255.516
39.7569 255.508
39.7578 255.501
39.7635 255.481
39.7817 255.464
39.8071 255.441
39.8108 255.438
39.8108 255.438
39.8171 255.439
39.8233 255.44
39.8323 255.446
39.8349 255.451
39.8376 255.455
39.8508 255.478
39.8613 255.497
39.864 255.501
39.8511 255.527
39.8511 255.527
39.8474 255.531
39.8365 255.541
39.822 255.554
39.8074 255.568
39.8001 255.574
39.7965 255.578
39.7876 255.572
39.7849 255.567
39.7611 255.526
SUA10_0

0
0 60003 85550 85555
0 0 0 1
24
39.7459 255.519
39.7469 255.511
39.7536 255.483
39.7608 255.477
39.7681 255.47
39.7899 255.45
39.7936 255.446
39.7972 255.443
39.8071 255.441
39.8313 255.454
39.8339 255.459
39.8392 255.468
39.8471 255.482
39.8604 255.505
39.8603 255.505
39.8557 255.516
39.8428 255.542
39.821 255.562
39.8028 255.579
39.7992 255.582
39.7866 255.58
39.7803 255.579
39.7724 255.565
39.7459 255.519
SUA11_0

0
0 60003 85555 85560
0 0 0 1
25
39.7403 255.538
39.7377 255.533
39.737 255.513
39.7463 255.49
39.7499 255.487
39.779 255.46
39.7863 255.453
39.7936 255.446
39.7972 255.443
39.8035 255.444
39.8124 255.45
39.824 255.461
39.8266 255.465
39.8293 255.47
39.8504 255.507
39.8557 255.516
39.8428 255.542
39.8355 255.549
39.8319 255.552
39.7919 255.589
39.7882 255.592
39.7757 255.59
39.7667 255.584
39.7641 255.579
39.7403 255.538
SUA12_0

0
0 60003 85560 85565
0 0 0 1
27
39.7462 255.568
39.7357 255.549
39.7304 255.54
39.7277 255.535
39.7287 255.527
39.7364 255.492
39.7436 255.485
39.7545 255.475
39.7618 255.469
39.7837 255.448
39.7837 255.448
39.7899 255.45
39.7962 255.451
39.8051 255.457
39.823 255.469
39.8336 255.487
39.8441 255.506
39.8494 255.515
39.8521 255.519
39.8355 255.549
39.8283 255.556
39.8173 255.566
39.8101 255.572
39.781 255.599
39.7621 255.595
39.7595 255.591
39.7462 255.568
SUA13_0

0
0 60003 85565 85570
0 0 0 1
26
39.7469 255.588
39.7231 255.547
39.7205 255.542
39.7198 255.521
39.7264 255.494
39.7264 255.494
39.7374 255.484
39.7483 255.474
39.7628 255.461
39.7737 255.451
39.78 255.452
39.7863 255.453
39.7952 255.459
39.8131 255.471
39.8157 255.475
39.8422 255.522
39.8448 255.526
39.8319 255.552
39.8127 255.577
39.8018 255.587
39.78 255.607
39.7763 255.61
39.7727 255.614
39.7575 255.607
39.7522 255.597
39.7469 255.588
SUA14_0

0
0 60003 85570 85575
0 0 0 1
32
39.7317 255.581
39.7264 255.572
39.7185 255.558
39.7132 255.549
39.7106 255.544
39.7089 255.532
39.7165 255.496
39.7529 255.463
39.7602 255.456
39.7701 255.454
39.7701 255.454
39.7764 255.455
39.7916 255.462
39.8058 255.477
39.8084 255.482
39.8137 255.491
39.8217 255.505
39.8349 255.528
39.8375 255.533
39.8375 255.533
39.821 255.562
39.8127 255.577
39.8127 255.577
39.8091 255.58
39.7982 255.59
39.78 255.607
39.7763 255.61
39.7691 255.617
39.7654 255.621
39.7555 255.623
39.7476 255.609
39.7317 255.581
SUA15_0

0
0 60003 85575 85580
0 0 0 1
32
39.7049 255.563
39.7023 255.559
39.7006 255.546
39.699 255.534
39.7066 255.498
39.7139 255.492
39.7212 255.485
39.743 255.465
39.7466 255.461
39.7503 255.458
39.7602 255.456
39.7665 255.457
39.7817 255.464
39.8022 255.481
39.8048 255.485
39.8154 255.504
39.8207 255.513
39.8286 255.527
39.8339 255.536
39.8127 255.577
39.8091 255.58
39.8018 255.587
39.7727 255.614
39.7618 255.624
39.7581 255.627
39.7545 255.631
39.7456 255.625
39.7366 255.619
39.734 255.614
39.7287 255.605
39.7261 255.6
39.7049 255.563
SUA16_0

0
0 60003 85580 85585
0 0 0 1
25
39.695 255.566
39.6897 255.556
39.6854 255.539
39.693 255.504
39.6967 255.5
39.7149 255.484
39.7221 255.477
39.7367 255.464
39.7403 255.46
39.7503 255.458
39.7744 255.471
39.7949 255.488
39.7975 255.492
39.8028 255.501
39.8213 255.534
39.824 255.538
39.8266 255.543
39.8018 255.587
39.7982 255.59
39.7763 255.61
39.7581 255.627
39.7509 255.634
39.7472 255.637
39.732 255.63
39.695 255.566
SUA17_0

0
0 60003 85585 85590
0 0 0 1
33
39.6989 255.611
39.6963 255.607
39.6804 255.579
39.6788 255.566
39.6788 255.566
39.6781 255.546
39.6831 255.506
39.6831 255.506
39.6904 255.499
39.6977 255.492
39.7159 255.476
39.7231 255.469
39.7268 255.466
39.7403 255.46
39.7645 255.473
39.7939 255.495
39.7965 255.5
39.7992 255.505
39.8203 255.542
39.823 255.546
39.7982 255.59
39.7945 255.594
39.7836 255.604
39.7545 255.631
39.7509 255.634
39.7399 255.644
39.7363 255.647
39.7201 255.648
39.7175 255.644
39.7122 255.634
39.7042 255.62
39.7016 255.616
39.6989 255.611
SUA18_0

0
0 60003 85590 85595
0 0 0 1
29
39.6917 255.618
39.6758 255.59
39.6705 255.581
39.6646 255.551
39.6732 255.508
39.6768 255.505
39.6877 255.495
39.7096 255.474
39.7132 255.471
39.7169 255.468
39.7268 255.466
39.7331 255.467
39.7572 255.48
39.7866 255.502
39.8104 255.544
39.8157 255.553
39.779 255.615
39.779 255.615
39.7753 255.618
39.7535 255.639
39.7426 255.649
39.7353 255.655
39.7317 255.659
39.7254 255.657
39.7191 255.656
39.7128 255.655
39.7102 255.65
39.6996 255.632
39.6917 255.618
SUA19_0

0
0 60003 85595 85600
0 0 0 1
34
39.6903 255.654
39.685 255.645
39.6745 255.627
39.6665 255.613
39.6639 255.608
39.6543 255.582
39.6547 255.553
39.6547 255.553
39.6633 255.51
39.6669 255.507
39.6706 255.503
39.6887 255.487
39.696 255.48
39.7033 255.473
39.7069 255.47
39.7169 255.468
39.7473 255.482
39.7731 255.508
39.7836 255.526
39.7968 255.549
39.8048 255.563
39.8048 255.563
39.7753 255.618
39.7681 255.625
39.7644 255.628
39.7608 255.632
39.7317 255.659
39.728 255.662
39.7244 255.665
39.7145 255.667
39.7082 255.666
39.7019 255.665
39.693 255.659
39.6903 255.654
SUA20_0

0
0 60003 85600 85605
0 0 0 1
28
39.6821 255.669
39.6741 255.655
39.6451 255.604
39.6424 255.6
39.6408 255.587
39.6411 255.559
39.6507 255.508
39.6544 255.504
39.658 255.501
39.6762 255.484
39.6835 255.477
39.6871 255.474
39.6907 255.471
39.7007 255.469
39.7069 255.47
39.7132 255.471
39.7694 255.511
39.7694 255.511
39.7985 255.562
39.8011 255.566
39.7717 255.622
39.7571 255.635
39.728 255.662
39.7171 255.672
39.7026 255.686
39.69 255.683
39.6874 255.678
39.6821 255.669
SUA21_0

0
0 60003 85605 85610
0 0 0 1
25
39.6764 255.688
39.6606 255.661
39.6236 255.596
39.6275 255.564
39.6408 255.51
39.6481 255.503
39.659 255.493
39.6808 255.473
39.6845 255.469
39.7007 255.469
39.7301 255.491
39.7621 255.518
39.7621 255.518
39.7648 255.522
39.7701 255.532
39.7754 255.541
39.7912 255.568
39.7939 255.573
39.7644 255.628
39.7608 255.632
39.7535 255.639
39.7317 255.659
39.6916 255.696
39.6817 255.698
39.6764 255.688
SUA22_0

0
0 60003 85610 85615
0 0 0 1
28
39.6222 255.633
39.6143 255.619
39.609 255.61
39.6176 255.566
39.6309 255.512
39.66 255.485
39.6709 255.475
39.6745 255.471
39.6845 255.469
39.6845 255.469
39.7202 255.493
39.7585 255.521
39.7717 255.544
39.7797 255.558
39.7849 255.567
39.7876 255.572
39.7876 255.572
39.783 255.583
39.7525 255.647
39.7416 255.657
39.7307 255.667
39.7234 255.673
39.7161 255.68
39.7125 255.683
39.6807 255.706
39.6645 255.706
39.6513 255.683
39.6222 255.633
SUA23_0

0
0 60003 85615 85620
0 0 0 1
28
39.6153 255.688
39.5994 255.661
39.5819 255.62
39.5875 255.601
39.6236 255.518
39.6236 255.518
39.6272 255.515
39.6527 255.492
39.6673 255.478
39.6709 255.475
39.6772 255.476
39.704 255.494
39.7129 255.5
39.7512 255.528
39.7512 255.528
39.7539 255.532
39.7592 255.542
39.775 255.569
39.7803 255.579
39.7803 255.579
39.7462 255.645
39.7343 255.663
39.6979 255.697
39.6652 255.727
39.6427 255.727
39.6285 255.711
39.6258 255.707
39.6153 255.688
SUA24_0

0
0 60003 85620 85625
0 0 0 1
25
39.5644 255.658
39.5617 255.653
39.5647 255.629
39.6117 255.536
39.6236 255.518
39.6345 255.508
39.6636 255.482
39.6673 255.478
39.7413 255.53
39.7492 255.544
39.7677 255.576
39.7704 255.581
39.7694 255.589
39.7353 255.655
39.7198 255.677
39.7125 255.683
39.7088 255.687
39.6725 255.72
39.6652 255.727
39.6615 255.73
39.6262 255.756
39.5934 255.709
39.5908 255.704
39.5855 255.695
39.5644 255.658
SUA25_0

0
0 60003 85625 85630
0 0 0 1
29
39.5505 255.692
39.5478 255.687
39.5455 255.654
39.5584 255.628
39.6153 255.533
39.6299 255.52
39.6444 255.506
39.6517 255.5
39.6553 255.496
39.659 255.493
39.7268 255.543
39.732 255.553
39.7479 255.58
39.7505 255.585
39.7558 255.594
39.7558 255.594
39.7466 255.617
39.7208 255.669
39.6705 255.736
39.6668 255.74
39.6486 255.756
39.6377 255.766
39.6305 255.773
39.6268 255.777
39.6205 255.775
39.6027 255.763
39.5769 255.738
39.561 255.71
39.5505 255.692
SUA26_0

0
0 60003 85630 85635
0 0 0 1
30
39.557 255.742
39.5438 255.719
39.5359 255.705
39.5333 255.701
39.5237 255.674
39.5369 255.62
39.5406 255.616
39.6388 255.526
39.6424 255.522
39.6497 255.516
39.656 255.517
39.6801 255.53
39.7096 255.552
39.7122 255.557
39.7254 255.58
39.7386 255.603
39.7413 255.607
39.7413 255.607
39.7366 255.619
39.685 255.723
39.6658 255.748
39.6622 255.751
39.6586 255.754
39.6404 255.771
39.6258 255.784
39.6222 255.788
39.5961 255.791
39.5845 255.78
39.5623 255.751
39.557 255.742
SUA27_0

0
0 60003 85635 85640
0 0 0 1
31
39.5527 255.802
39.5395 255.779
39.5263 255.756
39.521 255.747
39.5114 255.721
39.5081 255.695
39.5075 255.675
39.5078 255.646
39.5115 255.643
39.5151 255.64
39.5515 255.606
39.5624 255.596
39.6378 255.534
39.6477 255.531
39.7168 255.545
39.7248 255.559
39.7301 255.568
39.7406 255.587
39.7459 255.596
39.7499 255.642
39.7413 255.685
39.682 255.747
39.6784 255.75
39.6675 255.76
39.6457 255.78
39.642 255.784
39.6139 255.803
39.5941 255.807
39.5679 255.81
39.5617 255.808
39.5527 255.802
SUA28_0

0
0 60003 85640 85645
0 0 0 1
36
39.5326 255.758
39.5273 255.748
39.5141 255.725
39.5061 255.711
39.5035 255.707
39.5009 255.702
39.4982 255.698
39.5085 255.667
39.5131 255.656
39.526 255.63
39.5581 255.579
39.5737 255.557
39.5955 255.537
39.61 255.524
39.6137 255.521
39.6444 255.506
39.6706 255.503
39.6973 255.521
39.7063 255.527
39.74 255.566
39.7532 255.589
39.7638 255.608
39.769 255.617
39.7651 255.649
39.7535 255.716
39.7498 255.72
39.7207 255.746
39.7134 255.753
39.6536 255.794
39.6364 255.803
39.6066 255.809
39.5967 255.811
39.5904 255.81
39.5726 255.798
39.5405 255.771
39.5326 255.758
SUA29_0

0
0 60003 85645 85650
0 0 0 1
33
39.5448 255.866
39.5289 255.839
39.521 255.825
39.5183 255.82
39.478 255.73
39.4764 255.718
39.4774 255.71
39.4804 255.686
39.4926 255.639
39.5565 255.566
39.5674 255.556
39.571 255.553
39.5856 255.539
39.6001 255.526
39.6219 255.506
39.6329 255.496
39.6365 255.492
39.694 255.496
39.7129 255.5
39.7393 255.546
39.7737 255.606
39.7753 255.618
39.773 255.663
39.7551 255.729
39.7478 255.735
39.7442 255.739
39.7369 255.746
39.726 255.756
39.7151 255.766
39.636 255.831
39.6017 255.849
39.5474 255.871
39.5448 255.866
SUA30_0

0
0 60003 85650 85655
0 0 0 1
35
39.4787 255.828
39.4681 255.81
39.4654 255.805
39.4628 255.801
39.4304 255.725
39.4291 255.684
39.4794 255.616
39.483 255.613
39.4976 255.599
39.5012 255.596
39.5704 255.532
39.6249 255.482
39.6286 255.479
39.6699 255.483
39.7354 255.5
39.7777 255.574
39.7958 255.635
39.7889 255.691
39.7766 255.737
39.773 255.741
39.7548 255.757
39.7402 255.771
39.7329 255.777
39.7293 255.781
39.6513 255.839
39.6195 255.861
39.5851 255.878
39.5715 255.884
39.5517 255.888
39.5355 255.889
39.5177 255.877
39.4919 255.852
39.4892 255.847
39.4866 255.842
39.4787 255.828
SUA31_0

0
0 60003 85655 85660
0 0 0 1
28
39.4793 255.927
39.4634 255.899
39.4581 255.89
39.4555 255.885
39.4502 255.876
39.3772 255.739
39.3961 255.665
39.3997 255.661
39.407 255.655
39.4397 255.625
39.4834 255.584
39.487 255.581
39.6359 255.472
39.7374 255.484
39.7902 255.576
39.813 255.626
39.8103 255.699
39.8057 255.71
39.7845 255.751
39.7617 255.779
39.7581 255.782
39.7399 255.799
39.7362 255.803
39.6598 255.873
39.6271 255.903
39.6235 255.907
39.5636 255.948
39.4793 255.927
SUA32_0

0
0 60003 85660 85665
0 0 0 1
26
39.4112 255.905
39.398 255.882
39.3953 255.877
39.359 255.755
39.3914 255.676
39.4371 255.62
39.4444 255.613
39.4735 255.586
39.4771 255.583
39.6144 255.463
39.7198 255.444
39.7843 255.547
39.7896 255.556
39.8054 255.584
39.8107 255.593
39.8134 255.597
39.817 255.672
39.7961 255.762
39.7925 255.765
39.7597 255.795
39.7415 255.812
39.549 255.961
39.469 255.957
39.4244 255.928
39.4165 255.914
39.4112 255.905
SUA33_0

0
0 60003 85665 85670
0 0 0 1
27
39.3973 255.861
39.3788 255.829
39.3762 255.824
39.3785 255.78
39.4027 255.637
39.4172 255.624
39.4427 255.601
39.6051 255.486
39.6716 255.495
39.7896 255.556
39.7922 255.561
39.8002 255.574
39.8081 255.588
39.816 255.602
39.8186 255.607
39.7879 255.699
39.7693 255.744
39.6443 255.894
39.6407 255.898
39.6188 255.918
39.6115 255.925
39.6043 255.931
39.5365 255.959
39.4756 255.93
39.4052 255.875
39.4026 255.87
39.3973 255.861
SUA48_0

0
0 60003 85740 85745
0 0 0 1
17
39.4323 255.864
39.4165 255.836
39.4112 255.827
39.4059 255.818
39.4277 255.798
39.4387 255.788
39.4423 255.784
39.4459 255.781
39.4486 255.786
39.4592 255.804
39.4724 255.827
39.475 255.832
39.4714 255.835
39.4605 255.845
39.4386 255.865
39.435 255.869
39.4323 255.864
SUA49_0

0
0 60003 85745 85750
0 0 0 1
24
39.3983 255.931
39.3798 255.898
39.3771 255.894
39.3583 255.812
39.3974 255.706
39.5584 255.55
39.5621 255.547
39.573 255.537
39.5803 255.53
39.5948 255.517
39.5985 255.513
39.6011 255.518
39.6196 255.55
39.6276 255.564
39.5941 255.807
39.5491 255.883
39.5454 255.887
39.5418 255.89
39.4799 255.947
39.4727 255.954
39.469 255.957
39.4062 255.945
39.4036 255.94
39.3983 255.931
SUA50_0

0
0 60003 85750 85755
0 0 0 1
31
39.3364 255.91
39.3338 255.906
39.3312 255.901
39.3216 255.875
39.3028 255.793
39.3134 255.734
39.3256 255.687
39.3329 255.681
39.3402 255.674
39.362 255.654
39.3656 255.65
39.5065 255.528
39.5618 255.498
39.6481 255.503
39.7099 255.601
39.7125 255.606
39.7152 255.61
39.7363 255.647
39.7389 255.652
39.7422 255.755
39.5778 255.963
39.5669 255.973
39.5414 255.996
39.5378 256
39.4779 256.041
39.4501 256.031
39.394 255.991
39.3602 255.952
39.3576 255.947
39.3497 255.933
39.3364 255.91
SUA51_0

0
0 60003 85755 85760
0 0 0 1
27
39.3001 255.944
39.2895 255.925
39.2806 255.764
39.3147 255.697
39.4758 255.542
39.5049 255.515
39.5122 255.508
39.5158 255.505
39.5733 255.508
39.6325 255.524
39.6854 255.539
39.6907 255.548
39.7066 255.576
39.7145 255.59
39.7357 255.627
39.7409 255.636
39.7565 255.692
39.7528 255.773
39.7098 255.834
39.5758 255.979
39.5467 256.006
39.5394 256.012
39.5358 256.016
39.4878 256.039
39.3665 256.031
39.3186 255.976
39.3001 255.944
SUA52_0

0
0 60003 85760 85765
0 0 0 1
34
39.3206 255.96
39.3021 255.928
39.2793 255.878
39.2733 255.848
39.27 255.823
39.2935 255.738
39.3329 255.681
39.3365 255.677
39.3547 255.661
39.5148 255.513
39.5185 255.51
39.579 255.489
39.7079 255.539
39.7106 255.544
39.7132 255.549
39.7238 255.567
39.7264 255.572
39.7343 255.586
39.737 255.59
39.7654 255.698
39.7333 255.827
39.7151 255.843
39.5368 256.008
39.5222 256.021
39.5113 256.031
39.5077 256.035
39.4743 256.044
39.4544 256.048
39.4257 256.047
39.4005 256.042
39.3523 256.016
39.3496 256.011
39.3417 255.997
39.3206 255.96
SUA53_0

0
0 60003 85765 85770
0 0 0 1
34
39.309 255.95
39.2931 255.922
39.2905 255.917
39.2878 255.913
39.2773 255.817
39.276 255.775
39.3018 255.723
39.3183 255.694
39.322 255.691
39.3474 255.667
39.4857 255.54
39.4966 255.53
39.5003 255.526
39.5419 255.502
39.615 255.484
39.6864 255.531
39.6891 255.536
39.6996 255.554
39.7129 255.577
39.7155 255.582
39.732 255.63
39.7419 255.706
39.7362 255.803
39.7134 255.831
39.5814 255.959
39.5633 255.976
39.5269 256.01
39.5232 256.013
39.467 256.051
39.4015 256.034
39.3685 256.015
39.3328 255.991
39.3196 255.968
39.309 255.95
SUA54_0

0
0 60003 85770 85775
0 0 0 1
36
39.2978 255.911
39.2925 255.901
39.2898 255.897
39.2872 255.892
39.2737 255.82
39.2747 255.812
39.2915 255.754
39.3064 255.712
39.3111 255.701
39.3293 255.684
39.3329 255.681
39.3438 255.671
39.3511 255.664
39.5102 255.524
39.5545 255.505
39.5833 255.506
39.6666 255.535
39.7039 255.571
39.7277 255.613
39.733 255.622
39.7469 255.666
39.7412 255.763
39.7088 255.842
39.7015 255.849
39.556 255.983
39.5269 256.01
39.506 256.022
39.469 256.035
39.4392 256.041
39.4167 256.041
39.3738 256.024
39.3596 256.009
39.3401 255.984
39.3374 255.98
39.311 255.934
39.2978 255.911
SUA55_0

0
0 60003 85775 85780
0 0 0 1
40
39.3278 255.953
39.3146 255.93
39.312 255.926
39.3093 255.921
39.3067 255.916
39.2971 255.89
39.2928 255.873
39.2895 255.848
39.2833 255.769
39.2899 255.741
39.36 255.67
39.3673 255.663
39.3964 255.636
39.4 255.633
39.5118 255.537
39.5545 255.505
39.578 255.497
39.6167 255.497
39.6408 255.51
39.655 255.525
39.6861 255.56
39.6887 255.564
39.6914 255.569
39.7099 255.601
39.7178 255.615
39.7231 255.624
39.7429 255.698
39.7442 255.739
39.732 255.785
39.7118 255.818
39.6926 255.843
39.5679 255.965
39.557 255.975
39.5388 255.992
39.5279 256.002
39.4663 256.03
39.423 256.042
39.3738 256.024
39.341 255.976
39.3278 255.953
SUA56_0

0
0 60003 85780 85785
0 0 0 1
39
39.3463 255.986
39.3252 255.949
39.3067 255.916
39.3014 255.907
39.2988 255.903
39.2796 255.85
39.2799 255.821
39.2866 255.794
39.3164 255.71
39.3537 255.669
39.3574 255.665
39.3756 255.648
39.3792 255.645
39.3901 255.635
39.3938 255.632
39.491 255.549
39.5227 255.527
39.5462 255.519
39.5624 255.518
39.5876 255.523
39.6504 255.536
39.6719 255.545
39.6904 255.577
39.6983 255.591
39.7009 255.595
39.7211 255.64
39.7389 255.73
39.7359 255.754
39.7045 255.825
39.5871 255.94
39.5798 255.947
39.5543 255.97
39.547 255.977
39.4862 256.026
39.4439 256.03
39.3999 256.021
39.3516 255.995
39.349 255.99
39.3463 255.986
SUA57_0

0
0 60003 85785 85790
0 0 0 1
41
39.3093 255.921
39.304 255.912
39.2862 255.822
39.3005 255.76
39.3164 255.71
39.3236 255.703
39.3309 255.697
39.4655 255.572
39.4837 255.556
39.4874 255.552
39.4946 255.546
39.4983 255.542
39.5228 255.527
39.5588 255.522
39.5813 255.522
39.6342 255.537
39.6619 255.547
39.6973 255.599
39.6999 255.603
39.7105 255.622
39.7185 255.636
39.7237 255.645
39.7264 255.649
39.733 255.7
39.7343 255.741
39.726 255.756
39.7095 255.785
39.7012 255.8
39.681 255.832
39.6546 255.864
39.5772 255.942
39.548 255.969
39.5262 255.989
39.5189 255.996
39.4835 256.021
39.4475 256.026
39.3999 256.021
39.3615 255.993
39.3331 255.963
39.3278 255.953
39.3093 255.921
SUA58_0

0
0 60003 85790 85795
0 0 0 1
35
39.3113 255.905
39.3034 255.891
39.3007 255.887
39.2958 255.771
39.3236 255.703
39.3273 255.7
39.3345 255.693
39.36 255.67
39.3746 255.656
39.3855 255.646
39.3891 255.643
39.5118 255.537
39.5667 255.536
39.6447 255.555
39.6795 255.587
39.6821 255.592
39.7085 255.638
39.7112 255.642
39.7204 255.697
39.7254 255.735
39.7244 255.743
39.7085 255.793
39.6909 255.83
39.6764 255.844
39.549 255.961
39.5454 255.964
39.5017 256.005
39.4981 256.008
39.471 256.019
39.4475 256.026
39.4161 256.02
39.382 256.009
39.343 255.961
39.3404 255.956
39.3113 255.905
SUA59_0

0
0 60003 85795 85800
0 0 0 1
39
39.3318 255.922
39.3265 255.912
39.3037 255.863
39.2978 255.833
39.3001 255.788
39.316 255.739
39.3206 255.727
39.3362 255.706
39.45 255.594
39.4536 255.591
39.4573 255.587
39.4864 255.56
39.49 255.557
39.5578 255.53
39.5803 255.53
39.6348 255.557
39.6527 255.569
39.6606 255.583
39.6633 255.588
39.695 255.643
39.7003 255.652
39.7029 255.657
39.7072 255.752
39.7042 255.776
39.6986 255.795
39.6794 255.82
39.5609 255.943
39.5573 255.946
39.5428 255.96
39.5318 255.97
39.5173 255.983
39.5137 255.987
39.51 255.99
39.472 256.011
39.4485 256.019
39.3956 256.004
39.3609 255.972
39.3582 255.968
39.3318 255.922
SUA60_0

0
0 60003 85800 85805
0 0 0 1
32
39.3282 255.925
39.3255 255.92
39.3229 255.916
39.2941 255.836
39.2991 255.796
39.315 255.747
39.3279 255.721
39.3398 255.702
39.3762 255.669
39.398 255.649
39.4017 255.645
39.488 255.573
39.5614 255.526
39.6107 255.544
39.656 255.594
39.6781 255.623
39.6993 255.66
39.7046 255.67
39.7072 255.674
39.7085 255.715
39.7065 255.731
39.6923 255.794
39.6856 255.821
39.682 255.824
39.6675 255.838
39.5401 255.955
39.5146 255.979
39.4793 256.004
39.4207 256.009
39.352 255.966
39.3467 255.957
39.3282 255.925
SUA61_0

0
0 60003 85805 85810
0 0 0 1
36
39.3629 255.956
39.3576 255.947
39.3497 255.933
39.347 255.929
39.3269 255.884
39.312 255.848
39.2998 255.817
39.3084 255.774
39.3233 255.732
39.3461 255.704
39.3752 255.677
39.3825 255.67
39.3861 255.667
39.5161 255.554
39.6044 255.543
39.6523 255.598
39.655 255.602
39.6576 255.607
39.6629 255.616
39.6761 255.639
39.6814 255.649
39.7016 255.693
39.7019 255.743
39.6906 255.781
39.6757 255.823
39.5474 255.949
39.5438 255.952
39.5365 255.959
39.5074 255.985
39.5037 255.989
39.4703 255.998
39.4442 256.001
39.4379 256
39.3787 255.984
39.3761 255.979
39.3629 255.956
SUA62_0

0
0 60003 85810 85815
0 0 0 1
35
39.31 255.864
39.3074 255.859
39.3034 255.814
39.3213 255.748
39.3259 255.736
39.3488 255.708
39.3716 255.68
39.3752 255.677
39.3971 255.657
39.408 255.647
39.408 255.647
39.4116 255.643
39.5333 255.545
39.5783 255.546
39.5908 255.549
39.6477 255.609
39.6504 255.614
39.653 255.618
39.6583 255.628
39.6768 255.66
39.6847 255.674
39.693 255.737
39.69 255.761
39.6804 255.812
39.5666 255.924
39.5629 255.927
39.5266 255.961
39.464 255.997
39.4217 256.001
39.386 255.977
39.3629 255.956
39.3602 255.952
39.355 255.943
39.3417 255.919
39.31 255.864
SUA63_0

0
0 60003 85815 85820
0 0 0 1
35
39.3219 255.846
39.3193 255.841
39.314 255.832
39.3147 255.775
39.3395 255.731
39.3514 255.713
39.355 255.71
39.3696 255.696
39.3732 255.693
39.3841 255.683
39.3951 255.673
39.4023 255.666
39.4814 255.6
39.5131 255.578
39.5611 255.555
39.6051 255.564
39.6378 255.611
39.6484 255.63
39.6669 255.662
39.6721 255.671
39.6748 255.676
39.6764 255.688
39.6797 255.714
39.6837 255.759
39.6797 255.791
39.6658 255.825
39.5557 255.934
39.5375 255.951
39.5193 255.967
39.512 255.974
39.4416 255.997
39.4227 255.993
39.3906 255.966
39.3801 255.948
39.3219 255.846
SUA64_0

0
0 60003 85820 85825
0 0 0 1
40
39.3589 255.911
39.3325 255.864
39.3193 255.841
39.3163 255.788
39.3229 255.76
39.3342 255.722
39.3378 255.718
39.3415 255.715
39.3633 255.695
39.3669 255.692
39.3706 255.688
39.3742 255.685
39.4787 255.596
39.4996 255.583
39.5168 255.575
39.534 255.566
39.5925 255.561
39.6474 255.638
39.65 255.642
39.6738 255.684
39.6764 255.688
39.6807 255.706
39.6857 255.743
39.68 255.763
39.6652 255.805
39.6559 255.827
39.6523 255.831
39.6377 255.844
39.5904 255.888
39.5322 255.941
39.5249 255.948
39.5176 255.955
39.4478 255.998
39.4211 255.98
39.4121 255.974
39.3827 255.952
39.3801 255.948
39.3721 255.934
39.3669 255.924
39.3589 255.911
SUA65_0

0
0 60003 85825 85830
0 0 0 1
30
39.3712 255.942
39.3553 255.914
39.3526 255.909
39.35 255.905
39.3272 255.855
39.3289 255.79
39.3299 255.782
39.3405 255.723
39.3441 255.72
39.3841 255.683
39.406 255.663
39.4741 255.607
39.5763 255.562
39.6146 255.59
39.6315 255.61
39.6421 255.628
39.6553 255.651
39.6606 255.661
39.6632 255.665
39.6718 255.777
39.6605 255.816
39.5504 255.925
39.5467 255.928
39.5431 255.931
39.514 255.958
39.5104 255.961
39.4733 255.974
39.4237 255.985
39.3791 255.956
39.3712 255.942
SUA66_0

0
0 60003 85830 85835
0 0 0 1
34
39.3626 255.907
39.352 255.889
39.3494 255.884
39.3249 255.822
39.3272 255.778
39.3597 255.698
39.3669 255.692
39.3924 255.668
39.3961 255.665
39.3997 255.661
39.5012 255.596
39.5816 255.571
39.6037 255.6
39.6064 255.605
39.6302 255.646
39.6328 255.651
39.6354 255.656
39.6553 255.729
39.6612 255.759
39.6609 255.787
39.6599 255.795
39.6443 255.817
39.5514 255.917
39.5477 255.92
39.5295 255.937
39.5113 255.954
39.4832 255.972
39.4158 255.971
39.4095 255.97
39.3784 255.935
39.3758 255.93
39.3731 255.926
39.3705 255.921
39.3626 255.907
SUA67_0

0
0 60003 85835 85840
0 0 0 1
37
39.3593 255.882
39.354 255.873
39.3312 255.823
39.3289 255.79
39.353 255.726
39.4304 255.647
39.445 255.634
39.4559 255.624
39.4632 255.617
39.4705 255.61
39.5221 255.584
39.5733 255.586
39.5786 255.595
39.5892 255.614
39.6077 255.646
39.6183 255.664
39.6315 255.688
39.6526 255.724
39.6553 255.729
39.6602 255.767
39.6397 255.828
39.636 255.831
39.6324 255.835
39.6179 255.848
39.6033 255.862
39.5997 255.865
39.596 255.868
39.5061 255.944
39.4717 255.962
39.4482 255.969
39.4151 255.951
39.4062 255.945
39.3884 255.933
39.3857 255.928
39.3831 255.924
39.3725 255.905
39.3593 255.882
SUA68_0

0
0 60003 85840 85845
0 0 0 1
30
39.3698 255.901
39.3672 255.896
39.3497 255.856
39.3378 255.796
39.3372 255.776
39.3603 255.719
39.3676 255.712
39.4003 255.682
39.5049 255.593
39.5713 255.602
39.6176 255.644
39.6414 255.685
39.6467 255.695
39.6533 255.745
39.6457 255.78
39.64 255.8
39.6308 255.822
39.6235 255.829
39.6126 255.839
39.5434 255.903
39.518 255.926
39.5143 255.93
39.5107 255.933
39.5071 255.936
39.4644 255.969
39.4545 255.971
39.4482 255.969
39.3989 255.951
39.391 255.938
39.3698 255.901
SUA69_0

0
0 60003 85845 85850
0 0 0 1
42
39.3487 255.864
39.3434 255.854
39.3382 255.768
39.3392 255.76
39.3775 255.71
39.3812 255.707
39.3994 255.69
39.4066 255.683
39.4175 255.673
39.493 255.611
39.5201 255.6
39.5326 255.602
39.573 255.615
39.5882 255.622
39.5908 255.626
39.5961 255.636
39.6146 255.668
39.6173 255.672
39.6295 255.704
39.6391 255.73
39.644 255.768
39.643 255.776
39.6245 255.821
39.6208 255.824
39.6172 255.828
39.6099 255.834
39.5881 255.855
39.519 255.918
39.5153 255.922
39.5081 255.928
39.4971 255.938
39.4899 255.945
39.4862 255.948
39.4565 255.955
39.4403 255.956
39.434 255.954
39.4277 255.953
39.4125 255.946
39.3751 255.91
39.3725 255.905
39.3698 255.901
39.3487 255.864
SUA70_0

0
0 60003 85850 85855
0 0 0 1
33
39.3639 255.871
39.3586 255.862
39.356 255.857
39.3533 255.852
39.3471 255.773
39.361 255.739
39.3656 255.728
39.3765 255.718
39.402 255.695
39.4093 255.688
39.492 255.619
39.5406 255.616
39.5531 255.619
39.5852 255.646
39.5878 255.65
39.5931 255.659
39.6143 255.696
39.6248 255.715
39.6328 255.729
39.6344 255.741
39.6341 255.77
39.6321 255.786
39.6218 255.816
39.5507 255.896
39.5471 255.899
39.4961 255.946
39.4889 255.953
39.478 255.963
39.4472 255.977
39.4098 255.941
39.3956 255.926
39.393 255.922
39.3639 255.871
SUA71_0

0
0 60003 85855 85860
0 0 0 1
30
39.3966 255.918
39.3702 255.872
39.3527 255.832
39.3457 255.81
39.3477 255.794
39.3656 255.728
39.3692 255.725
39.3911 255.705
39.402 255.695
39.4056 255.691
39.4837 255.633
39.5108 255.622
39.5369 255.62
39.5978 255.648
39.6004 255.653
39.6031 255.657
39.6189 255.685
39.6268 255.699
39.6278 255.769
39.6238 255.8
39.6109 255.826
39.5444 255.895
39.5372 255.902
39.5044 255.932
39.4935 255.942
39.4899 255.945
39.4581 255.967
39.4313 255.95
39.3993 255.923
39.3966 255.918
SUA72_0

0
0 60003 85860 85865
0 0 0 1
32
39.4003 255.915
39.3818 255.883
39.3765 255.873
39.3738 255.869
39.351 255.819
39.3524 255.783
39.3544 255.767
39.3729 255.721
39.3765 255.718
39.4129 255.684
39.4972 255.628
39.5432 255.621
39.5601 255.641
39.568 255.654
39.5812 255.677
39.6077 255.724
39.6156 255.737
39.6182 255.742
39.6225 255.759
39.6248 255.792
39.6119 255.818
39.5927 255.843
39.5891 255.847
39.5855 255.85
39.5818 255.853
39.5709 255.863
39.5491 255.883
39.4955 255.926
39.471 255.941
39.4611 255.943
39.4055 255.924
39.4003 255.915
SUA73_0

0
0 60003 85865 85870
0 0 0 1
32
39.3785 255.857
39.3732 255.848
39.3679 255.839
39.3636 255.822
39.3603 255.796
39.3643 255.765
39.3699 255.745
39.3818 255.727
39.3927 255.717
39.4109 255.7
39.4182 255.694
39.4218 255.69
39.4255 255.687
39.4963 255.636
39.5349 255.635
39.5617 255.653
39.5697 255.667
39.5802 255.685
39.6067 255.732
39.6093 255.736
39.6136 255.753
39.6142 255.774
39.603 255.813
39.5937 255.835
39.5901 255.839
39.5864 255.842
39.5501 255.876
39.5391 255.886
39.4783 255.935
39.4422 255.94
39.4155 255.922
39.3785 255.857
SUA74_0

0
0 60003 85870 85875
0 0 0 1
27
39.3854 255.879
39.3801 255.87
39.3646 255.814
39.3639 255.793
39.3643 255.765
39.3845 255.732
39.44 255.674
39.4691 255.647
39.4764 255.64
39.4801 255.637
39.5187 255.636
39.5455 255.654
39.5766 255.689
39.6057 255.74
39.6083 255.744
39.5987 255.795
39.5901 255.839
39.5236 255.907
39.52 255.91
39.5127 255.917
39.4945 255.934
39.4836 255.944
39.4538 255.95
39.4092 255.921
39.4065 255.916
39.4039 255.911
39.3854 255.879
SUA75_0

0
0 60003 85875 85880
0 0 0 1
32
39.398 255.882
39.3874 255.863
39.3795 255.849
39.3715 255.836
39.3633 255.773
39.3798 255.743
39.3871 255.737
39.4089 255.716
39.4271 255.7
39.4308 255.696
39.4344 255.693
39.438 255.69
39.488 255.651
39.5419 255.657
39.5614 255.682
39.5693 255.695
39.5931 255.737
39.5984 255.746
39.601 255.751
39.599 255.767
39.5941 255.807
39.5858 255.821
39.5547 255.864
39.5256 255.891
39.511 255.904
39.4928 255.921
39.472 255.933
39.4495 255.933
39.429 255.917
39.4175 255.906
39.4006 255.886
39.398 255.882
SUA76_0

0
0 60003 85880 85885
0 0 0 1
33
39.4122 255.897
39.3937 255.864
39.3831 255.846
39.3752 255.832
39.3666 255.798
39.3649 255.785
39.3907 255.733
39.4281 255.692
39.4427 255.678
39.4536 255.668
39.4645 255.658
39.4681 255.655
39.5184 255.665
39.531 255.667
39.5462 255.675
39.5488 255.679
39.5541 255.688
39.5567 255.693
39.5779 255.73
39.5805 255.735
39.5901 255.761
39.5934 255.786
39.5914 255.802
39.5785 255.828
39.5329 255.884
39.5256 255.891
39.4965 255.918
39.4928 255.921
39.4343 255.926
39.4228 255.915
39.4201 255.911
39.4175 255.906
39.4122 255.897
SUA77_0

0
0 60003 85885 85890
0 0 0 1
36
39.3999 255.866
39.3973 255.861
39.3772 255.816
39.3755 255.804
39.3775 255.788
39.3805 255.764
39.3871 255.737
39.3907 255.733
39.4126 255.713
39.4271 255.7
39.4625 255.674
39.4833 255.662
39.4834 255.662
39.4933 255.66
39.5058 255.662
39.5273 255.671
39.5521 255.704
39.5574 255.714
39.5653 255.727
39.5759 255.746
39.5785 255.75
39.5812 255.755
39.5838 255.76
39.5871 255.785
39.5861 255.793
39.5712 255.835
39.5302 255.88
39.5266 255.883
39.5011 255.907
39.4829 255.923
39.473 255.925
39.4442 255.924
39.4264 255.912
39.4237 255.907
39.4211 255.903
39.3999 255.866
SUA78_0

0
0 60003 85890 85895
0 0 0 1
28
39.3983 255.853
39.3798 255.821
39.3775 255.788
39.3861 255.744
39.3897 255.741
39.4043 255.728
39.4152 255.718
39.4225 255.711
39.4261 255.708
39.4797 255.665
39.5181 255.693
39.5386 255.71
39.5438 255.719
39.5491 255.728
39.565 255.756
39.5729 255.77
39.5756 255.774
39.5726 255.798
39.554 255.844
39.5229 255.886
39.5084 255.9
39.4829 255.923
39.4568 255.926
39.4416 255.919
39.4247 255.899
39.4221 255.895
39.4168 255.885
39.3983 255.853
SUA79_0

0
0 60003 85895 85900
0 0 0 1
32
39.4373 255.902
39.395 255.828
39.3924 255.823
39.3897 255.819
39.3844 255.81
39.3818 255.805
39.3775 255.788
39.3785 255.78
39.3887 255.749
39.3924 255.746
39.4251 255.716
39.4397 255.702
39.4433 255.699
39.4777 255.681
39.5038 255.678
39.5191 255.685
39.5359 255.705
39.5386 255.71
39.5412 255.714
39.5518 255.733
39.5571 255.742
39.5782 255.779
39.5772 255.787
39.5742 255.811
39.5468 255.85
39.5286 255.867
39.5067 255.887
39.4813 255.911
39.4776 255.914
39.4604 255.923
39.4452 255.916
39.4373 255.902
SUA80_0

0
0 60003 85900 85905
0 0 0 1
31
39.3907 255.888
39.388 255.884
39.3801 255.87
39.3775 255.865
39.3722 255.856
39.3679 255.839
39.3636 255.822
39.3629 255.801
39.3722 255.778
39.397 255.734
39.4298 255.704
39.4443 255.691
39.4632 255.695
39.5247 255.744
39.5379 255.767
39.5458 255.781
39.5484 255.785
39.5511 255.79
39.5537 255.795
39.5507 255.818
39.5461 255.83
39.5368 255.852
39.5104 255.884
39.5067 255.887
39.5031 255.891
39.474 255.917
39.4667 255.924
39.427 255.932
39.4039 255.911
39.4013 255.907
39.3907 255.888
SUA81_0

0
0 60003 85905 85910
0 0 0 1
31
39.389 255.876
39.3837 255.867
39.3758 255.853
39.3652 255.834
39.3626 255.83
39.3768 255.767
39.396 255.742
39.3997 255.739
39.4106 255.729
39.4215 255.719
39.4288 255.712
39.4361 255.705
39.4595 255.698
39.48 255.714
39.5121 255.741
39.5306 255.774
39.5385 255.787
39.5412 255.792
39.5455 255.809
39.5445 255.817
39.5269 255.855
39.5187 255.869
39.5114 255.876
39.5041 255.883
39.475 255.909
39.4505 255.925
39.437 255.93
39.4191 255.919
39.4075 255.908
39.4049 255.904
39.389 255.876
SUA82_0

0
0 60003 85910 85915
0 0 0 1
36
39.3847 255.859
39.3699 255.823
39.3692 255.802
39.3702 255.794
39.3758 255.775
39.3831 255.768
39.3868 255.765
39.4195 255.735
39.4341 255.721
39.4377 255.718
39.4413 255.715
39.4513 255.713
39.479 255.722
39.488 255.728
39.5022 255.743
39.5048 255.748
39.5154 255.766
39.5207 255.776
39.5233 255.78
39.526 255.785
39.5365 255.803
39.5392 255.808
39.5372 255.824
39.5279 255.847
39.516 255.865
39.5124 255.868
39.5087 255.871
39.4724 255.905
39.4542 255.922
39.4505 255.925
39.438 255.922
39.4165 255.914
39.4138 255.909
39.4032 255.891
39.3953 255.877
39.3847 255.859
SUA83_0

0
0 60003 85915 85920
0 0 0 1
33
39.3487 255.864
39.3461 255.859
39.3434 255.854
39.3391 255.837
39.3484 255.815
39.3567 255.8
39.3805 255.764
39.3841 255.76
39.3878 255.757
39.4059 255.74
39.4169 255.73
39.4205 255.727
39.444 255.719
39.4503 255.721
39.4718 255.729
39.4896 255.741
39.4922 255.745
39.5081 255.773
39.5134 255.782
39.5266 255.805
39.5293 255.81
39.5309 255.823
39.5243 255.85
39.4905 255.888
39.4724 255.905
39.4469 255.928
39.436 255.938
39.4323 255.942
39.4198 255.939
39.4135 255.938
39.3857 255.928
39.3751 255.91
39.3487 255.864
SUA84_0

0
0 60003 85920 85925
0 0 0 1
39
39.3454 255.916
39.3401 255.907
39.3295 255.888
39.3269 255.884
39.3242 255.879
39.3199 255.862
39.3219 255.846
39.3295 255.811
39.3414 255.793
39.3451 255.789
39.3633 255.773
39.3706 255.766
39.3778 255.759
39.3815 255.756
39.3987 255.747
39.4159 255.738
39.4483 255.737
39.483 255.768
39.4856 255.773
39.4936 255.787
39.4988 255.796
39.5094 255.814
39.5147 255.823
39.5127 255.839
39.5107 255.855
39.5071 255.859
39.5034 255.862
39.4889 255.875
39.4743 255.889
39.4307 255.929
39.4161 255.943
39.4125 255.946
39.4026 255.948
39.3926 255.95
39.3864 255.949
39.3675 255.945
39.3533 255.93
39.3507 255.925
39.3454 255.916
SUA85_0

0
0 60003 85925 85930
0 0 0 1
30
39.3024 255.899
39.2955 255.877
39.2912 255.86
39.3243 255.802
39.3315 255.795
39.3388 255.788
39.3643 255.765
39.3679 255.761
39.395 255.75
39.4149 255.746
39.4274 255.749
39.4569 255.771
39.4711 255.786
39.479 255.8
39.5002 255.837
39.5028 255.841
39.4945 255.856
39.4862 255.871
39.4707 255.892
39.4671 255.896
39.4634 255.899
39.4343 255.926
39.4198 255.939
39.4161 255.943
39.3989 255.951
39.3457 255.965
39.3315 255.95
39.3288 255.945
39.3235 255.936
39.3024 255.899
SUA86_0

0
0 60003 85930 85935
0 0 0 1
28
39.2756 255.882
39.273 255.877
39.273 255.877
39.275 255.861
39.277 255.845
39.2889 255.827
39.3008 255.809
39.3044 255.806
39.319 255.792
39.3444 255.769
39.3517 255.762
39.3716 255.758
39.394 255.758
39.4155 255.767
39.4307 255.774
39.4565 255.799
39.4592 255.804
39.475 255.832
39.4856 255.85
39.48 255.87
39.4727 255.876
39.4509 255.896
39.4399 255.906
39.4363 255.91
39.3754 255.959
39.3258 255.969
39.3206 255.96
39.2756 255.882
SUA87_0

0
0 60003 85935 85940
0 0 0 1
32
39.2723 255.934
39.2644 255.92
39.2511 255.897
39.2459 255.888
39.2426 255.863
39.27 255.823
39.2737 255.82
39.2773 255.817
39.3173 255.78
39.3282 255.77
39.3319 255.766
39.3418 255.764
39.3517 255.762
39.3679 255.761
39.3831 255.768
39.401 255.78
39.4277 255.798
39.4304 255.802
39.4621 255.858
39.4492 255.884
39.4456 255.887
39.4383 255.894
39.4274 255.904
39.4019 255.927
39.3801 255.948
39.3764 255.951
39.3457 255.965
39.3258 255.969
39.2961 255.976
39.2908 255.966
39.2776 255.943
39.2723 255.934
SUA88_0

0
0 60003 85940 85945
0 0 0 1
30
39.2551 255.943
39.2313 255.901
39.2287 255.897
39.226 255.892
39.2227 255.867
39.2522 255.812
39.2995 255.768
39.3094 255.766
39.3256 255.765
39.3418 255.764
39.3481 255.765
39.3544 255.767
39.3811 255.784
39.4079 255.802
39.437 255.853
39.4386 255.865
39.4267 255.883
39.4075 255.908
39.4003 255.915
39.353 255.958
39.3493 255.962
39.3358 255.967
39.3222 255.973
39.3123 255.975
39.2961 255.976
39.2835 255.973
39.2772 255.972
39.263 255.957
39.2604 255.952
39.2551 255.943
SUA89_0

0
0 60003 85945 85950
0 0 0 1
31
39.2105 255.913
39.1999 255.895
39.2297 255.811
39.2333 255.808
39.2552 255.788
39.2624 255.781
39.2661 255.778
39.2733 255.771
39.2833 255.769
39.2932 255.767
39.3031 255.765
39.3094 255.766
39.322 255.768
39.355 255.787
39.3844 255.81
39.3871 255.814
39.3897 255.819
39.3924 255.823
39.395 255.828
39.4135 255.86
39.3841 255.916
39.3758 255.93
39.3722 255.934
39.3358 255.967
39.3014 255.985
39.2915 255.987
39.2627 255.985
39.2395 255.964
39.2369 255.96
39.2263 255.941
39.2105 255.913
SUA90_0

0
0 60003 85950 85955
0 0 0 1
30
39.187 255.921
39.1791 255.907
39.1764 255.903
39.182 255.883
39.2036 255.814
39.2072 255.811
39.2254 255.794
39.2436 255.777
39.2634 255.773
39.2733 255.771
39.2833 255.769
39.2932 255.767
39.361 255.817
39.3662 255.826
39.3742 255.84
39.3847 255.859
39.3874 255.863
39.39 255.868
39.356 255.935
39.3232 255.965
39.3014 255.985
39.3014 255.985
39.2878 255.99
39.2878 255.99
39.2779 255.992
39.268 255.994
39.2366 255.988
39.2134 255.967
39.2029 255.949
39.187 255.921
SUA91_0

0
0 60003 85955 85960
0 0 0 1
28
39.1734 255.926
39.1708 255.922
39.1655 255.913
39.1586 255.891
39.1837 255.818
39.1874 255.815
39.1983 255.805
39.2237 255.781
39.2373 255.776
39.2634 255.773
39.2965 255.792
39.3375 255.825
39.348 255.843
39.3533 255.852
39.3586 255.862
39.3639 255.871
39.3665 255.875
39.3315 255.95
39.3278 255.953
39.3024 255.977
39.2878 255.99
39.2643 255.998
39.2544 256
39.2481 255.999
39.2114 255.983
39.1972 255.968
39.1946 255.963
39.1734 255.926
SUA92_0

0
0 60003 85960 85965
0 0 0 1
35
39.1688 255.938
39.1529 255.91
39.146 255.888
39.1444 255.876
39.149 255.864
39.1675 255.819
39.1712 255.816
39.1893 255.799
39.2003 255.789
39.2075 255.782
39.2112 255.779
39.2112 255.779
39.2373 255.776
39.2373 255.776
39.273 255.799
39.314 255.832
39.3193 255.841
39.3431 255.883
39.308 255.958
39.3044 255.961
39.3007 255.964
39.2934 255.971
39.2789 255.984
39.268 255.994
39.2643 255.998
39.2544 256
39.2356 255.996
39.2293 255.995
39.2078 255.986
39.1989 255.981
39.182 255.961
39.1794 255.956
39.1767 255.952
39.1741 255.947
39.1688 255.938
SUA93_0

0
0 60003 85965 85970
0 0 0 1
27
39.1714 255.942
39.1556 255.915
39.145 255.896
39.1354 255.87
39.142 255.843
39.1559 255.809
39.1596 255.805
39.1705 255.795
39.1887 255.778
39.196 255.772
39.2237 255.781
39.2978 255.833
39.3031 255.842
39.311 255.856
39.3216 255.875
39.3242 255.879
39.3269 255.884
39.2882 255.962
39.2736 255.975
39.2663 255.982
39.2518 255.995
39.2481 255.999
39.2418 255.997
39.2293 255.995
39.1989 255.981
39.1741 255.947
39.1714 255.942
SUA94_0

0
0 60003 85970 85975
0 0 0 1
28
39.1407 255.879
39.1381 255.874
39.1411 255.85
39.144 255.827
39.148 255.795
39.1517 255.791
39.1735 255.771
39.1844 255.761
39.188 255.758
39.2185 255.772
39.2647 255.814
39.2789 255.829
39.2842 255.838
39.2948 255.857
39.3054 255.875
39.308 255.88
39.3107 255.885
39.2729 255.955
39.2693 255.958
39.2584 255.968
39.2366 255.988
39.2293 255.995
39.2204 255.989
39.2204 255.989
39.2062 255.974
39.1698 255.93
39.1592 255.911
39.1407 255.879
SUA95_0

0
0 60003 85975 85980
0 0 0 1
29
39.2045 255.961
39.1754 255.911
39.149 255.864
39.1411 255.85
39.1384 255.846
39.1394 255.838
39.149 255.787
39.1527 255.783
39.1563 255.78
39.189 255.75
39.1927 255.746
39.2324 255.738
39.2581 255.764
39.2714 255.787
39.2793 255.801
39.2899 255.819
39.2925 255.824
39.2991 255.874
39.2991 255.874
39.265 255.941
39.2614 255.944
39.2505 255.954
39.2359 255.968
39.2286 255.974
39.225 255.978
39.2177 255.984
39.2177 255.984
39.2124 255.975
39.2045 255.961
SUA96_0

0
0 60003 85980 85985
0 0 0 1
29
39.1516 255.869
39.1437 255.855
39.1384 255.846
39.1358 255.841
39.15 255.779
39.1609 255.769
39.1791 255.752
39.1864 255.745
39.1937 255.738
39.1973 255.735
39.2287 255.741
39.2413 255.744
39.2628 255.752
39.2707 255.766
39.2971 255.812
39.3024 255.822
39.3067 255.839
39.2938 255.865
39.2597 255.932
39.2561 255.935
39.2452 255.945
39.2306 255.958
39.2197 255.968
39.2161 255.972
39.2161 255.972
39.1886 255.934
39.1833 255.924
39.1596 255.883
39.1516 255.869
SUA97_0

0
0 60003 85985 85990
0 0 0 1
28
39.1553 255.866
39.1394 255.838
39.1404 255.83
39.15 255.779
39.1537 255.775
39.1609 255.769
39.1755 255.755
39.1864 255.745
39.2009 255.732
39.2664 255.749
39.2753 255.755
39.3011 255.781
39.3143 255.804
39.3223 255.817
39.3276 255.827
39.3302 255.831
39.2908 255.889
39.2872 255.892
39.269 255.909
39.2544 255.922
39.2435 255.932
39.2253 255.949
39.2181 255.956
39.2144 255.959
39.1685 255.889
39.1658 255.884
39.1632 255.879
39.1553 255.866
SUA98_0

0
0 60003 85990 85995
0 0 0 1
26
39.1926 255.902
39.1556 255.837
39.1477 255.823
39.1573 255.772
39.1646 255.765
39.1682 255.762
39.1791 255.752
39.2009 255.732
39.2082 255.725
39.2836 255.74
39.3031 255.765
39.3084 255.774
39.3137 255.783
39.3163 255.788
39.3269 255.806
39.3322 255.815
39.3348 255.82
39.3375 255.825
39.3365 255.833
39.3209 255.854
39.3054 255.875
39.3017 255.879
39.2945 255.885
39.2363 255.939
39.2217 255.953
39.1926 255.902
SUA99_0

0
0 60003 85995 86000
0 0 0 1
27
39.192 255.881
39.155 255.817
39.1646 255.765
39.1755 255.755
39.1937 255.738
39.2009 255.732
39.2119 255.722
39.2181 255.723
39.271 255.738
39.2925 255.746
39.2952 255.751
39.3031 255.765
39.311 255.778
39.3295 255.811
39.3322 255.815
39.3338 255.828
39.3292 255.839
39.3153 255.873
39.308 255.88
39.3044 255.883
39.2971 255.89
39.2607 255.924
39.2535 255.93
39.2498 255.934
39.229 255.946
39.2263 255.941
39.192 255.881
SUA100_0

0
0 60003 86000 86005
0 0 0 1
27
39.185 255.859
39.1692 255.832
39.1586 255.813
39.1682 255.762
39.1682 255.762
39.1718 255.759
39.1755 255.755
39.1973 255.735
39.2082 255.725
39.2155 255.718
39.2155 255.718
39.28 255.744
39.2942 255.759
39.2968 255.763
39.3074 255.782
39.3259 255.814
39.3338 255.828
39.3179 255.878
39.3143 255.881
39.2998 255.895
39.2779 255.915
39.2743 255.918
39.2425 255.94
39.2362 255.939
39.2062 255.896
39.1903 255.869
39.185 255.859
SUA101_0

0
0 60003 86005 86010
0 0 0 1
31
39.1702 255.824
39.1622 255.81
39.1718 255.759
39.1755 255.755
39.1791 255.752
39.1864 255.745
39.2009 255.732
39.2155 255.718
39.2191 255.715
39.2836 255.74
39.2978 255.755
39.3005 255.76
39.311 255.778
39.3243 255.802
39.3269 255.806
39.3365 255.833
39.3318 255.844
39.3189 255.87
39.3117 255.877
39.2971 255.89
39.2935 255.893
39.2644 255.92
39.2535 255.93
39.2462 255.937
39.2462 255.937
39.2399 255.936
39.194 255.865
39.1887 255.856
39.186 255.851
39.1781 255.838
39.1702 255.824
SUA102_0

0
0 60003 86010 86015
0 0 0 1
29
39.1844 255.839
39.1659 255.806
39.1659 255.806
39.1755 255.755
39.1791 255.752
39.1828 255.749
39.1973 255.735
39.2009 255.732
39.2191 255.715
39.2191 255.715
39.2254 255.716
39.2773 255.739
39.2925 255.746
39.2978 255.755
39.3322 255.815
39.3348 255.82
39.3391 255.837
39.3252 255.871
39.3216 255.875
39.3034 255.891
39.2888 255.905
39.2706 255.921
39.267 255.925
39.2462 255.937
39.2187 255.899
39.2161 255.894
39.2135 255.89
39.1949 255.857
39.1844 255.839
SUA103_0

0
0 60003 86015 86020
0 0 0 1
36
39.1933 255.845
39.1801 255.822
39.1774 255.817
39.1748 255.812
39.1721 255.808
39.1818 255.757
39.1854 255.753
39.2 255.74
39.2072 255.733
39.2145 255.726
39.2218 255.72
39.2254 255.716
39.2317 255.718
39.271 255.738
39.2889 255.749
39.3094 255.766
39.3279 255.798
39.3385 255.817
39.3428 255.834
39.3252 255.871
39.3179 255.878
39.3034 255.891
39.2925 255.901
39.2888 255.905
39.2852 255.908
39.2816 255.911
39.2498 255.934
39.2498 255.934
39.2498 255.934
39.2435 255.932
39.2382 255.923
39.2303 255.909
39.225 255.9
39.2197 255.891
39.2012 255.859
39.1933 255.845
