SUA0_0

0
0 60003 54000 54005
0 0 0 1
20
37.837 284.552
37.8214 284.563
37.8214 284.563
37.8192 284.559
37.8057 284.529
37.8012 284.519
37.7967 284.509
37.7944 284.504
37.7922 284.499
37.7961 284.496
37.8078 284.488
37.8155 284.482
37.8194 284.479
37.8428 284.462
37.849 284.464
37.8714 284.514
37.8737 284.519
37.872 284.526
37.8565 284.538
37.837 284.552
SUA1_0

0
0 60003 54005 54010
0 0 0 1
29
37.8665 284.537
37.8392 284.557
37.8314 284.563
37.8276 284.566
37.8237 284.568
37.8237 284.568
37.8175 284.566
37.8153 284.561
37.8085 284.547
37.795 284.517
37.7905 284.507
37.7905 284.507
37.7922 284.499
37.7922 284.499
37.7961 284.496
37.8078 284.488
37.8272 284.474
37.835 284.468
37.8389 284.465
37.8428 284.462
37.849 284.464
37.8512 284.469
37.8647 284.499
37.8692 284.509
37.8714 284.514
37.8759 284.523
37.8759 284.524
37.8743 284.531
37.8665 284.537
SUA2_0

0
0 60003 54010 54015
0 0 0 1
23
37.8554 284.558
37.8321 284.575
37.8204 284.584
37.8097 284.572
37.8075 284.567
37.7895 284.528
37.785 284.518
37.7827 284.513
37.7821 284.5
37.7838 284.492
37.8266 284.461
37.8467 284.459
37.8567 284.458
37.859 284.463
37.8702 284.488
37.8792 284.508
37.8815 284.513
37.8821 284.526
37.8804 284.533
37.8749 284.544
37.871 284.547
37.8671 284.55
37.8554 284.558
SUA3_0

0
0 60003 54015 54020
0 0 0 1
31
37.8716 284.56
37.8404 284.582
37.8288 284.591
37.8249 284.594
37.821 284.597
37.8003 284.586
37.798 284.581
37.7958 284.576
37.7935 284.571
37.7913 284.566
37.7755 284.531
37.7727 284.513
37.7737 284.493
37.7776 284.49
37.7815 284.487
37.7971 284.476
37.8088 284.467
37.8127 284.464
37.8166 284.462
37.8205 284.459
37.8344 284.455
37.8567 284.458
37.8567 284.458
37.859 284.463
37.8747 284.498
37.8792 284.508
37.8815 284.513
37.8843 284.531
37.8827 284.538
37.8755 284.557
37.8716 284.56
SUA4_0

0
0 60003 54020 54025
0 0 0 1
19
37.855 284.592
37.816 284.62
37.787 284.602
37.7825 284.592
37.7757 284.577
37.7532 284.528
37.7553 284.487
37.7943 284.458
37.7982 284.455
37.8322 284.45
37.8762 284.444
37.8785 284.449
37.892 284.479
37.8942 284.484
37.8987 284.494
37.9009 284.499
37.8911 284.545
37.8822 284.572
37.855 284.592
SUA5_0

0
0 60003 54025 54030
0 0 0 1
34
37.8517 284.607
37.8283 284.624
37.8244 284.627
37.8205 284.63
37.8127 284.636
37.7753 284.61
37.764 284.586
37.7573 284.571
37.7438 284.541
37.7415 284.536
37.7415 284.536
37.7475 284.492
37.7553 284.487
37.7592 284.484
37.7631 284.481
37.7748 284.472
37.7787 284.47
37.7943 284.458
37.7982 284.455
37.7982 284.455
37.826 284.448
37.8762 284.444
37.8785 284.449
37.8807 284.454
37.8852 284.464
37.8965 284.489
37.8987 284.494
37.9009 284.499
37.9005 284.532
37.8956 284.555
37.8884 284.574
37.8595 284.601
37.8556 284.604
37.8517 284.607
SUA6_0

0
0 60003 54030 54035
0 0 0 1
29
37.8306 284.629
37.815 284.641
37.8111 284.644
37.7697 284.621
37.7652 284.611
37.736 284.547
37.7338 284.542
37.7397 284.498
37.7475 284.492
37.7514 284.49
37.7553 284.487
37.7904 284.461
37.7943 284.458
37.7982 284.455
37.826 284.448
37.8684 284.45
37.8707 284.455
37.8752 284.465
37.8774 284.47
37.8819 284.48
37.8909 284.499
37.8932 284.504
37.8989 284.54
37.8978 284.56
37.8828 284.584
37.8578 284.609
37.8539 284.612
37.8422 284.621
37.8306 284.629
SUA7_0

0
0 60003 54035 54040
0 0 0 1
28
37.8228 284.635
37.8072 284.646
37.8033 284.649
37.7658 284.624
37.7658 284.624
37.7613 284.614
37.7456 284.579
37.7321 284.55
37.7299 284.545
37.7299 284.545
37.7358 284.501
37.7397 284.498
37.7436 284.495
37.7475 284.492
37.7787 284.47
37.7865 284.464
37.7904 284.461
37.7982 284.455
37.826 284.448
37.8918 284.433
37.894 284.438
37.903 284.458
37.912 284.477
37.9165 284.487
37.8962 284.568
37.8867 284.581
37.8773 284.595
37.8228 284.635
SUA8_0

0
0 60003 54040 54045
0 0 0 1
24
37.8679 284.609
37.8367 284.631
37.8172 284.646
37.8094 284.651
37.8017 284.657
37.758 284.63
37.7429 284.608
37.7407 284.603
37.7182 284.553
37.7319 284.504
37.7375 284.493
37.7414 284.49
37.7803 284.462
37.816 284.449
37.8957 284.43
37.9002 284.44
37.9182 284.479
37.9204 284.484
37.9001 284.565
37.8945 284.576
37.8851 284.589
37.8757 284.603
37.8718 284.606
37.8679 284.609
SUA9_0

0
0 60003 54045 54050
0 0 0 1
26
37.8006 284.678
37.7967 284.68
37.7486 284.643
37.7464 284.638
37.7419 284.628
37.7351 284.613
37.7126 284.564
37.7104 284.559
37.7219 284.505
37.7274 284.494
37.7313 284.491
37.7547 284.474
37.7664 284.465
37.7703 284.463
37.816 284.449
37.8996 284.427
37.9018 284.432
37.9198 284.472
37.9243 284.481
37.9007 284.578
37.8857 284.602
37.8763 284.616
37.8396 284.649
37.8279 284.658
37.8084 284.672
37.8006 284.678
SUA10_0

0
0 60003 54050 54055
0 0 0 1
26
37.8129 284.682
37.8012 284.69
37.7934 284.696
37.7392 284.657
37.7195 284.625
37.7173 284.62
37.7105 284.605
37.697 284.575
37.6948 284.571
37.7057 284.503
37.7096 284.5
37.7174 284.495
37.7447 284.475
37.7564 284.466
37.7603 284.463
37.8098 284.447
37.8918 284.433
37.912 284.477
37.9143 284.482
37.9165 284.487
37.9029 284.583
37.8863 284.615
37.8769 284.628
37.8363 284.665
37.8324 284.667
37.8129 284.682
SUA11_0

0
0 60003 54055 54060
0 0 0 1
28
37.833 284.68
37.7862 284.714
37.722 284.676
37.7197 284.671
37.7152 284.661
37.7085 284.646
37.7017 284.631
37.6995 284.626
37.695 284.617
37.6809 284.574
37.6809 284.574
37.6918 284.507
37.6973 284.496
37.7012 284.493
37.709 284.488
37.7324 284.471
37.7441 284.462
37.7976 284.443
37.8918 284.433
37.894 284.438
37.8985 284.448
37.9143 284.482
37.9165 284.487
37.9118 284.557
37.9058 284.6
37.8869 284.628
37.8775 284.641
37.833 284.68
SUA12_0

0
0 60003 54060 54065
0 0 0 1
34
37.7852 284.735
37.7813 284.738
37.7025 284.69
37.7002 284.685
37.6957 284.675
37.6867 284.656
37.6822 284.646
37.6777 284.636
37.6653 284.586
37.6653 284.586
37.6795 284.503
37.6912 284.494
37.7107 284.48
37.7301 284.466
37.734 284.463
37.7379 284.46
37.7875 284.443
37.7976 284.443
37.8901 284.441
37.8902 284.441
37.8924 284.446
37.8946 284.45
37.8969 284.455
37.9104 284.485
37.9126 284.49
37.9149 284.495
37.914 284.562
37.908 284.605
37.9064 284.613
37.8875 284.64
37.8742 284.657
37.8241 284.706
37.8202 284.709
37.7852 284.735
SUA13_0

0
0 60003 54065 54070
0 0 0 1
30
37.793 284.729
37.7774 284.741
37.7774 284.741
37.7008 284.698
37.6963 284.688
37.6806 284.653
37.6783 284.649
37.6761 284.644
37.6575 284.591
37.674 284.513
37.6756 284.506
37.6795 284.503
37.699 284.488
37.7262 284.468
37.7301 284.466
37.7379 284.46
37.7875 284.443
37.8824 284.446
37.8824 284.446
37.8846 284.451
37.9003 284.486
37.9071 284.501
37.9118 284.557
37.908 284.605
37.9064 284.613
37.8859 284.648
37.8725 284.664
37.828 284.704
37.8241 284.706
37.793 284.729
SUA14_0

0
0 60003 54070 54075
0 0 0 1
26
37.7852 284.735
37.7735 284.744
37.7031 284.703
37.7008 284.698
37.6896 284.673
37.6783 284.649
37.6761 284.644
37.6598 284.596
37.6597 284.596
37.674 284.513
37.6834 284.5
37.6912 284.494
37.7223 284.471
37.7301 284.466
37.7898 284.448
37.8551 284.466
37.8854 284.51
37.8876 284.515
37.9101 284.564
37.9064 284.613
37.8859 284.648
37.8725 284.664
37.8319 284.701
37.828 284.704
37.8241 284.706
37.7852 284.735
SUA15_0

0
0 60003 54075 54080
0 0 0 1
30
37.7975 284.739
37.7897 284.745
37.7719 284.751
37.7076 284.713
37.7031 284.703
37.6963 284.688
37.6851 284.663
37.6761 284.644
37.662 284.601
37.662 284.601
37.6762 284.518
37.6879 284.51
37.7229 284.484
37.7307 284.478
37.7346 284.475
37.7803 284.462
37.7926 284.466
37.8379 284.485
37.8714 284.514
37.8782 284.528
37.8962 284.568
37.8984 284.573
37.9007 284.578
37.9007 284.578
37.8986 284.619
37.8781 284.654
37.8781 284.654
37.8325 284.713
37.8286 284.716
37.7975 284.739
SUA16_0

0
0 60003 54080 54085
0 0 0 1
35
37.762 284.798
37.7581 284.801
37.702 284.723
37.6998 284.718
37.693 284.704
37.684 284.684
37.6818 284.679
37.6773 284.669
37.6751 284.664
37.6693 284.629
37.6687 284.616
37.6813 284.541
37.683 284.533
37.6869 284.53
37.6985 284.522
37.7258 284.502
37.7336 284.496
37.7832 284.479
37.7893 284.482
37.8323 284.496
37.862 284.527
37.8665 284.537
37.8777 284.562
37.889 284.586
37.8912 284.591
37.8869 284.628
37.8853 284.635
37.8781 284.654
37.8709 284.672
37.8582 284.701
37.8337 284.739
37.8048 284.767
37.8009 284.77
37.797 284.772
37.762 284.798
SUA17_0

0
0 60003 54085 54090
0 0 0 1
39
37.7794 284.825
37.7482 284.848
37.7365 284.856
37.7326 284.859
37.7175 284.837
37.6934 284.796
37.6889 284.786
37.6799 284.766
37.6731 284.751
37.6709 284.746
37.6686 284.741
37.6662 284.69
37.6644 284.652
37.6825 284.566
37.6842 284.559
37.6842 284.559
37.6881 284.556
37.692 284.553
37.7036 284.544
37.7426 284.516
37.7821 284.5
37.8229 284.51
37.829 284.512
37.8526 284.541
37.8548 284.546
37.8571 284.551
37.8773 284.595
37.8796 284.6
37.8818 284.605
37.8818 284.605
37.8781 284.654
37.8764 284.662
37.8731 284.677
37.8627 284.711
37.8522 284.745
37.8466 284.756
37.8066 284.805
37.8027 284.808
37.7794 284.825
SUA18_0

0
0 60003 54090 54095
0 0 0 1
36
37.7713 284.91
37.7596 284.918
37.7295 284.921
37.6787 284.912
37.6435 284.892
37.6412 284.887
37.6345 284.872
37.6255 284.852
37.6188 284.837
37.6165 284.832
37.6533 284.673
37.6743 284.605
37.6815 284.587
37.6815 284.587
37.687 284.576
37.6948 284.571
37.7299 284.545
37.7415 284.536
37.7772 284.523
37.8196 284.525
37.8257 284.527
37.8476 284.564
37.8499 284.569
37.8566 284.584
37.8701 284.613
37.8724 284.618
37.8746 284.623
37.8752 284.636
37.8742 284.657
37.8682 284.701
37.8517 284.778
37.8191 284.855
37.8025 284.887
37.7986 284.89
37.7947 284.893
37.7713 284.91
SUA19_0

0
0 60003 54095 54100
0 0 0 1
35
37.7111 285.086
37.6994 285.094
37.6839 285.106
37.6615 285.102
37.6358 285.069
37.6335 285.064
37.6245 285.044
37.611 285.014
37.5969 284.972
37.5957 284.946
37.6032 284.849
37.6406 284.703
37.6511 284.668
37.6599 284.642
37.6726 284.613
37.686 284.597
37.6977 284.588
37.7327 284.563
37.7483 284.551
37.7839 284.538
37.8063 284.542
37.8124 284.544
37.8208 284.551
37.8404 284.582
37.8427 284.587
37.8607 284.627
37.8652 284.637
37.8697 284.647
37.8692 284.68
37.8496 284.82
37.8231 284.898
37.7927 284.98
37.7306 285.072
37.7228 285.077
37.7111 285.086
SUA20_0

0
0 60003 54100 54105
0 0 0 1
42
37.7411 285.209
37.7255 285.22
37.7139 285.229
37.637 285.265
37.6102 285.252
37.5934 285.238
37.5911 285.233
37.5844 285.218
37.5776 285.203
37.5732 285.193
37.5687 285.184
37.5604 285.051
37.5604 285.051
37.5652 284.982
37.5685 284.966
37.6157 284.773
37.6262 284.739
37.6511 284.668
37.6655 284.632
37.6788 284.615
37.6866 284.61
37.7061 284.595
37.7216 284.584
37.7333 284.575
37.7372 284.572
37.7411 284.57
37.7729 284.559
37.8321 284.575
37.8433 284.6
37.8613 284.64
37.8641 284.657
37.8647 284.67
37.8653 284.683
37.8643 284.703
37.8632 284.724
37.8507 284.799
37.8233 284.944
37.8151 284.983
37.7606 285.195
37.7567 285.197
37.7489 285.203
37.7411 285.209
SUA21_0

0
0 60003 54105 54110
0 0 0 1
33
37.5466 285.569
37.5232 285.586
37.4959 285.606
37.4921 285.609
37.4843 285.614
37.4804 285.617
37.4759 285.607
37.4714 285.598
37.4579 285.568
37.4556 285.563
37.4749 285.331
37.5011 285.161
37.5186 285.062
37.5804 284.878
37.6318 284.729
37.6478 284.684
37.6738 284.639
37.6777 284.636
37.6933 284.624
37.7167 284.607
37.7284 284.599
37.7362 284.593
37.7718 284.58
37.778 284.582
37.8355 284.606
37.8602 284.66
37.8625 284.665
37.8649 284.716
37.8425 284.838
37.7422 285.36
37.7406 285.367
37.5583 285.56
37.5466 285.569
SUA22_0

0
0 60003 54110 54115
0 0 0 1
33
37.5525 285.821
37.5369 285.833
37.533 285.836
37.5213 285.844
37.4301 285.746
37.4278 285.741
37.4233 285.732
37.4076 285.697
37.4053 285.692
37.4017 285.616
37.418 285.492
37.4536 285.307
37.4861 285.185
37.4999 285.135
37.6086 284.792
37.6157 284.773
37.6572 284.671
37.665 284.665
37.7001 284.639
37.7079 284.633
37.7156 284.628
37.7552 284.612
37.8295 284.65
37.8318 284.655
37.8453 284.684
37.852 284.699
37.8565 284.709
37.7593 285.294
37.7434 285.385
37.6711 285.603
37.5681 285.81
37.5603 285.816
37.5525 285.821
SUA23_0

0
0 60003 54115 54120
0 0 0 1
38
37.4089 286.236
37.4011 286.242
37.37 286.265
37.3583 286.274
37.3521 286.271
37.3499 286.266
37.3476 286.262
37.3296 286.222
37.3274 286.217
37.2725 285.994
37.3241 285.765
37.3731 285.564
37.3901 285.499
37.475 285.206
37.5716 284.905
37.6125 284.789
37.6285 284.744
37.6285 284.744
37.6396 284.723
37.6506 284.702
37.6779 284.682
37.6857 284.676
37.6935 284.67
37.7408 284.649
37.8074 284.692
37.8096 284.697
37.8276 284.737
37.8298 284.742
37.8321 284.747
37.8355 284.777
37.8312 284.813
37.7908 285.067
37.7218 285.44
37.6648 285.726
37.6153 285.914
37.5783 286.027
37.4206 286.228
37.4089 286.236
SUA24_0

0
0 60003 54120 54125
0 0 0 1
34
37.2993 286.646
37.2915 286.652
37.2877 286.655
37.2184 286.64
37.2049 286.61
37.1937 286.585
37.1691 286.406
37.1659 286.296
37.3587 285.601
37.4662 285.232
37.5461 284.963
37.6014 284.81
37.6086 284.792
37.6274 284.765
37.6469 284.751
37.6586 284.742
37.6703 284.733
37.7221 284.722
37.7903 284.758
37.7993 284.777
37.815 284.812
37.8173 284.817
37.8162 284.837
37.8131 284.899
37.7447 285.285
37.6566 285.765
37.6243 285.934
37.5963 286.066
37.5008 286.347
37.376 286.564
37.3305 286.623
37.3266 286.626
37.3227 286.629
37.2993 286.646
SUA25_0

0
0 60003 54125 54130
0 0 0 1
40
37.2857 287.038
37.2506 287.064
37.2467 287.067
37.1285 287.081
37.0419 287.039
37.0396 287.034
37.0284 287.009
37.0216 286.995
37.0171 286.985
37.0174 286.905
37.0964 286.531
37.103 286.5
37.1234 286.419
37.3834 285.484
37.4794 285.17
37.5163 285.057
37.5324 285.012
37.5804 284.878
37.5882 284.873
37.5921 284.87
37.6077 284.858
37.6116 284.856
37.6233 284.847
37.6907 284.824
37.7337 284.839
37.7617 284.877
37.7752 284.907
37.7819 284.922
37.7864 284.932
37.7876 284.957
37.7839 285.006
37.7518 285.221
37.6148 285.947
37.5533 286.223
37.4983 286.421
37.3599 286.905
37.3146 287.011
37.3051 287.024
37.2973 287.03
37.2857 287.038
SUA26_0

0
0 60003 54130 54135
0 0 0 1
40
37.0882 287.677
37.0765 287.686
37.0726 287.689
37.0386 287.694
36.9334 287.6
36.9312 287.595
36.9289 287.59
36.9222 287.575
36.9109 287.55
36.9064 287.54
36.8923 287.498
36.8803 287.415
36.9014 287.221
37.2704 285.863
37.4225 285.33
37.5163 285.057
37.5202 285.054
37.5241 285.051
37.5514 285.031
37.5592 285.026
37.5631 285.023
37.6299 284.987
37.6936 285.013
37.72 285.06
37.7222 285.064
37.729 285.079
37.7312 285.084
37.7424 285.109
37.7447 285.114
37.7475 285.132
37.7455 285.173
37.6907 285.463
37.5099 286.413
37.4463 286.73
37.3604 287.043
37.2496 287.427
37.2425 287.446
37.2314 287.467
37.1155 287.657
37.0882 287.677
SUA27_0

0
0 60003 54135 54140
0 0 0 1
32
36.9023 288.433
36.8867 288.444
36.8711 288.456
36.7847 288.289
36.7824 288.284
36.7599 288.234
36.7239 288.155
36.7037 288.111
36.6992 288.101
36.6806 288.048
36.7417 287.806
36.827 287.48
37.1101 286.436
37.309 285.743
37.4082 285.413
37.4394 285.39
37.4511 285.382
37.5458 285.339
37.6617 285.32
37.6707 285.339
37.6842 285.369
37.6865 285.374
37.6829 285.469
37.6765 285.546
37.3238 287.248
37.131 287.943
37.0736 288.136
37.0664 288.155
37.0609 288.165
36.914 288.424
36.9101 288.427
36.9023 288.433
SUA28_0

0
0 60003 54140 54145
0 0 0 1
39
36.7855 289.158
36.7543 289.181
36.7504 289.184
36.7465 289.186
36.5585 289.173
36.5405 289.133
36.536 289.123
36.5337 289.118
36.5315 289.113
36.5217 289.035
36.5079 288.913
36.4932 288.687
36.5375 288.43
36.6735 287.942
37.0319 286.743
37.1632 286.324
37.2328 286.135
37.28 286.067
37.2989 286.04
37.4172 285.901
37.4211 285.898
37.425 285.895
37.4445 285.881
37.4484 285.878
37.4562 285.872
37.4601 285.869
37.4691 285.889
37.4825 285.919
37.4848 285.924
37.4866 286.133
37.4689 286.311
37.4325 286.608
37.4095 286.717
37.0849 288.161
37.0546 288.288
36.9334 288.707
36.7988 289.142
36.7933 289.152
36.7855 289.158
SUA29_0

0
0 60003 54145 54150
0 0 0 1
33
36.381 290.107
36.346 290.132
36.3421 290.135
36.3382 290.138
36.3359 290.133
36.3337 290.128
36.3134 290.084
36.3112 290.079
36.2166 289.825
36.208 289.772
36.2068 289.747
36.2827 289.263
36.6663 287.96
36.7789 287.614
36.9144 287.284
37.0901 286.951
37.1096 286.937
37.1174 286.931
37.1329 286.92
37.1965 286.899
37.1987 286.904
37.2055 286.919
37.2212 286.954
37.2537 287.299
37.2505 287.361
37.1694 287.776
37.1678 287.784
37.0964 288.106
37.0442 288.323
36.928 288.763
36.8135 289.197
36.6255 289.822
36.381 290.107
SUA30_0

0
0 60003 54150 54155
0 0 0 1
38
36.1099 291.063
36.106 291.066
36.0982 291.072
36.0024 291.089
35.8193 291.052
35.8148 291.042
35.7945 290.998
35.7962 290.99
36.0069 290.163
36.1717 289.601
36.4376 288.747
36.5 288.576
36.6655 288.198
36.8598 287.917
36.887 287.897
36.9026 287.886
36.9351 287.934
36.9374 287.939
36.9396 287.944
36.9419 287.949
36.9576 287.984
36.9599 287.989
36.9662 288.037
36.9556 288.368
36.951 288.483
36.7958 289.249
36.7925 289.265
36.6556 289.82
36.5707 290.113
36.4713 290.396
36.3668 290.657
36.282 290.825
36.2133 290.948
36.1778 291.007
36.145 291.037
36.1411 291.04
36.1294 291.049
36.1099 291.063
SUA31_0

0
0 60003 54155 54160
0 0 0 1
32
35.8495 292.032
35.7755 292.086
35.7326 292.117
35.5644 292.181
35.5576 292.166
35.5374 292.122
35.5487 291.85
35.5504 291.842
35.7452 290.935
36.0488 290.027
36.2351 289.535
36.2895 289.449
36.3994 289.302
36.4033 289.299
36.415 289.291
36.4344 289.277
36.4383 289.274
36.4422 289.271
36.5856 289.278
36.5879 289.283
36.5924 289.293
36.6104 289.332
36.6549 289.464
36.5848 289.984
36.5831 289.992
36.386 290.722
36.3116 290.981
36.052 291.712
35.9939 291.847
35.8884 292.003
35.8845 292.006
35.8495 292.032
SUA32_0

0
0 60003 54160 54165
0 0 0 1
31
35.8497 292.42
35.8341 292.432
35.8302 292.434
35.7549 292.417
35.6889 292.386
35.4848 292.246
35.4433 292.178
35.4388 292.168
35.4298 292.148
35.4253 292.138
35.4208 292.128
35.4186 292.123
35.5762 291.579
35.6906 291.271
35.8769 290.779
36.1338 290.545
36.1455 290.536
36.1493 290.533
36.1727 290.516
36.1805 290.511
36.2971 290.504
36.3016 290.514
36.3061 290.524
36.3196 290.554
36.3218 290.559
36.3111 290.843
36.3078 290.859
36.0395 291.833
35.8731 292.403
35.8692 292.406
35.8497 292.42
SUA33_0

0
0 60003 54165 54170
0 0 0 1
20
35.4478 292.484
35.4049 292.515
35.4027 292.51
35.3982 292.501
35.3959 292.496
35.3802 292.461
35.3818 292.453
35.5587 292.146
35.5704 292.137
35.5898 292.123
35.5976 292.117
35.6015 292.114
35.6038 292.119
35.606 292.124
35.6128 292.139
35.624 292.164
35.6263 292.169
35.6285 292.174
35.4516 292.481
35.4478 292.484
