SUA0_0

0
0 60003 58800 58805
0 0 0 1
29
37.7772 286.509
37.771 286.517
37.7616 286.53
37.7616 286.53
37.7082 286.575
37.6355 286.613
37.6323 286.609
37.6291 286.605
37.6032 286.574
37.5999 286.57
37.5641 286.51
37.5541 286.474
37.5525 286.361
37.5557 286.357
37.5619 286.348
37.5682 286.34
37.5869 286.316
37.5994 286.299
37.6025 286.295
37.6749 286.241
37.7741 286.283
37.7806 286.291
37.7838 286.295
37.7871 286.299
37.8 286.315
37.8065 286.323
37.8129 286.331
37.7991 286.48
37.7772 286.509
SUA1_0

0
0 60003 58805 58810
0 0 0 1
26
37.7709 286.509
37.7584 286.526
37.7459 286.542
37.7334 286.559
37.6988 286.588
37.6262 286.626
37.5657 286.623
37.5495 286.603
37.5366 286.587
37.5301 286.579
37.5233 286.547
37.5402 286.385
37.5432 286.373
37.5775 286.328
37.5963 286.303
37.6687 286.249
37.7679 286.291
37.7743 286.299
37.7873 286.315
37.797 286.327
37.8035 286.335
37.8067 286.339
37.7927 286.481
37.7896 286.485
37.7865 286.489
37.7709 286.509
SUA2_0

0
0 60003 58810 58815
0 0 0 1
34
37.7365 286.554
37.7334 286.559
37.7083 286.583
37.6768 286.608
37.5632 286.675
37.5127 286.701
37.4934 286.685
37.4902 286.681
37.4805 286.669
37.4675 286.653
37.4546 286.637
37.4666 286.589
37.5247 286.414
37.5308 286.398
37.5432 286.373
37.5463 286.369
37.5713 286.336
37.5775 286.328
37.5807 286.324
37.5838 286.32
37.6563 286.274
37.6627 286.274
37.7554 286.308
37.7586 286.312
37.7651 286.32
37.7683 286.324
37.791 286.351
37.7942 286.355
37.7802 286.497
37.7771 286.501
37.774 286.505
37.7677 286.513
37.7615 286.522
37.7365 286.554
SUA3_0

0
0 60003 58815 58820
0 0 0 1
29
37.7208 286.567
37.7176 286.571
37.7145 286.575
37.6863 286.604
37.473 286.819
37.4224 286.844
37.3808 286.825
37.3614 286.801
37.3517 286.789
37.3485 286.785
37.3452 286.781
37.345 286.765
37.3571 286.716
37.5308 286.398
37.5527 286.369
37.5652 286.352
37.5683 286.348
37.6438 286.29
37.7398 286.328
37.743 286.332
37.7462 286.336
37.7495 286.34
37.7559 286.348
37.7656 286.36
37.7721 286.368
37.7753 286.372
37.7614 286.514
37.7583 286.518
37.7208 286.567
SUA4_0

0
0 60003 58820 58825
0 0 0 1
26
37.7207 286.559
37.6925 286.596
37.6863 286.604
37.3076 287.052
37.2351 287.098
37.1902 287.075
37.187 287.071
37.1773 287.059
37.1611 287.039
37.1579 287.035
37.1547 287.032
37.1481 287.016
37.1344 286.943
37.5215 286.418
37.5246 286.414
37.5496 286.381
37.5528 286.377
37.5559 286.373
37.6252 286.323
37.7148 286.361
37.7245 286.373
37.7439 286.397
37.7503 286.405
37.7363 286.538
37.73 286.547
37.7207 286.559
SUA5_0

0
0 60003 58825 58830
0 0 0 1
30
37.6612 286.629
37.6581 286.633
37.1983 287.196
37.07 287.348
37.0136 287.414
36.976 287.455
36.894 287.505
36.8778 287.486
36.8649 287.47
36.8617 287.466
36.8584 287.462
36.8353 287.402
36.8466 287.297
36.8747 287.26
36.881 287.251
36.8872 287.243
37.5405 286.409
37.6003 286.364
37.6803 286.398
37.6868 286.406
37.6932 286.414
37.7029 286.426
37.7191 286.446
37.7081 286.567
37.7049 286.571
37.7018 286.575
37.6956 286.584
37.6862 286.596
37.6643 286.625
37.6612 286.629
SUA6_0

0
0 60003 58830 58835
0 0 0 1
32
36.7803 287.795
36.7741 287.803
36.7709 287.807
36.7678 287.811
36.5143 288.111
36.5046 288.099
36.4917 288.083
36.482 288.072
36.4787 288.068
36.3913 287.953
36.3943 287.94
36.4955 287.668
36.5017 287.659
36.533 287.618
36.5424 287.606
36.5517 287.594
36.5549 287.59
37.4811 286.487
37.5125 286.454
37.5692 286.413
37.5788 286.417
37.6267 286.436
37.6492 286.447
37.6524 286.451
37.6621 286.463
37.675 286.479
37.6847 286.491
37.6703 286.6
37.6455 286.641
36.8897 287.651
36.8865 287.655
36.7803 287.795
SUA7_0

0
0 60003 58835 58840
0 0 0 1
35
36.6682 287.967
36.6619 287.975
36.6526 287.987
36.6494 287.991
36.3773 288.324
36.2738 288.427
36.1231 288.576
36.0979 288.593
35.9679 288.624
35.8852 288.618
35.8561 288.582
35.8496 288.574
35.8953 288.432
35.9415 288.322
36.0165 288.223
36.029 288.207
36.2448 287.94
37.3967 286.59
37.4405 286.541
37.4688 286.512
37.5254 286.47
37.5571 286.462
37.5635 286.461
37.6113 286.472
37.6146 286.476
37.6178 286.48
37.634 286.5
37.6437 286.512
37.6469 286.516
37.6234 286.654
37.611 286.678
37.4924 286.842
36.6838 287.946
36.6807 287.95
36.6682 287.967
SUA8_0

0
0 60003 58840 58845
0 0 0 1
39
36.2244 288.541
36.1776 288.603
36.1713 288.611
35.8865 288.944
35.6795 289.159
35.5067 289.312
35.5035 289.308
35.5002 289.304
35.497 289.3
35.4776 289.276
35.4743 289.272
35.4711 289.269
35.3868 289.149
35.381 288.96
35.3872 288.952
35.3966 288.939
35.4185 288.91
35.6748 288.582
35.7967 288.43
37.3122 286.693
37.3812 286.619
37.4627 286.536
37.5069 286.511
37.5673 286.506
37.58 286.505
37.5832 286.509
37.6026 286.533
37.6156 286.549
37.5947 286.65
37.5854 286.671
37.5638 286.716
37.5421 286.761
37.3268 287.06
37.2051 287.228
36.771 287.815
36.4837 288.201
36.4806 288.205
36.4744 288.213
36.2244 288.541
SUA9_0

0
0 60003 58845 58850
0 0 0 1
37
36.4774 288.201
36.2243 288.533
35.8181 289.059
35.405 289.553
35.2704 289.705
35.1667 289.8
34.9787 289.776
34.9723 289.768
34.9496 289.74
34.9237 289.708
34.9076 289.689
34.9011 289.681
34.8979 289.677
34.8652 289.613
35.0609 289.274
35.064 289.269
35.0703 289.261
35.0828 289.245
35.0952 289.228
35.0984 289.224
35.7121 288.525
37.2842 286.738
37.3249 286.693
37.4064 286.602
37.4505 286.569
37.53 286.571
37.5494 286.595
37.5526 286.599
37.5623 286.611
37.5656 286.615
37.5448 286.724
37.4794 286.827
37.2922 287.089
36.8739 287.663
36.5055 288.164
36.4961 288.176
36.4774 288.201
SUA10_0

0
0 60003 58850 58855
0 0 0 1
36
36.7428 287.844
36.7366 287.852
36.7334 287.856
35.8054 289.059
35.5491 289.388
34.9239 290.185
34.6751 290.364
34.3976 290.301
34.3943 290.297
34.3814 290.282
34.3652 290.262
34.362 290.258
34.4352 290.03
34.5225 289.907
34.6006 289.804
34.6131 289.788
34.6288 289.767
34.8319 289.509
34.9509 289.369
37.2341 286.796
37.3093 286.713
37.3722 286.663
37.4455 286.674
37.452 286.682
37.4649 286.698
37.4714 286.706
37.4747 286.71
37.4779 286.714
37.4811 286.718
37.4844 286.721
37.4604 286.827
37.4542 286.843
37.3919 286.933
36.7678 287.811
36.7616 287.819
36.7428 287.844
SUA11_0

0
0 60003 58855 58860
0 0 0 1
35
36.6769 287.906
36.6613 287.926
36.655 287.935
36.6488 287.943
35.8457 288.982
35.1769 289.844
34.9329 290.14
34.8358 290.251
34.745 290.354
34.5726 290.54
34.3937 290.717
34.3183 290.783
34.1822 290.831
33.9795 290.892
33.9086 290.829
33.8731 290.785
34.0063 290.528
34.3278 290.089
34.3372 290.077
34.356 290.052
34.3716 290.031
34.3841 290.015
34.885 289.439
36.9304 287.145
37.059 287.017
37.1251 286.964
37.2356 286.901
37.2388 286.905
37.2614 286.932
37.2679 286.94
37.2711 286.944
37.2638 287.102
37.1173 287.319
36.6831 287.898
36.6769 287.906
SUA12_0

0
0 60003 58860 58865
0 0 0 1
31
36.4174 288.23
35.9519 288.842
35.9487 288.846
35.0358 289.997
34.4165 290.753
33.8679 291.334
33.7182 291.317
33.6345 291.247
33.6216 291.231
33.5957 291.199
33.5911 291.098
33.5924 290.957
33.5955 290.953
33.6048 290.94
33.6236 290.916
33.6517 290.879
33.6548 290.875
33.8674 290.604
33.9925 290.448
34.2335 290.164
36.6491 287.507
36.8623 287.284
36.9804 287.31
36.9868 287.318
37.0127 287.349
37.016 287.353
36.9201 287.553
36.4424 288.198
36.4392 288.202
36.4361 288.206
36.4174 288.23
SUA13_0

0
0 60003 58865 58870
0 0 0 1
35
35.7199 289.089
35.7074 289.106
35.7043 289.11
35.7012 289.114
34.2602 290.95
34.0218 291.19
33.6892 291.52
33.6388 291.561
33.6231 291.574
33.4186 291.736
33.4029 291.748
33.2162 291.591
33.213 291.587
33.1968 291.567
33.1871 291.555
33.1806 291.547
33.2885 291.299
33.3852 291.155
33.3977 291.139
33.457 291.061
33.4914 291.016
33.4945 291.012
33.507 290.995
33.5133 290.987
33.7886 290.658
35.9773 288.381
36.0715 288.291
36.2264 288.219
36.2393 288.234
36.2587 288.258
36.2619 288.262
35.9978 288.716
35.7355 289.069
35.7293 289.077
35.7199 289.089
SUA14_0

0
0 60003 58870 58875
0 0 0 1
32
34.6814 290.356
34.6626 290.38
34.6595 290.384
34.1626 291.021
33.7054 291.548
33.5361 291.721
33.4419 291.812
33.2879 291.948
33.0288 291.837
33.0223 291.829
33.0191 291.825
33.0029 291.805
32.9997 291.801
32.9932 291.794
32.9926 291.753
33.075 291.497
33.1 291.464
33.1031 291.46
33.1094 291.452
33.2345 291.304
33.5385 290.97
33.6481 290.851
34.1151 290.344
34.9679 289.453
35.2276 289.367
35.234 289.375
35.247 289.391
35.2631 289.41
35.0563 289.863
35.0469 289.875
35.0438 289.879
34.6814 290.356
SUA15_0

0
0 60003 58875 58880
0 0 0 1
31
34.6188 290.43
34.5938 290.462
34.5907 290.467
33.6083 291.651
33.5549 291.704
33.4733 291.779
33.1833 291.971
33.0712 291.913
33.0647 291.905
33.0518 291.889
33.0421 291.877
33.0356 291.869
32.9737 291.762
33.0751 291.505
33.097 291.476
33.1126 291.456
33.1157 291.452
33.3349 291.197
33.4132 291.11
33.6012 290.904
33.8271 290.681
34.2947 290.223
34.3737 290.185
34.4211 290.164
34.6716 290.106
34.6748 290.11
34.6878 290.125
34.7039 290.145
34.7072 290.149
34.6282 290.417
34.6188 290.43
SUA16_0

0
0 60003 58880 58885
0 0 0 1
38
34.1028 291.067
34.0996 291.071
34.0934 291.079
33.6801 291.556
33.4387 291.808
33.2971 291.92
33.2052 291.942
33.1988 291.942
33.0745 291.925
33.0713 291.921
33.068 291.917
33.0422 291.885
33.0389 291.881
33.0087 291.765
33.0321 291.619
33.1281 291.427
33.1312 291.423
33.1375 291.415
33.1406 291.411
33.1687 291.374
33.2656 291.247
33.2843 291.222
33.2906 291.214
33.4789 291.032
33.793 290.743
34.1448 290.42
34.3404 290.311
34.3658 290.302
34.369 290.306
34.3981 290.342
34.4014 290.346
34.4468 290.409
34.4631 290.445
34.4354 290.506
34.3798 290.629
34.1278 291.034
34.1184 291.046
34.1028 291.067
SUA17_0

0
0 60003 58885 58890
0 0 0 1
36
33.8339 291.404
33.8307 291.408
33.5393 291.725
33.3479 291.911
33.083 292.078
33.0735 292.082
32.9144 292.078
32.8788 292.034
32.8443 291.833
32.8441 291.825
32.8473 291.821
32.8504 291.817
32.8566 291.809
32.9347 291.706
32.9379 291.702
33.216 291.345
33.3442 291.184
33.3974 291.123
33.5386 290.978
33.8052 290.71
34.1865 290.447
34.2088 290.451
34.2537 290.482
34.2602 290.49
34.2635 290.494
34.2699 290.502
34.2861 290.522
34.2926 290.53
34.2958 290.534
34.299 290.538
34.3612 290.661
34.2115 290.883
34.0025 291.174
33.8682 291.358
33.8651 291.363
33.8339 291.404
SUA18_0

0
0 60003 58890 58895
0 0 0 1
35
33.7741 291.449
33.7272 291.511
33.7178 291.523
33.7147 291.527
33.4236 291.869
33.135 292.158
32.9146 292.324
32.6431 292.467
32.5401 292.381
32.5369 292.377
32.5336 292.373
32.5174 292.353
32.5045 292.337
32.5898 292.061
32.5929 292.057
32.621 292.02
32.646 291.987
32.6554 291.975
32.9245 291.654
33.3226 291.229
33.5672 290.982
33.7777 290.787
33.9474 290.638
34.0767 290.559
34.1821 290.593
34.2526 290.631
34.2559 290.635
34.2753 290.659
34.285 290.671
34.2882 290.675
34.0986 290.998
33.8022 291.412
33.7991 291.416
33.7834 291.437
33.7741 291.449
SUA19_0

0
0 60003 58895 58900
0 0 0 1
38
33.4701 291.783
33.4545 291.804
33.4514 291.808
33.063 292.244
32.6649 292.669
32.2927 292.895
32.2895 292.891
32.2733 292.871
32.2668 292.863
32.2539 292.847
32.2409 292.831
32.2345 292.823
32.2313 292.819
32.1823 292.728
32.1873 292.631
32.2671 292.419
32.2951 292.374
32.2982 292.37
32.3013 292.366
32.4357 292.189
32.4638 292.152
32.4669 292.148
32.6894 291.905
33.0529 291.51
33.3948 291.159
33.5113 291.08
33.7604 290.917
33.8429 290.907
33.8462 290.911
33.872 290.943
33.8818 290.955
33.8983 290.999
33.8531 291.181
33.8074 291.332
33.517 291.721
33.5076 291.734
33.4795 291.771
33.4701 291.783
SUA20_0

0
0 60003 58900 58905
0 0 0 1
34
33.0568 292.252
33.0474 292.265
33.0411 292.273
32.7151 292.619
32.5207 292.817
32.3825 292.949
31.9172 293.339
31.9014 293.351
31.695 293.376
31.6886 293.368
31.6756 293.352
31.6594 293.333
31.6428 293.281
31.6458 293.268
31.6944 293.098
31.7371 292.968
31.8026 292.873
31.8057 292.869
31.812 292.861
31.8838 292.767
31.8901 292.758
32.3598 292.223
33.2582 291.404
33.4697 291.291
33.5597 291.361
33.5662 291.369
33.5856 291.393
33.5921 291.401
33.5953 291.405
33.5489 291.499
33.0755 292.228
33.0692 292.236
33.0599 292.248
33.0568 292.252
SUA21_0

0
0 60003 58905 58910
0 0 0 1
35
32.8371 292.467
32.2013 293.187
32.0727 293.315
31.7181 293.666
31.4041 293.964
31.3822 293.985
31.2628 294.092
31.247 294.105
31.0517 294.238
31.0453 294.238
30.7424 294.184
30.7068 294.141
30.7994 293.929
30.9394 293.704
30.9456 293.696
30.9581 293.679
30.9612 293.675
30.9831 293.646
30.9862 293.642
31.3844 293.226
32.0495 292.557
32.445 292.177
32.8943 291.776
33.0873 291.695
33.0905 291.699
33.097 291.706
33.1131 291.726
33.1228 291.738
33.1918 291.894
33.0831 292.086
32.9991 292.221
32.8746 292.418
32.8683 292.426
32.8464 292.455
32.8371 292.467
SUA22_0

0
0 60003 58910 58915
0 0 0 1
38
32.016 293.357
31.8877 293.509
30.7337 294.705
30.5951 294.805
30.2798 295.006
30.2703 295.01
30.1062 294.873
30.103 294.869
30.0836 294.845
30.0739 294.833
30.0707 294.829
30.0695 294.748
30.2955 294.295
30.3049 294.283
30.3236 294.258
30.3267 294.254
30.3299 294.25
30.6433 293.912
31.108 293.474
31.13 293.453
31.1959 293.391
31.7646 292.882
31.7992 292.853
31.8149 292.841
31.9125 292.77
32.0196 292.695
32.1931 292.59
32.3636 292.498
32.3699 292.498
32.4952 292.588
32.4985 292.592
32.5243 292.623
32.5276 292.627
32.5308 292.631
32.3999 292.828
32.0535 293.308
32.0348 293.332
32.016 293.357
SUA23_0

0
0 60003 58915 58920
0 0 0 1
33
31.0499 294.339
31.0343 294.36
31.0312 294.364
31.0187 294.38
31.0155 294.384
30.9091 294.508
30.8088 294.615
30.482 294.905
30.1233 295.187
29.9239 295.03
29.9175 295.022
29.8981 294.998
29.8884 294.986
29.8721 294.958
29.875 294.938
29.9138 294.756
30.0502 294.494
30.0533 294.49
30.0751 294.462
30.0876 294.445
30.0939 294.437
30.1159 294.416
30.7129 293.886
31.3515 293.376
31.3673 293.363
31.5937 293.411
31.6002 293.419
31.6131 293.435
31.6261 293.45
31.6293 293.454
31.605 293.536
31.053 294.335
31.0499 294.339
SUA24_0

0
0 60003 58920 58925
0 0 0 1
27
30.2495 295.112
30.2432 295.12
30.2307 295.136
29.9602 295.122
29.791 295.073
29.7877 295.069
29.7618 295.038
29.7586 295.034
29.7554 295.03
29.7727 294.9
29.9063 294.675
29.9095 294.671
29.9282 294.646
29.9376 294.634
29.9407 294.63
29.9627 294.609
30.6135 294.288
30.6167 294.292
30.6232 294.3
30.6296 294.308
30.6458 294.328
30.649 294.332
30.5425 294.677
30.2745 295.079
30.2714 295.083
30.2651 295.091
30.2495 295.112
