SUA0_0

0
0 60003 51600 51605
0 0 0 1
23
31.4681 255.22
31.4681 255.266
31.4681 255.277
31.4681 255.283
31.4636 255.306
31.4591 255.306
31.4546 255.306
31.4276 255.306
31.4141 255.306
31.4097 255.306
31.3782 255.266
31.3782 255.26
31.3782 255.243
31.3782 255.226
31.3782 255.203
31.4097 255.192
31.4142 255.192
31.4231 255.192
31.4501 255.192
31.4546 255.192
31.4591 255.192
31.4636 255.203
31.4681 255.22
SUA1_0

0
0 60003 51605 51610
0 0 0 1
23
31.4816 255.26
31.4816 255.295
31.4816 255.3
31.4726 255.335
31.4366 255.335
31.4187 255.335
31.3917 255.3
31.3692 255.266
31.3692 255.26
31.3692 255.249
31.3692 255.232
31.3692 255.209
31.3692 255.203
31.4187 255.18
31.4187 255.18
31.4321 255.18
31.4366 255.18
31.4501 255.18
31.4681 255.18
31.4771 255.18
31.4816 255.232
31.4816 255.255
31.4816 255.26
SUA2_0

0
0 60003 51610 51615
0 0 0 1
21
31.5041 255.306
31.5041 255.317
31.4861 255.386
31.4816 255.386
31.4726 255.386
31.4411 255.386
31.4366 255.386
31.3872 255.329
31.3467 255.272
31.3467 255.249
31.3467 255.215
31.3467 255.209
31.4321 255.175
31.4411 255.175
31.4816 255.175
31.4861 255.175
31.4951 255.175
31.5041 255.255
31.5041 255.266
31.5041 255.289
31.5041 255.306
SUA3_0

0
0 60003 51615 51620
0 0 0 1
23
31.5266 255.289
31.5266 255.34
31.5266 255.346
31.4996 255.432
31.4906 255.432
31.4681 255.432
31.4501 255.432
31.3782 255.357
31.3287 255.283
31.3287 255.232
31.3287 255.22
31.3332 255.215
31.3332 255.215
31.3467 255.209
31.4591 255.163
31.4636 255.163
31.4681 255.163
31.4726 255.163
31.4906 255.163
31.4996 255.163
31.5086 255.163
31.5266 255.283
31.5266 255.289
SUA4_0

0
0 60003 51620 51625
0 0 0 1
27
31.5311 255.352
31.5311 255.363
31.5041 255.46
31.4951 255.46
31.4726 255.46
31.4636 255.46
31.4546 255.46
31.3782 255.374
31.3647 255.357
31.3197 255.295
31.3197 255.289
31.3197 255.283
31.3197 255.277
31.3197 255.232
31.3197 255.226
31.3197 255.226
31.3242 255.22
31.3692 255.186
31.3962 255.175
31.4591 255.163
31.4636 255.163
31.4681 255.163
31.5086 255.163
31.5131 255.169
31.5311 255.295
31.5311 255.317
31.5311 255.352
SUA5_0

0
0 60003 51625 51630
0 0 0 1
30
31.5311 255.34
31.5311 255.352
31.5311 255.357
31.5311 255.363
31.5041 255.46
31.4951 255.46
31.4861 255.46
31.4636 255.46
31.4546 255.46
31.3782 255.374
31.3647 255.357
31.3197 255.295
31.3197 255.289
31.3197 255.277
31.3197 255.255
31.3197 255.249
31.3197 255.243
31.3197 255.226
31.3242 255.198
31.3692 255.152
31.3917 255.146
31.4007 255.146
31.4321 255.146
31.4591 255.146
31.4636 255.146
31.5086 255.163
31.5131 255.169
31.5311 255.295
31.5311 255.312
31.5311 255.34
SUA6_0

0
0 60003 51630 51635
0 0 0 1
31
31.5311 255.277
31.5311 255.295
31.5221 255.357
31.4996 255.437
31.4861 255.437
31.4591 255.437
31.4546 255.437
31.4456 255.437
31.3467 255.352
31.3422 255.346
31.3062 255.272
31.3062 255.26
31.3062 255.249
31.3062 255.209
31.3242 255.175
31.3512 255.135
31.3557 255.129
31.3782 255.112
31.3827 255.112
31.3872 255.112
31.4097 255.112
31.4456 255.112
31.4591 255.112
31.4771 255.112
31.4816 255.112
31.4906 255.118
31.5131 255.158
31.5221 255.186
31.5311 255.226
31.5311 255.238
31.5311 255.277
SUA7_0

0
0 60003 51635 51640
0 0 0 1
35
31.5536 255.266
31.5536 255.277
31.5536 255.289
31.5446 255.352
31.4906 255.403
31.4591 255.409
31.4546 255.409
31.4456 255.409
31.4186 255.409
31.4142 255.409
31.4097 255.409
31.3737 255.403
31.3422 255.369
31.3152 255.323
31.3062 255.3
31.3017 255.283
31.3017 255.277
31.3017 255.232
31.3017 255.209
31.3017 255.198
31.3107 255.158
31.3197 255.135
31.3467 255.101
31.3692 255.078
31.3782 255.072
31.3827 255.072
31.3962 255.072
31.4142 255.072
31.4321 255.072
31.4816 255.101
31.4996 255.118
31.5491 255.18
31.5536 255.226
31.5536 255.232
31.5536 255.266
SUA8_0

0
0 60003 51640 51645
0 0 0 1
29
31.5626 255.26
31.5626 255.283
31.5626 255.3
31.5626 255.312
31.5581 255.329
31.5176 255.386
31.4771 255.432
31.4726 255.432
31.4501 255.432
31.4321 255.432
31.4276 255.432
31.3152 255.357
31.2972 255.34
31.2837 255.266
31.2837 255.255
31.2837 255.22
31.2837 255.203
31.2972 255.152
31.3332 255.101
31.3377 255.095
31.3962 255.066
31.4321 255.066
31.4411 255.066
31.4456 255.066
31.4816 255.078
31.5311 255.106
31.5491 255.163
31.5626 255.249
31.5626 255.26
SUA9_0

0
0 60003 51645 51650
0 0 0 1
37
31.5626 255.198
31.5626 255.22
31.5626 255.255
31.5626 255.266
31.5581 255.329
31.5311 255.374
31.5176 255.392
31.4951 255.42
31.4726 255.426
31.4546 255.426
31.4321 255.426
31.4097 255.426
31.3872 255.42
31.3602 255.403
31.3152 255.369
31.2927 255.306
31.2882 255.277
31.2882 255.272
31.2882 255.26
31.2882 255.238
31.2882 255.226
31.2882 255.22
31.2882 255.215
31.2972 255.129
31.3197 255.106
31.3602 255.072
31.3872 255.061
31.4052 255.061
31.4276 255.061
31.4366 255.061
31.4771 255.072
31.5086 255.095
31.5626 255.146
31.5626 255.152
31.5626 255.158
31.5626 255.186
31.5626 255.198
SUA10_0

0
0 60003 51650 51655
0 0 0 1
34
31.5671 255.295
31.5671 255.3
31.5626 255.317
31.5356 255.386
31.5176 255.409
31.4951 255.432
31.4771 255.437
31.4546 255.437
31.4366 255.437
31.4231 255.437
31.4142 255.437
31.4052 255.437
31.3377 255.397
31.2927 255.346
31.2882 255.312
31.2882 255.306
31.2882 255.295
31.2882 255.26
31.2882 255.198
31.2882 255.175
31.3152 255.129
31.3287 255.112
31.3647 255.078
31.3737 255.072
31.4276 255.061
31.4321 255.061
31.4456 255.061
31.4681 255.061
31.4816 255.061
31.5266 255.101
31.5581 255.14
31.5671 255.238
31.5671 255.243
31.5671 255.295
SUA11_0

0
0 60003 51655 51660
0 0 0 1
38
31.5716 255.266
31.5716 255.289
31.5716 255.3
31.5716 255.312
31.5626 255.335
31.5401 255.38
31.5041 255.437
31.4591 255.443
31.4501 255.443
31.4232 255.443
31.4142 255.443
31.4052 255.443
31.3422 255.403
31.3287 255.38
31.3062 255.329
31.3017 255.317
31.2972 255.3
31.2882 255.226
31.2882 255.22
31.2882 255.209
31.2882 255.192
31.2882 255.169
31.2882 255.163
31.2972 255.135
31.3017 255.123
31.3287 255.106
31.3737 255.078
31.4052 255.061
31.4142 255.061
31.4456 255.061
31.4501 255.061
31.4546 255.061
31.4906 255.072
31.5536 255.118
31.5716 255.249
31.5716 255.255
31.5716 255.26
31.5716 255.266
SUA12_0

0
0 60003 51660 51665
0 0 0 1
35
31.5671 255.255
31.5671 255.3
31.5671 255.306
31.5581 255.335
31.5446 255.369
31.5176 255.414
31.4861 255.432
31.4816 255.432
31.4681 255.432
31.4546 255.432
31.4411 255.432
31.4276 255.432
31.4231 255.432
31.3872 255.42
31.3467 255.403
31.3332 255.386
31.2972 255.335
31.2837 255.283
31.2837 255.277
31.2837 255.249
31.2837 255.232
31.2837 255.226
31.2837 255.22
31.3062 255.106
31.3737 255.078
31.4052 255.066
31.4097 255.066
31.4232 255.066
31.4411 255.066
31.4546 255.066
31.4726 255.066
31.5086 255.095
31.5491 255.163
31.5671 255.243
31.5671 255.255
SUA13_0

0
0 60003 51665 51670
0 0 0 1
25
31.5626 255.238
31.5626 255.26
31.5626 255.272
31.5626 255.277
31.5491 255.386
31.5176 255.42
31.4681 255.437
31.4636 255.437
31.4186 255.437
31.3647 255.426
31.3152 255.363
31.2792 255.283
31.2792 255.272
31.2792 255.249
31.2792 255.232
31.2792 255.22
31.2927 255.158
31.3377 255.095
31.4097 255.072
31.4546 255.072
31.4636 255.072
31.5176 255.101
31.5356 255.112
31.5626 255.215
31.5626 255.238
SUA14_0

0
0 60003 51670 51675
0 0 0 1
37
31.5626 255.232
31.5626 255.238
31.5626 255.243
31.5626 255.249
31.5581 255.306
31.5446 255.352
31.5086 255.42
31.4501 255.437
31.4456 255.437
31.4366 255.437
31.4097 255.437
31.4052 255.437
31.4007 255.437
31.3872 255.426
31.3467 255.392
31.3152 255.352
31.3062 255.323
31.2972 255.272
31.2927 255.232
31.2927 255.209
31.2927 255.186
31.2927 255.169
31.3107 255.141
31.3377 255.112
31.3602 255.095
31.3872 255.083
31.3917 255.083
31.4142 255.083
31.4366 255.083
31.4456 255.083
31.4591 255.083
31.4681 255.083
31.5491 255.123
31.5626 255.18
31.5626 255.192
31.5626 255.22
31.5626 255.232
SUA15_0

0
0 60003 51675 51680
0 0 0 1
37
31.5536 255.277
31.5536 255.295
31.5536 255.323
31.5536 255.329
31.5311 255.403
31.5041 255.426
31.4816 255.437
31.4681 255.437
31.4636 255.437
31.4411 255.437
31.4321 255.437
31.3647 255.397
31.3197 255.369
31.3107 255.335
31.2927 255.238
31.2927 255.226
31.2927 255.209
31.2927 255.192
31.2927 255.18
31.2927 255.175
31.3017 255.152
31.3422 255.101
31.3467 255.095
31.3647 255.089
31.3692 255.089
31.3872 255.089
31.4007 255.089
31.4231 255.089
31.4591 255.089
31.4681 255.089
31.4726 255.089
31.5266 255.112
31.5401 255.135
31.5536 255.198
31.5536 255.215
31.5536 255.238
31.5536 255.277
SUA16_0

0
0 60003 51680 51685
0 0 0 1
32
31.5626 255.312
31.5626 255.317
31.5626 255.335
31.5131 255.414
31.5041 255.426
31.4681 255.443
31.4411 255.443
31.4232 255.443
31.4187 255.443
31.3692 255.409
31.3152 255.34
31.2972 255.277
31.2972 255.272
31.2972 255.255
31.2972 255.215
31.3017 255.186
31.3107 255.146
31.3242 255.123
31.3647 255.101
31.4052 255.083
31.4097 255.083
31.4142 255.083
31.4501 255.083
31.4546 255.083
31.4861 255.095
31.5086 255.106
31.5176 255.112
31.5356 255.152
31.5491 255.192
31.5626 255.272
31.5626 255.295
31.5626 255.312
SUA17_0

0
0 60003 51685 51690
0 0 0 1
34
31.5536 255.26
31.5536 255.277
31.5536 255.289
31.5491 255.317
31.5311 255.38
31.5131 255.42
31.5041 255.42
31.4366 255.42
31.4187 255.42
31.4052 255.42
31.3962 255.42
31.3242 255.34
31.3017 255.289
31.3017 255.283
31.3017 255.266
31.3017 255.232
31.3017 255.226
31.3062 255.163
31.3242 255.14
31.3467 255.112
31.3647 255.101
31.4052 255.083
31.4187 255.083
31.4411 255.083
31.4456 255.083
31.4636 255.083
31.5086 255.101
31.5311 255.129
31.5491 255.175
31.5536 255.226
31.5536 255.232
31.5536 255.243
31.5536 255.249
31.5536 255.26
SUA18_0

0
0 60003 51690 51695
0 0 0 1
30
31.5491 255.295
31.5491 255.306
31.5491 255.312
31.5311 255.386
31.4771 255.426
31.4636 255.432
31.4456 255.432
31.4411 255.432
31.4142 255.432
31.3917 255.414
31.3377 255.363
31.3152 255.329
31.3017 255.272
31.3017 255.26
31.3017 255.255
31.3017 255.232
31.3017 255.215
31.3017 255.209
31.3242 255.14
31.3602 255.106
31.4142 255.089
31.4276 255.089
31.4411 255.089
31.4636 255.089
31.4726 255.089
31.5221 255.129
31.5446 255.203
31.5491 255.249
31.5491 255.255
31.5491 255.295
SUA19_0

0
0 60003 51695 51700
0 0 0 1
29
31.5491 255.312
31.5356 255.363
31.5266 255.392
31.4816 255.432
31.4771 255.432
31.4726 255.432
31.4636 255.432
31.4456 255.432
31.4366 255.432
31.4276 255.432
31.3737 255.397
31.3557 255.38
31.3062 255.306
31.3062 255.3
31.3062 255.289
31.3062 255.243
31.3107 255.203
31.3152 255.18
31.3422 255.129
31.4052 255.095
31.4366 255.095
31.4501 255.095
31.4546 255.095
31.4771 255.101
31.5311 255.141
31.5356 255.152
31.5491 255.249
31.5491 255.255
31.5491 255.312
SUA20_0

0
0 60003 51700 51705
0 0 0 1
27
31.5356 255.266
31.5356 255.306
31.5356 255.329
31.5266 255.369
31.5221 255.374
31.4906 255.414
31.4546 255.414
31.4501 255.414
31.4366 255.414
31.4321 255.414
31.3782 255.392
31.3332 255.346
31.3062 255.289
31.3062 255.277
31.3062 255.238
31.3062 255.22
31.3152 255.158
31.3692 255.123
31.4052 255.106
31.4276 255.101
31.4411 255.101
31.4816 255.101
31.5131 255.141
31.5266 255.163
31.5356 255.249
31.5356 255.255
31.5356 255.266
SUA21_0

0
0 60003 51705 51710
0 0 0 1
36
31.5311 255.232
31.5311 255.272
31.5311 255.306
31.5311 255.346
31.5041 255.409
31.4951 255.414
31.4861 255.414
31.4816 255.414
31.4591 255.414
31.4366 255.414
31.4321 255.414
31.4097 255.409
31.3827 255.386
31.3692 255.374
31.3467 255.352
31.3377 255.34
31.3197 255.306
31.3197 255.243
31.3197 255.186
31.3197 255.18
31.3197 255.175
31.3197 255.169
31.3377 255.146
31.3467 255.135
31.3872 255.112
31.4007 255.112
31.4501 255.112
31.4591 255.112
31.4636 255.112
31.4816 255.123
31.4996 255.135
31.5131 255.146
31.5176 255.152
31.5266 255.175
31.5311 255.22
31.5311 255.232
SUA22_0

0
0 60003 51710 51715
0 0 0 1
33
31.5311 255.186
31.5311 255.312
31.5311 255.335
31.5086 255.392
31.4906 255.414
31.4861 255.414
31.4816 255.414
31.4726 255.414
31.4411 255.414
31.4321 255.414
31.4231 255.409
31.3962 255.392
31.3827 255.38
31.3467 255.346
31.3062 255.283
31.3062 255.277
31.3062 255.272
31.3062 255.243
31.3062 255.232
31.3062 255.22
31.3197 255.175
31.3287 255.152
31.3422 255.14
31.3962 255.118
31.4007 255.118
31.4142 255.118
31.4501 255.118
31.4636 255.118
31.4726 255.118
31.5221 255.129
31.5311 255.163
31.5311 255.169
31.5311 255.186
SUA23_0

0
0 60003 51715 51720
0 0 0 1
32
31.5356 255.277
31.5356 255.283
31.5356 255.289
31.5266 255.335
31.5221 255.346
31.4906 255.414
31.4456 255.414
31.4366 255.414
31.4142 255.409
31.3962 255.397
31.3602 255.352
31.3557 255.346
31.3287 255.3
31.3242 255.289
31.3197 255.272
31.3197 255.266
31.3197 255.238
31.3197 255.22
31.3197 255.18
31.3197 255.175
31.3242 255.169
31.3467 255.146
31.3782 255.129
31.4007 255.118
31.4321 255.118
31.4771 255.118
31.4861 255.118
31.4906 255.118
31.5131 255.135
31.5356 255.226
31.5356 255.255
31.5356 255.277
SUA24_0

0
0 60003 51720 51725
0 0 0 1
29
31.5266 255.277
31.5266 255.295
31.5266 255.306
31.5221 255.335
31.5131 255.369
31.4951 255.397
31.4861 255.409
31.4771 255.414
31.4636 255.414
31.4546 255.414
31.4276 255.414
31.4231 255.414
31.3557 255.352
31.3197 255.3
31.3152 255.249
31.3152 255.209
31.3152 255.192
31.3152 255.186
31.3287 255.163
31.3467 255.152
31.4007 255.123
31.4142 255.123
31.4187 255.123
31.4996 255.123
31.5086 255.135
31.5176 255.158
31.5266 255.232
31.5266 255.249
31.5266 255.277
SUA25_0

0
0 60003 51725 51730
0 0 0 1
30
31.5266 255.283
31.5266 255.323
31.5221 255.34
31.4951 255.403
31.4906 255.403
31.4681 255.403
31.4546 255.403
31.4456 255.403
31.4321 255.403
31.4186 255.397
31.3557 255.346
31.3467 255.335
31.3332 255.306
31.3287 255.295
31.3197 255.255
31.3197 255.198
31.3197 255.192
31.3332 255.163
31.4007 255.123
31.4142 255.123
31.4411 255.123
31.4456 255.123
31.4726 255.123
31.4771 255.123
31.5041 255.14
31.5131 255.152
31.5266 255.238
31.5266 255.249
31.5266 255.266
31.5266 255.283
SUA26_0

0
0 60003 51730 51735
0 0 0 1
32
31.5221 255.312
31.5221 255.317
31.5086 255.363
31.4951 255.397
31.4816 255.409
31.4771 255.409
31.4411 255.409
31.4366 255.409
31.4321 255.409
31.3962 255.386
31.3917 255.38
31.3512 255.323
31.3287 255.277
31.3287 255.272
31.3287 255.255
31.3287 255.215
31.3287 255.198
31.3287 255.18
31.3467 255.163
31.4007 255.129
31.4097 255.129
31.4321 255.129
31.4456 255.129
31.4546 255.129
31.4726 255.129
31.4906 255.135
31.4996 255.146
31.5131 255.18
31.5221 255.243
31.5221 255.249
31.5221 255.3
31.5221 255.312
SUA27_0

0
0 60003 51735 51740
0 0 0 1
31
31.5176 255.249
31.5176 255.266
31.5176 255.306
31.5176 255.317
31.5176 255.323
31.4951 255.386
31.4906 255.397
31.4726 255.403
31.4636 255.403
31.4411 255.403
31.4276 255.403
31.4232 255.403
31.3692 255.352
31.3287 255.289
31.3287 255.277
31.3287 255.243
31.3287 255.226
31.3287 255.22
31.3332 255.186
31.3422 255.175
31.3692 255.152
31.4187 255.135
31.4321 255.135
31.4366 255.135
31.4546 255.135
31.4726 255.135
31.4771 255.135
31.4906 255.14
31.5131 255.163
31.5176 255.243
31.5176 255.249
SUA28_0

0
0 60003 51740 51745
0 0 0 1
33
31.5176 255.3
31.5176 255.317
31.5131 255.335
31.4906 255.397
31.4816 255.397
31.4546 255.397
31.4456 255.397
31.4321 255.397
31.4276 255.397
31.4232 255.397
31.4097 255.386
31.3602 255.329
31.3377 255.289
31.3332 255.277
31.3332 255.238
31.3332 255.232
31.3332 255.209
31.3332 255.203
31.3332 255.198
31.3377 255.18
31.3422 255.175
31.3647 255.163
31.4232 255.14
31.4276 255.14
31.4771 255.14
31.4861 255.14
31.4906 255.14
31.4996 255.146
31.5041 255.152
31.5086 255.175
31.5176 255.255
31.5176 255.26
31.5176 255.3
SUA29_0

0
0 60003 51745 51750
0 0 0 1
34
31.5131 255.249
31.5131 255.255
31.5131 255.295
31.5131 255.306
31.5086 255.335
31.4951 255.38
31.4906 255.386
31.4906 255.386
31.4816 255.392
31.4726 255.397
31.4636 255.397
31.4456 255.397
31.4411 255.397
31.4366 255.397
31.4186 255.397
31.4097 255.386
31.3647 255.329
31.3377 255.283
31.3332 255.26
31.3332 255.255
31.3332 255.232
31.3332 255.192
31.3332 255.186
31.3602 255.169
31.3827 255.158
31.4052 255.146
31.4411 255.14
31.4636 255.14
31.4771 255.14
31.4906 255.14
31.5041 255.175
31.5131 255.238
31.5131 255.243
31.5131 255.249
SUA30_0

0
0 60003 51750 51755
0 0 0 1
32
31.5131 255.3
31.5131 255.317
31.4996 255.38
31.4951 255.386
31.4861 255.392
31.4816 255.392
31.4546 255.392
31.4321 255.392
31.4276 255.392
31.4231 255.392
31.3782 255.34
31.3782 255.34
31.3737 255.335
31.3377 255.277
31.3377 255.277
31.3332 255.266
31.3332 255.26
31.3332 255.232
31.3332 255.209
31.3332 255.203
31.3467 255.18
31.3557 255.175
31.4232 255.146
31.4276 255.146
31.4456 255.146
31.4681 255.146
31.4726 255.146
31.4861 255.146
31.4951 255.158
31.5131 255.255
31.5131 255.295
31.5131 255.3
SUA31_0

0
0 60003 51755 51760
0 0 0 1
33
31.5131 255.283
31.5131 255.323
31.5131 255.329
31.4906 255.392
31.4816 255.392
31.4726 255.392
31.4456 255.392
31.4366 255.392
31.4276 255.392
31.3782 255.335
31.3737 255.329
31.3647 255.317
31.3377 255.277
31.3332 255.266
31.3332 255.26
31.3332 255.243
31.3332 255.22
31.3332 255.215
31.3332 255.203
31.3377 255.198
31.3422 255.192
31.3557 255.18
31.3647 255.175
31.3962 255.158
31.4097 255.152
31.4186 255.152
31.4681 255.152
31.4816 255.152
31.4861 255.152
31.4996 255.158
31.5131 255.26
31.5131 255.266
31.5131 255.283
SUA32_0

0
0 60003 51760 51765
0 0 0 1
34
31.5086 255.306
31.5086 255.317
31.5086 255.323
31.4906 255.386
31.4861 255.392
31.4771 255.392
31.4636 255.392
31.4411 255.392
31.4321 255.392
31.4321 255.392
31.3782 255.335
31.3782 255.335
31.3737 255.329
31.3377 255.277
31.3377 255.249
31.3377 255.215
31.3377 255.209
31.3377 255.203
31.3377 255.203
31.3467 255.192
31.3557 255.186
31.4097 255.152
31.4142 255.152
31.4231 255.152
31.4276 255.152
31.4546 255.152
31.4591 255.152
31.4636 255.152
31.4906 255.158
31.4906 255.158
31.4996 255.169
31.5086 255.249
31.5086 255.266
31.5086 255.306
SUA33_0

0
0 60003 51765 51770
0 0 0 1
34
31.5086 255.283
31.5086 255.306
31.5086 255.323
31.4906 255.386
31.4861 255.392
31.4546 255.392
31.4411 255.392
31.4321 255.392
31.3962 255.352
31.3827 255.335
31.3422 255.283
31.3377 255.277
31.3377 255.26
31.3377 255.255
31.3377 255.238
31.3377 255.22
31.3377 255.215
31.3377 255.209
31.3377 255.209
31.3422 255.198
31.3512 255.192
31.3737 255.18
31.4097 255.163
31.4321 255.158
31.4366 255.158
31.4456 255.158
31.4771 255.158
31.4861 255.158
31.4906 255.158
31.4951 255.163
31.5086 255.249
31.5086 255.26
31.5086 255.266
31.5086 255.283
SUA34_0

0
0 60003 51770 51775
0 0 0 1
34
31.5086 255.295
31.5086 255.317
31.5086 255.323
31.5086 255.329
31.4906 255.386
31.4861 255.397
31.4861 255.397
31.4816 255.397
31.4771 255.397
31.4411 255.397
31.4366 255.397
31.4366 255.397
31.3962 255.357
31.3782 255.335
31.3692 255.323
31.3377 255.277
31.3377 255.277
31.3377 255.272
31.3377 255.266
31.3377 255.22
31.3377 255.215
31.3377 255.209
31.3422 255.203
31.3422 255.203
31.3512 255.198
31.3602 255.192
31.4097 255.163
31.4366 255.158
31.4591 255.158
31.4816 255.158
31.4861 255.158
31.4951 255.163
31.5086 255.255
31.5086 255.295
SUA35_0

0
0 60003 51775 51780
0 0 0 1
26
31.5131 255.283
31.5131 255.306
31.5131 255.335
31.4906 255.409
31.4861 255.409
31.4816 255.409
31.4726 255.409
31.4501 255.409
31.4411 255.409
31.3692 255.335
31.3332 255.277
31.3332 255.272
31.3332 255.249
31.3332 255.226
31.3332 255.215
31.3377 255.209
31.3602 255.192
31.4142 255.163
31.4636 255.163
31.4681 255.163
31.4906 255.163
31.4951 255.163
31.4996 255.169
31.5131 255.266
31.5131 255.277
31.5131 255.283
SUA36_0

0
0 60003 51780 51785
0 0 0 1
33
31.5176 255.34
31.5176 255.346
31.5176 255.346
31.4951 255.426
31.4906 255.426
31.4771 255.426
31.4501 255.426
31.4456 255.426
31.3782 255.357
31.3647 255.34
31.3287 255.289
31.3287 255.289
31.3287 255.283
31.3287 255.249
31.3287 255.226
31.3287 255.22
31.3332 255.215
31.3377 255.209
31.3377 255.209
31.3467 255.203
31.3602 255.198
31.3737 255.192
31.4321 255.169
31.4456 255.169
31.4546 255.169
31.4951 255.169
31.4996 255.169
31.4996 255.169
31.5041 255.175
31.5176 255.277
31.5176 255.283
31.5176 255.289
31.5176 255.34
SUA37_0

0
0 60003 51785 51790
0 0 0 1
25
31.5266 255.34
31.5266 255.352
31.5266 255.357
31.4996 255.449
31.4951 255.449
31.4591 255.449
31.4501 255.449
31.4007 255.397
31.3737 255.369
31.3197 255.289
31.3197 255.283
31.3197 255.249
31.3197 255.226
31.3242 255.215
31.3467 255.203
31.4411 255.163
31.4501 255.163
31.4816 255.163
31.5041 255.163
31.5086 255.163
31.5266 255.289
31.5266 255.295
31.5266 255.3
31.5266 255.323
31.5266 255.34
SUA38_0

0
0 60003 51790 51795
0 0 0 1
30
31.5311 255.335
31.5311 255.352
31.5311 255.357
31.4996 255.449
31.4996 255.449
31.4951 255.449
31.4771 255.449
31.4546 255.449
31.4501 255.449
31.4007 255.397
31.3737 255.369
31.3602 255.352
31.3197 255.289
31.3197 255.289
31.3197 255.283
31.3197 255.255
31.3197 255.226
31.3197 255.215
31.3287 255.209
31.3422 255.203
31.4546 255.158
31.4591 255.158
31.4771 255.158
31.4951 255.158
31.5041 255.158
31.5086 255.158
31.5086 255.158
31.5311 255.295
31.5311 255.306
31.5311 255.335
SUA39_0

0
0 60003 51795 51800
0 0 0 1
30
31.5311 255.312
31.5311 255.329
31.5311 255.357
31.4996 255.449
31.4996 255.449
31.4861 255.449
31.4771 255.449
31.4546 255.449
31.4501 255.449
31.4007 255.397
31.3737 255.369
31.3197 255.283
31.3197 255.277
31.3197 255.266
31.3197 255.26
31.3197 255.22
31.3197 255.215
31.3287 255.209
31.3422 255.203
31.4501 255.158
31.4501 255.158
31.4546 255.158
31.4726 255.158
31.4951 255.158
31.5041 255.158
31.5086 255.158
31.5086 255.158
31.5311 255.295
31.5311 255.3
31.5311 255.312
SUA40_0

0
0 60003 51800 51805
0 0 0 1
23
31.5266 255.295
31.5266 255.317
31.5266 255.346
31.4996 255.432
31.4726 255.432
31.4591 255.432
31.4501 255.432
31.3647 255.34
31.3242 255.277
31.3242 255.272
31.3242 255.22
31.3242 255.215
31.3242 255.215
31.3287 255.209
31.4501 255.158
31.4681 255.158
31.4726 255.158
31.4996 255.158
31.5041 255.158
31.5041 255.158
31.5266 255.283
31.5266 255.289
31.5266 255.295
SUA41_0

0
0 60003 51805 51810
0 0 0 1
24
31.5131 255.266
31.5131 255.3
31.5131 255.329
31.4906 255.403
31.4681 255.403
31.4456 255.403
31.4411 255.403
31.3692 255.323
31.3332 255.272
31.3332 255.266
31.3332 255.243
31.3332 255.226
31.3332 255.215
31.3332 255.209
31.3422 255.203
31.3557 255.198
31.4411 255.163
31.4411 255.163
31.4456 255.163
31.4771 255.163
31.4951 255.163
31.4996 255.163
31.5131 255.26
31.5131 255.266
SUA42_0

0
0 60003 51810 51815
0 0 0 1
29
31.5041 255.277
31.5041 255.295
31.5041 255.306
31.5041 255.312
31.4861 255.374
31.4816 255.374
31.4726 255.374
31.4636 255.374
31.4411 255.374
31.4366 255.374
31.4007 255.34
31.3737 255.312
31.3467 255.266
31.3467 255.26
31.3467 255.255
31.3467 255.249
31.3467 255.226
31.3467 255.209
31.3467 255.203
31.3557 255.198
31.4411 255.163
31.4411 255.163
31.4456 255.163
31.4726 255.163
31.4861 255.163
31.4906 255.163
31.4906 255.163
31.5041 255.249
31.5041 255.277
SUA43_0

0
0 60003 51815 51820
0 0 0 1
23
31.4906 255.295
31.4906 255.3
31.4771 255.346
31.4726 255.346
31.4366 255.346
31.4321 255.346
31.4276 255.346
31.3872 255.3
31.3827 255.295
31.3602 255.26
31.3602 255.198
31.4142 255.175
31.4276 255.169
31.4321 255.169
31.4366 255.169
31.4501 255.169
31.4636 255.169
31.4681 255.169
31.4771 255.169
31.4816 255.169
31.4906 255.238
31.4906 255.249
31.4906 255.295
SUA44_0

0
0 60003 51820 51825
0 0 0 1
25
31.4771 255.238
31.4771 255.272
31.4771 255.283
31.4636 255.312
31.4636 255.312
31.4546 255.312
31.4411 255.312
31.4186 255.312
31.4142 255.312
31.3917 255.289
31.3872 255.283
31.3692 255.26
31.3692 255.243
31.3692 255.215
31.3692 255.209
31.3692 255.203
31.3692 255.198
31.3737 255.192
31.4142 255.175
31.4411 255.175
31.4591 255.175
31.4636 255.175
31.4681 255.175
31.4771 255.22
31.4771 255.238
SUA45_0

0
0 60003 51825 51830
0 0 0 1
20
31.4636 255.226
31.4636 255.266
31.4636 255.283
31.4591 255.3
31.4456 255.3
31.4366 255.3
31.4276 255.3
31.4097 255.3
31.3782 255.26
31.3782 255.255
31.3782 255.209
31.3782 255.203
31.3782 255.198
31.4097 255.18
31.4141 255.18
31.4186 255.18
31.4591 255.18
31.4636 255.198
31.4636 255.209
31.4636 255.226
