SUA0_0

0
0 60003 71400 71405
0 0 0 1
18
31.9494 257.791
31.9494 257.802
31.9494 257.819
31.9494 257.825
31.9494 257.831
31.9494 257.831
31.9045 257.831
31.9 257.831
31.8955 257.831
31.891 257.825
31.891 257.819
31.891 257.768
31.891 257.762
31.8955 257.762
31.9179 257.762
31.9449 257.762
31.9494 257.762
31.9494 257.791
SUA1_0

0
0 60003 71405 71410
0 0 0 1
23
31.9539 257.819
31.9539 257.825
31.9494 257.831
31.9494 257.831
31.9449 257.831
31.9269 257.831
31.9045 257.831
31.8955 257.831
31.891 257.831
31.8865 257.825
31.8865 257.819
31.8865 257.814
31.8865 257.808
31.8865 257.779
31.8865 257.756
31.891 257.751
31.9179 257.751
31.9269 257.751
31.9359 257.751
31.9404 257.751
31.9494 257.756
31.9539 257.762
31.9539 257.819
SUA2_0

0
0 60003 71410 71415
0 0 0 1
20
31.9494 257.762
31.9494 257.819
31.9494 257.825
31.9494 257.831
31.9359 257.831
31.9314 257.831
31.9269 257.831
31.9 257.831
31.882 257.825
31.882 257.825
31.882 257.808
31.882 257.756
31.882 257.751
31.891 257.745
31.8955 257.745
31.9045 257.745
31.9404 257.745
31.9449 257.745
31.9494 257.751
31.9494 257.762
SUA3_0

0
0 60003 71415 71420
0 0 0 1
28
31.9494 257.768
31.9494 257.802
31.9494 257.814
31.9494 257.819
31.9494 257.819
31.9449 257.825
31.9449 257.825
31.9404 257.825
31.9179 257.825
31.909 257.825
31.8955 257.825
31.891 257.825
31.882 257.825
31.882 257.825
31.8775 257.819
31.8775 257.819
31.8775 257.808
31.8775 257.756
31.8775 257.751
31.8775 257.745
31.882 257.739
31.8865 257.739
31.9135 257.739
31.9404 257.739
31.9449 257.739
31.9494 257.756
31.9494 257.762
31.9494 257.768
SUA4_0

0
0 60003 71420 71425
0 0 0 1
26
31.9494 257.796
31.9494 257.808
31.9494 257.814
31.9449 257.819
31.9404 257.825
31.9404 257.825
31.9314 257.825
31.9 257.825
31.891 257.825
31.8775 257.819
31.8775 257.814
31.8775 257.808
31.8775 257.802
31.8775 257.796
31.8775 257.768
31.8775 257.756
31.8775 257.745
31.882 257.739
31.8865 257.734
31.9 257.734
31.9404 257.734
31.9449 257.734
31.9449 257.734
31.9494 257.751
31.9494 257.785
31.9494 257.796
SUA5_0

0
0 60003 71425 71430
0 0 0 1
26
31.9539 257.728
31.9539 257.796
31.9539 257.802
31.9494 257.814
31.9449 257.819
31.9404 257.825
31.9404 257.825
31.9404 257.825
31.9359 257.825
31.9269 257.825
31.9224 257.825
31.8955 257.825
31.891 257.825
31.891 257.825
31.8865 257.819
31.882 257.808
31.882 257.802
31.882 257.785
31.882 257.745
31.882 257.739
31.882 257.734
31.8865 257.728
31.891 257.722
31.9404 257.722
31.9494 257.722
31.9539 257.728
SUA6_0

0
0 60003 71430 71435
0 0 0 1
32
31.9584 257.796
31.9539 257.808
31.9539 257.808
31.9494 257.814
31.9449 257.819
31.9314 257.819
31.9224 257.819
31.8955 257.819
31.891 257.819
31.891 257.819
31.8865 257.814
31.882 257.802
31.882 257.791
31.882 257.756
31.882 257.745
31.882 257.734
31.882 257.734
31.8865 257.722
31.891 257.717
31.8955 257.717
31.9 257.717
31.9045 257.717
31.9179 257.717
31.9224 257.717
31.9449 257.717
31.9494 257.717
31.9539 257.717
31.9584 257.722
31.9584 257.728
31.9584 257.739
31.9584 257.768
31.9584 257.796
SUA7_0

0
0 60003 71435 71440
0 0 0 1
28
31.9674 257.774
31.9674 257.785
31.9584 257.802
31.9539 257.808
31.9494 257.814
31.9449 257.819
31.9359 257.819
31.9314 257.819
31.9224 257.819
31.8955 257.819
31.891 257.819
31.8865 257.802
31.8865 257.791
31.8865 257.734
31.8865 257.728
31.8865 257.722
31.8865 257.722
31.891 257.717
31.9045 257.711
31.909 257.711
31.9179 257.711
31.9359 257.711
31.9539 257.711
31.9584 257.711
31.9674 257.722
31.9674 257.734
31.9674 257.751
31.9674 257.774
SUA8_0

0
0 60003 71440 71445
0 0 0 1
23
31.9764 257.779
31.9764 257.785
31.9764 257.791
31.9584 257.808
31.9494 257.814
31.9449 257.814
31.9045 257.814
31.8955 257.814
31.8865 257.791
31.8865 257.734
31.8865 257.728
31.891 257.717
31.891 257.717
31.9134 257.705
31.9224 257.705
31.9314 257.705
31.9584 257.705
31.9629 257.705
31.9719 257.711
31.9764 257.717
31.9764 257.722
31.9764 257.745
31.9764 257.779
SUA9_0

0
0 60003 71445 71450
0 0 0 1
29
31.9854 257.774
31.9854 257.779
31.9854 257.785
31.9809 257.791
31.9764 257.796
31.9629 257.808
31.9404 257.808
31.909 257.808
31.9045 257.808
31.9045 257.808
31.9 257.802
31.8955 257.796
31.891 257.785
31.891 257.779
31.891 257.774
31.891 257.745
31.891 257.722
31.891 257.717
31.9134 257.705
31.9135 257.705
31.9179 257.705
31.9314 257.705
31.9494 257.705
31.9674 257.705
31.9764 257.705
31.9809 257.705
31.9854 257.717
31.9854 257.722
31.9854 257.774
SUA10_0

0
0 60003 71450 71455
0 0 0 1
24
31.9944 257.791
31.9899 257.796
31.9719 257.814
31.9629 257.814
31.9539 257.814
31.9269 257.814
31.9224 257.814
31.9179 257.814
31.909 257.808
31.8955 257.779
31.8955 257.774
31.8955 257.762
31.8955 257.745
31.8955 257.717
31.8955 257.717
31.9045 257.711
31.9269 257.699
31.9539 257.699
31.9764 257.699
31.9809 257.699
31.9899 257.711
31.9944 257.717
31.9944 257.734
31.9944 257.791
SUA11_0

0
0 60003 71455 71460
0 0 0 1
25
32.0079 257.779
32.0079 257.785
31.9989 257.802
31.9809 257.814
31.9764 257.814
31.9404 257.814
31.9314 257.814
31.9224 257.814
31.9179 257.814
31.9134 257.808
31.909 257.796
31.9045 257.779
31.9045 257.774
31.9045 257.768
31.9045 257.722
31.9045 257.711
31.9269 257.699
31.9359 257.699
31.9404 257.699
31.9899 257.699
31.9944 257.699
32.0034 257.711
32.0079 257.722
32.0079 257.728
32.0079 257.779
SUA12_0

0
0 60003 71460 71465
0 0 0 1
27
32.0169 257.751
32.0169 257.774
32.0169 257.785
32.0169 257.791
32.0124 257.796
31.9899 257.819
31.9809 257.819
31.9674 257.819
31.9584 257.819
31.9314 257.819
31.9314 257.819
31.9269 257.814
31.9224 257.808
31.9179 257.796
31.909 257.774
31.9089 257.751
31.9089 257.728
31.909 257.717
31.909 257.711
31.9359 257.699
31.9449 257.699
31.9584 257.699
31.9674 257.699
32.0034 257.699
32.0169 257.717
32.0169 257.722
32.0169 257.751
SUA13_0

0
0 60003 71465 71470
0 0 0 1
26
32.0259 257.734
32.0259 257.785
32.0259 257.791
32.0169 257.808
31.9989 257.825
31.9989 257.825
31.9854 257.825
31.9719 257.825
31.9539 257.825
31.9404 257.825
31.9359 257.819
31.9314 257.814
31.9269 257.802
31.9179 257.779
31.9179 257.774
31.9179 257.717
31.9179 257.711
31.9404 257.699
31.9674 257.694
31.9809 257.694
32.0079 257.694
32.0124 257.694
32.0169 257.694
32.0259 257.711
32.0259 257.722
32.0259 257.734
SUA14_0

0
0 60003 71470 71475
0 0 0 1
32
32.0349 257.751
32.0349 257.762
32.0349 257.779
32.0349 257.791
32.0349 257.796
32.0304 257.808
32.0079 257.831
31.9629 257.831
31.9539 257.831
31.9449 257.825
31.9449 257.825
31.9404 257.819
31.9314 257.802
31.9269 257.779
31.9269 257.774
31.9269 257.762
31.9269 257.745
31.9269 257.717
31.9269 257.711
31.9269 257.711
31.9539 257.699
31.9674 257.694
31.9674 257.694
31.9719 257.694
31.9854 257.694
32.0079 257.694
32.0124 257.694
32.0214 257.694
32.0259 257.694
32.0349 257.699
32.0349 257.717
32.0349 257.751
SUA15_0

0
0 60003 71475 71480
0 0 0 1
32
32.0484 257.785
32.0484 257.791
32.0439 257.802
32.0394 257.814
32.0169 257.836
32.0079 257.836
31.9989 257.836
31.9719 257.836
31.9674 257.836
31.9629 257.836
31.9539 257.831
31.9494 257.825
31.9404 257.808
31.9314 257.779
31.9314 257.774
31.9314 257.751
31.9314 257.739
31.9314 257.722
31.9314 257.711
31.9674 257.694
31.9719 257.694
31.9809 257.694
32.0169 257.694
32.0304 257.694
32.0349 257.694
32.0394 257.694
32.0439 257.705
32.0484 257.717
32.0484 257.722
32.0484 257.734
32.0484 257.739
32.0484 257.785
SUA16_0

0
0 60003 71480 71485
0 0 0 1
25
32.0574 257.791
32.0574 257.802
32.0529 257.819
32.0304 257.842
32.0259 257.842
32.0034 257.842
31.9944 257.842
31.9764 257.842
31.9719 257.842
31.9629 257.836
31.9494 257.808
31.9404 257.779
31.9404 257.774
31.9404 257.762
31.9404 257.722
31.9404 257.717
31.9404 257.711
31.9809 257.694
31.9854 257.694
32.0124 257.694
32.0349 257.694
32.0439 257.694
32.0484 257.694
32.0574 257.711
32.0574 257.791
SUA17_0

0
0 60003 71485 71490
0 0 0 1
33
32.0754 257.751
32.0754 257.756
32.0754 257.791
32.0709 257.802
32.0709 257.802
32.0619 257.819
32.0394 257.848
32.0394 257.848
32.0304 257.848
32.0214 257.848
31.9989 257.848
31.9899 257.848
31.9854 257.848
31.9719 257.842
31.9584 257.814
31.9449 257.774
31.9449 257.768
31.9449 257.762
31.9449 257.717
31.9449 257.711
31.9854 257.694
31.9899 257.694
32.0034 257.694
32.0394 257.694
32.0439 257.694
32.0574 257.694
32.0619 257.694
32.0754 257.705
32.0754 257.711
32.0754 257.722
32.0754 257.739
32.0754 257.745
32.0754 257.751
SUA18_0

0
0 60003 71490 71495
0 0 0 1
29
32.0844 257.751
32.0844 257.785
32.0844 257.796
32.0754 257.825
32.0484 257.854
32.0439 257.854
32.0304 257.854
32.0034 257.854
31.9989 257.854
31.9944 257.854
31.9854 257.848
31.9809 257.842
31.9674 257.814
31.9539 257.774
31.9539 257.722
31.9539 257.711
32.0124 257.688
32.0124 257.688
32.0169 257.688
32.0439 257.688
32.0574 257.688
32.0664 257.688
32.0709 257.688
32.0754 257.694
32.0798 257.699
32.0843 257.705
32.0844 257.711
32.0844 257.734
32.0844 257.751
SUA19_0

0
0 60003 71495 71500
0 0 0 1
34
32.1023 257.722
32.1023 257.734
32.1023 257.756
32.1023 257.774
32.1023 257.779
32.0978 257.808
32.0844 257.831
32.0843 257.831
32.0574 257.859
32.0529 257.859
32.0484 257.859
32.0259 257.859
32.0169 257.859
32.0079 257.859
32.0034 257.859
31.9944 257.854
31.9764 257.819
31.9674 257.779
31.9674 257.756
31.9674 257.728
31.9674 257.711
31.9674 257.711
32.0169 257.688
32.0259 257.688
32.0304 257.688
32.0349 257.688
32.0709 257.688
32.0754 257.688
32.0799 257.688
32.0888 257.694
32.0933 257.699
32.0978 257.705
32.1023 257.717
32.1023 257.722
SUA20_0

0
0 60003 71500 71505
0 0 0 1
28
32.1158 257.717
32.1158 257.734
32.1158 257.796
32.1158 257.802
32.1113 257.814
32.0978 257.836
32.0664 257.871
32.0619 257.871
32.0574 257.871
32.0349 257.871
32.0259 257.871
32.0214 257.871
32.0169 257.871
32.0079 257.865
32.0034 257.859
31.9989 257.854
31.9719 257.779
31.9719 257.779
31.9719 257.717
31.9719 257.711
32.0214 257.688
32.0394 257.688
32.0754 257.688
32.0888 257.688
32.1068 257.688
32.1158 257.699
32.1158 257.705
32.1158 257.717
SUA21_0

0
0 60003 71505 71510
0 0 0 1
25
32.1293 257.705
32.1293 257.739
32.1293 257.819
32.1113 257.842
32.0754 257.876
32.0664 257.876
32.0529 257.876
32.0259 257.876
32.0214 257.876
32.0079 257.865
31.9944 257.825
31.9809 257.779
31.9809 257.779
31.9809 257.774
31.9809 257.762
31.9809 257.751
31.9809 257.717
31.9809 257.711
32.0304 257.688
32.0349 257.688
32.0439 257.688
32.0709 257.688
32.1203 257.688
32.1293 257.694
32.1293 257.705
SUA22_0

0
0 60003 71510 71515
0 0 0 1
28
32.1473 257.791
32.1473 257.808
32.1473 257.819
32.1203 257.848
32.0843 257.882
32.0484 257.882
32.0349 257.882
32.0304 257.882
32.0214 257.876
32.0214 257.876
32.0034 257.831
31.9854 257.779
31.9854 257.751
31.9854 257.734
31.9854 257.722
31.9854 257.717
31.9854 257.717
31.9944 257.711
32.0484 257.682
32.0619 257.682
32.0754 257.682
32.0843 257.682
32.0933 257.682
32.0978 257.682
32.1338 257.688
32.1473 257.699
32.1473 257.728
32.1473 257.791
SUA23_0

0
0 60003 71515 71520
0 0 0 1
28
32.1788 257.751
32.1788 257.785
32.1743 257.831
32.1608 257.842
32.0933 257.882
32.0933 257.882
32.0888 257.882
32.0574 257.882
32.0394 257.882
32.0349 257.882
32.0304 257.876
32.0169 257.842
32.0124 257.831
31.9944 257.779
31.9944 257.779
31.9944 257.774
31.9944 257.762
31.9944 257.728
31.9944 257.717
31.9944 257.717
32.0529 257.688
32.0709 257.682
32.1158 257.682
32.1563 257.682
32.1743 257.699
32.1788 257.722
32.1788 257.728
32.1788 257.751
SUA24_0

0
0 60003 71520 71525
0 0 0 1
25
32.2058 257.814
32.2058 257.819
32.1923 257.836
32.1113 257.876
32.0933 257.882
32.0798 257.882
32.0439 257.882
32.0394 257.882
32.0034 257.785
32.0034 257.768
32.0034 257.728
32.0034 257.722
32.0079 257.717
32.0664 257.688
32.0888 257.682
32.0978 257.682
32.1023 257.682
32.1473 257.682
32.1563 257.682
32.1608 257.682
32.2013 257.688
32.2058 257.751
32.2058 257.756
32.2058 257.768
32.2058 257.814
SUA25_0

0
0 60003 71525 71530
0 0 0 1
29
32.2328 257.796
32.2328 257.802
32.2193 257.831
32.1968 257.842
32.1068 257.876
32.0888 257.876
32.0709 257.876
32.0619 257.876
32.0574 257.876
32.0529 257.876
32.0214 257.785
32.0214 257.774
32.0214 257.739
32.0214 257.734
32.0214 257.722
32.0214 257.722
32.0394 257.711
32.0843 257.688
32.1563 257.671
32.1608 257.671
32.1833 257.671
32.1968 257.671
32.2058 257.671
32.2103 257.671
32.2148 257.677
32.2238 257.699
32.2328 257.739
32.2328 257.774
32.2328 257.796
SUA26_0

0
0 60003 71530 71535
0 0 0 1
30
32.2508 257.751
32.2508 257.779
32.2508 257.796
32.2507 257.802
32.2463 257.831
32.2103 257.865
32.2058 257.865
32.0843 257.865
32.0799 257.865
32.0709 257.865
32.0664 257.859
32.0529 257.831
32.0394 257.791
32.0394 257.785
32.0394 257.756
32.0394 257.728
32.0394 257.722
32.0394 257.722
32.0484 257.717
32.1383 257.671
32.1653 257.665
32.1698 257.665
32.1743 257.665
32.1968 257.665
32.2148 257.665
32.2193 257.665
32.2418 257.682
32.2463 257.699
32.2508 257.739
32.2508 257.751
SUA27_0

0
0 60003 71535 71540
0 0 0 1
31
32.2822 257.705
32.2822 257.734
32.2822 257.762
32.2822 257.774
32.2777 257.802
32.2687 257.825
32.2597 257.842
32.2463 257.865
32.2418 257.865
32.2373 257.865
32.1923 257.865
32.1788 257.865
32.0888 257.859
32.0798 257.854
32.0304 257.791
32.0304 257.774
32.0304 257.762
32.0304 257.739
32.0304 257.728
32.0484 257.688
32.0753 257.659
32.1518 257.654
32.1563 257.654
32.1698 257.654
32.1968 257.654
32.2013 257.654
32.2328 257.659
32.2508 257.671
32.2732 257.688
32.2777 257.694
32.2822 257.705
SUA28_0

0
0 60003 71540 71545
0 0 0 1
36
32.2777 257.756
32.2777 257.768
32.2777 257.796
32.2777 257.814
32.2777 257.819
32.2777 257.825
32.2777 257.831
32.2552 257.848
32.2462 257.853
32.2238 257.865
32.1743 257.882
32.1518 257.888
32.1248 257.888
32.1068 257.888
32.1023 257.888
32.0709 257.876
32.0484 257.859
32.0349 257.825
32.0304 257.814
32.0214 257.756
32.0214 257.728
32.0214 257.705
32.0214 257.694
32.0394 257.671
32.0798 257.625
32.0844 257.625
32.1203 257.625
32.1293 257.625
32.1968 257.637
32.2148 257.642
32.2418 257.659
32.2507 257.665
32.2552 257.671
32.2642 257.694
32.2777 257.739
32.2777 257.756
SUA29_0

0
0 60003 71545 71550
0 0 0 1
33
32.3182 257.659
32.3182 257.694
32.3182 257.711
32.3182 257.717
32.3092 257.819
32.3047 257.831
32.3002 257.836
32.2867 257.853
32.2552 257.882
32.1698 257.893
32.1563 257.893
32.1518 257.893
32.1338 257.893
32.1158 257.893
32.0888 257.893
32.0754 257.893
32.0709 257.893
32.0259 257.848
32.0124 257.831
32.0124 257.774
32.0124 257.699
32.0169 257.688
32.0394 257.654
32.0844 257.614
32.0933 257.614
32.0978 257.614
32.1068 257.614
32.1203 257.614
32.1338 257.614
32.2283 257.62
32.2642 257.631
32.3182 257.654
32.3182 257.659
SUA30_0

0
0 60003 71550 71555
0 0 0 1
35
32.3542 257.739
32.3542 257.762
32.3542 257.768
32.3542 257.774
32.3452 257.859
32.3272 257.893
32.2552 257.911
32.2507 257.911
32.2328 257.911
32.2283 257.911
32.1428 257.911
32.0754 257.911
32.0709 257.911
32.0394 257.876
31.9944 257.814
31.9944 257.722
32.0079 257.659
32.0394 257.62
32.0709 257.591
32.0754 257.591
32.0978 257.591
32.1158 257.591
32.1248 257.591
32.1293 257.591
32.2193 257.602
32.2552 257.608
32.2912 257.62
32.3047 257.625
32.3227 257.637
32.3362 257.648
32.3452 257.671
32.3542 257.711
32.3542 257.717
32.3542 257.722
32.3542 257.739
SUA31_0

0
0 60003 71555 71560
0 0 0 1
28
32.3992 257.659
32.3992 257.694
32.3992 257.705
32.3992 257.711
32.3992 257.722
32.3947 257.888
32.3452 257.933
32.3407 257.933
32.3317 257.933
32.2912 257.933
32.2373 257.933
32.2328 257.933
32.0619 257.911
31.9854 257.825
31.9854 257.711
31.9899 257.654
32.0259 257.597
32.0349 257.591
32.0709 257.574
32.1023 257.568
32.1068 257.568
32.1293 257.568
32.1338 257.568
32.2283 257.568
32.2687 257.568
32.2732 257.568
32.3407 257.58
32.3992 257.659
SUA32_0

0
0 60003 71560 71565
0 0 0 1
26
32.4441 257.728
32.4441 257.756
32.4441 257.762
32.4171 257.888
32.3542 257.928
32.2912 257.939
32.2822 257.939
32.2462 257.939
32.2418 257.939
32.0754 257.933
31.9809 257.871
31.9764 257.739
31.9764 257.728
31.9764 257.694
31.9764 257.682
31.9764 257.677
32.0079 257.614
32.0664 257.557
32.0709 257.557
32.1113 257.557
32.1338 257.557
32.3587 257.58
32.4216 257.642
32.4441 257.699
32.4441 257.717
32.4441 257.728
SUA33_0

0
0 60003 71565 71570
0 0 0 1
27
32.4351 257.774
32.4351 257.814
32.4351 257.819
32.4127 257.853
32.3272 257.951
32.3092 257.951
32.2777 257.951
32.0933 257.922
32.0439 257.865
31.9764 257.728
31.9764 257.722
31.9764 257.705
31.9764 257.688
31.9764 257.671
31.9764 257.665
32.0439 257.614
32.0798 257.591
32.2507 257.562
32.2552 257.562
32.2822 257.562
32.2912 257.562
32.3002 257.562
32.3677 257.591
32.4037 257.659
32.4351 257.756
32.4351 257.762
32.4351 257.774
SUA48_0

0
0 60003 71640 71645
0 0 0 1
17
32.4082 257.745
32.4082 257.779
32.4082 257.791
32.4082 257.802
32.3812 257.802
32.3677 257.802
32.3632 257.802
32.3587 257.802
32.3587 257.796
32.3587 257.774
32.3587 257.745
32.3587 257.739
32.3632 257.739
32.3767 257.739
32.4037 257.739
32.4082 257.739
32.4082 257.745
SUA49_0

0
0 60003 71645 71650
0 0 0 1
24
32.4666 257.717
32.4666 257.756
32.4666 257.762
32.4441 257.842
32.3632 257.899
32.1608 257.905
32.1563 257.905
32.1428 257.905
32.1338 257.905
32.1158 257.905
32.1113 257.905
32.1113 257.899
32.1113 257.859
32.1113 257.842
32.2508 257.671
32.3227 257.642
32.3272 257.642
32.3317 257.642
32.4082 257.642
32.4172 257.642
32.4216 257.642
32.4666 257.699
32.4666 257.705
32.4666 257.717
SUA50_0

0
0 60003 71650 71655
0 0 0 1
31
32.5071 257.779
32.5071 257.785
32.5071 257.791
32.5026 257.819
32.4801 257.899
32.4441 257.939
32.4126 257.968
32.4037 257.968
32.3947 257.968
32.3677 257.968
32.3632 257.968
32.1923 257.962
32.1338 257.945
32.0664 257.876
32.0619 257.751
32.0619 257.745
32.0619 257.739
32.0619 257.694
32.0619 257.688
32.1068 257.602
32.3362 257.557
32.3497 257.557
32.3812 257.557
32.3857 257.557
32.4531 257.568
32.4711 257.597
32.4981 257.671
32.5071 257.728
32.5071 257.734
32.5071 257.751
32.5071 257.779
SUA51_0

0
0 60003 71655 71660
0 0 0 1
27
32.5521 257.779
32.5521 257.802
32.4846 257.939
32.4261 257.968
32.2238 257.973
32.1878 257.973
32.1788 257.973
32.1743 257.973
32.1293 257.928
32.0888 257.871
32.0529 257.819
32.0529 257.808
32.0529 257.774
32.0529 257.756
32.0529 257.711
32.0529 257.699
32.0664 257.642
32.1068 257.58
32.1698 257.562
32.3452 257.545
32.3812 257.545
32.3902 257.545
32.3947 257.545
32.4441 257.562
32.5386 257.659
32.5521 257.739
32.5521 257.779
SUA52_0

0
0 60003 71660 71665
0 0 0 1
34
32.5431 257.751
32.5431 257.791
32.5386 257.848
32.5296 257.876
32.5206 257.899
32.4621 257.951
32.4037 257.968
32.3992 257.968
32.3767 257.968
32.1788 257.968
32.1743 257.968
32.1158 257.939
32.0349 257.802
32.0349 257.796
32.0349 257.791
32.0349 257.768
32.0349 257.762
32.0349 257.745
32.0349 257.739
32.0619 257.631
32.1473 257.551
32.1698 257.551
32.3902 257.551
32.4082 257.551
32.4216 257.551
32.4261 257.551
32.4576 257.568
32.4756 257.58
32.4981 257.602
32.5161 257.625
32.5431 257.682
32.5431 257.688
32.5431 257.705
32.5431 257.751
SUA53_0

0
0 60003 71665 71670
0 0 0 1
34
32.5476 257.768
32.5476 257.802
32.5476 257.808
32.5476 257.814
32.5116 257.899
32.4936 257.933
32.4486 257.956
32.4216 257.968
32.4171 257.968
32.3857 257.968
32.2148 257.968
32.2013 257.968
32.1968 257.968
32.1518 257.956
32.0843 257.916
32.0484 257.825
32.0484 257.819
32.0484 257.796
32.0484 257.768
32.0484 257.762
32.0574 257.711
32.0843 257.642
32.1338 257.568
32.1653 257.562
32.3317 257.557
32.3542 257.557
32.3992 257.557
32.4037 257.557
32.4666 257.568
32.5116 257.631
32.5296 257.671
32.5476 257.717
32.5476 257.745
32.5476 257.768
SUA54_0

0
0 60003 71670 71675
0 0 0 1
36
32.5386 257.808
32.5386 257.819
32.5386 257.825
32.5386 257.831
32.5161 257.899
32.5116 257.905
32.4711 257.939
32.4396 257.962
32.4306 257.968
32.4082 257.968
32.4037 257.968
32.3902 257.968
32.3812 257.968
32.1878 257.962
32.1428 257.945
32.1203 257.922
32.0664 257.836
32.0529 257.779
32.0529 257.728
32.0529 257.717
32.0619 257.671
32.1113 257.597
32.1743 257.557
32.1833 257.557
32.3632 257.557
32.3992 257.557
32.4216 257.562
32.4576 257.58
32.4846 257.597
32.5026 257.614
32.5296 257.659
32.5341 257.682
32.5386 257.717
32.5386 257.722
32.5386 257.779
32.5386 257.808
SUA55_0

0
0 60003 71675 71680
0 0 0 1
40
32.5341 257.751
32.5341 257.779
32.5341 257.785
32.5341 257.791
32.5341 257.796
32.5296 257.825
32.5251 257.842
32.5161 257.865
32.4846 257.933
32.4666 257.951
32.3767 257.956
32.3677 257.956
32.3317 257.956
32.3272 257.956
32.1923 257.951
32.1428 257.945
32.1203 257.933
32.0888 257.905
32.0754 257.876
32.0709 257.854
32.0619 257.802
32.0619 257.796
32.0619 257.791
32.0619 257.751
32.0619 257.734
32.0619 257.722
32.0799 257.648
32.0978 257.614
32.1293 257.585
32.1608 257.574
32.1878 257.568
32.3452 257.562
32.3587 257.562
32.3812 257.562
32.3947 257.562
32.4576 257.585
32.4981 257.608
32.5296 257.659
32.5341 257.722
32.5341 257.751
SUA56_0

0
0 60003 71680 71685
0 0 0 1
39
32.5341 257.711
32.5341 257.756
32.5341 257.796
32.5341 257.808
32.5341 257.814
32.5251 257.871
32.5116 257.893
32.4936 257.911
32.4306 257.956
32.3812 257.962
32.3767 257.962
32.3542 257.962
32.3497 257.962
32.3362 257.962
32.3317 257.962
32.2148 257.956
32.1788 257.951
32.1563 257.939
32.1428 257.928
32.1248 257.905
32.0799 257.848
32.0664 257.825
32.0664 257.785
32.0664 257.768
32.0664 257.762
32.0709 257.711
32.0978 257.625
32.1113 257.608
32.1698 257.574
32.3182 257.568
32.3272 257.568
32.3587 257.568
32.3677 257.568
32.4396 257.574
32.4756 257.602
32.5071 257.642
32.5341 257.699
32.5341 257.705
32.5341 257.711
SUA57_0

0
0 60003 71685 71690
0 0 0 1
41
32.5341 257.791
32.5341 257.802
32.5071 257.888
32.4666 257.928
32.4306 257.956
32.4216 257.956
32.4127 257.956
32.2463 257.956
32.2238 257.956
32.2193 257.956
32.2103 257.956
32.2058 257.956
32.1788 257.951
32.1473 257.928
32.1293 257.911
32.0933 257.859
32.0754 257.831
32.0709 257.762
32.0709 257.756
32.0709 257.734
32.0709 257.717
32.0709 257.705
32.0709 257.699
32.0888 257.654
32.1068 257.62
32.1203 257.614
32.1473 257.602
32.1608 257.597
32.1923 257.585
32.2283 257.58
32.3272 257.574
32.3632 257.574
32.3902 257.574
32.3992 257.574
32.4396 257.58
32.4711 257.602
32.5071 257.642
32.5251 257.694
32.5341 257.739
32.5341 257.751
32.5341 257.791
SUA58_0

0
0 60003 71690 71695
0 0 0 1
35
32.5251 257.802
32.5251 257.819
32.5251 257.825
32.4756 257.922
32.4216 257.956
32.4171 257.956
32.4082 257.956
32.3767 257.956
32.3587 257.956
32.3452 257.956
32.3407 257.956
32.1923 257.951
32.1473 257.911
32.0933 257.836
32.0799 257.785
32.0798 257.779
32.0798 257.722
32.0799 257.717
32.0978 257.665
32.1113 257.631
32.1158 257.625
32.1518 257.597
32.1833 257.58
32.2013 257.58
32.3587 257.58
32.3632 257.58
32.4171 257.58
32.4216 257.58
32.4486 257.591
32.4711 257.602
32.4936 257.631
32.5161 257.665
32.5251 257.734
32.5251 257.739
32.5251 257.802
SUA59_0

0
0 60003 71695 71700
0 0 0 1
39
32.5161 257.774
32.5161 257.785
32.5116 257.842
32.5026 257.871
32.4801 257.905
32.4441 257.933
32.4351 257.939
32.4127 257.945
32.2687 257.951
32.2642 257.951
32.2597 257.951
32.2238 257.951
32.2193 257.951
32.1518 257.922
32.1338 257.905
32.1023 257.842
32.0933 257.819
32.0933 257.802
32.0933 257.796
32.0933 257.728
32.0933 257.717
32.0933 257.711
32.1338 257.631
32.1473 257.614
32.1608 257.602
32.1878 257.597
32.3407 257.585
32.3452 257.585
32.3632 257.585
32.3767 257.585
32.3947 257.585
32.3992 257.585
32.4037 257.585
32.4441 257.597
32.4666 257.608
32.5026 257.659
32.5161 257.711
32.5161 257.717
32.5161 257.774
SUA60_0

0
0 60003 71700 71705
0 0 0 1
32
32.5206 257.774
32.5206 257.779
32.5206 257.785
32.5071 257.871
32.4846 257.899
32.4486 257.928
32.4261 257.939
32.4082 257.945
32.3632 257.945
32.3362 257.945
32.3317 257.945
32.2283 257.939
32.1473 257.922
32.1158 257.871
32.1023 257.796
32.0978 257.756
32.0978 257.711
32.0978 257.699
32.0978 257.694
32.1158 257.659
32.1248 257.648
32.1653 257.608
32.1833 257.591
32.1878 257.591
32.2058 257.591
32.3632 257.591
32.3947 257.591
32.4351 257.597
32.4846 257.637
32.5206 257.722
32.5206 257.734
32.5206 257.774
SUA61_0

0
0 60003 71705 71710
0 0 0 1
36
32.5071 257.722
32.5071 257.734
32.5071 257.751
32.5071 257.756
32.5026 257.808
32.4981 257.848
32.4936 257.882
32.4666 257.911
32.4351 257.933
32.4037 257.939
32.3677 257.939
32.3587 257.939
32.3542 257.939
32.1968 257.933
32.1203 257.876
32.1068 257.796
32.1068 257.791
32.1068 257.785
32.1068 257.774
32.1068 257.745
32.1068 257.734
32.1113 257.682
32.1338 257.642
32.1608 257.62
32.1923 257.597
32.3542 257.591
32.3587 257.591
32.3677 257.591
32.4037 257.591
32.4082 257.591
32.4396 257.608
32.4621 257.625
32.4666 257.631
32.5071 257.688
32.5071 257.694
32.5071 257.722
SUA62_0

0
0 60003 71710 71715
0 0 0 1
35
32.5071 257.836
32.5071 257.842
32.4891 257.882
32.4441 257.922
32.4351 257.928
32.4037 257.933
32.3722 257.939
32.3677 257.939
32.3407 257.939
32.3272 257.939
32.3272 257.939
32.3227 257.939
32.1788 257.928
32.1428 257.893
32.1338 257.882
32.1158 257.791
32.1158 257.785
32.1158 257.779
32.1158 257.768
32.1158 257.728
32.1158 257.711
32.1383 257.654
32.1518 257.637
32.1833 257.602
32.3272 257.597
32.3317 257.597
32.3767 257.597
32.4441 257.614
32.4801 257.642
32.4981 257.688
32.5071 257.722
32.5071 257.728
32.5071 257.739
32.5071 257.768
32.5071 257.836
SUA63_0

0
0 60003 71715 71720
0 0 0 1
35
32.4891 257.842
32.4891 257.848
32.4891 257.859
32.4621 257.905
32.4216 257.922
32.4037 257.928
32.3992 257.928
32.3812 257.928
32.3767 257.928
32.3632 257.928
32.3497 257.928
32.3407 257.928
32.2463 257.922
32.2103 257.916
32.1608 257.899
32.1293 257.859
32.1248 257.796
32.1248 257.774
32.1248 257.734
32.1248 257.722
32.1248 257.717
32.1293 257.705
32.1383 257.682
32.1563 257.642
32.1743 257.62
32.2013 257.602
32.3407 257.597
32.3632 257.597
32.3857 257.597
32.3947 257.597
32.4621 257.631
32.4756 257.648
32.4891 257.694
32.4891 257.717
32.4891 257.842
SUA64_0

0
0 60003 71720 71725
0 0 0 1
40
32.4891 257.762
32.4891 257.819
32.4891 257.848
32.4666 257.893
32.4486 257.911
32.4216 257.933
32.4171 257.933
32.4126 257.933
32.3857 257.933
32.3812 257.933
32.3767 257.933
32.3722 257.933
32.2463 257.928
32.2238 257.922
32.2058 257.916
32.1878 257.911
32.1383 257.871
32.1293 257.768
32.1293 257.762
32.1293 257.711
32.1293 257.705
32.1338 257.688
32.1473 257.654
32.1608 257.642
32.1923 257.62
32.2103 257.608
32.2148 257.608
32.2328 257.608
32.2912 257.608
32.3632 257.608
32.3722 257.608
32.3812 257.608
32.4576 257.625
32.4711 257.659
32.4756 257.671
32.4891 257.711
32.4891 257.717
32.4891 257.734
32.4891 257.745
32.4891 257.762
SUA65_0

0
0 60003 71725 71730
0 0 0 1
30
32.4936 257.728
32.4936 257.762
32.4936 257.768
32.4936 257.774
32.4891 257.831
32.4576 257.882
32.4531 257.888
32.4171 257.928
32.4127 257.928
32.3632 257.928
32.3362 257.928
32.2552 257.922
32.1518 257.882
32.1338 257.831
32.1293 257.802
32.1293 257.779
32.1293 257.751
32.1293 257.739
32.1293 257.734
32.1743 257.637
32.2013 257.614
32.3407 257.608
32.3452 257.608
32.3497 257.608
32.3857 257.608
32.3902 257.608
32.4261 257.625
32.4711 257.654
32.4936 257.711
32.4936 257.728
SUA66_0

0
0 60003 71730 71735
0 0 0 1
34
32.4846 257.762
32.4846 257.785
32.4846 257.791
32.4756 257.859
32.4531 257.893
32.3902 257.933
32.3812 257.933
32.3497 257.933
32.3452 257.933
32.3407 257.933
32.2283 257.911
32.1518 257.871
32.1473 257.831
32.1473 257.825
32.1473 257.774
32.1473 257.768
32.1473 257.762
32.1653 257.688
32.1743 257.659
32.1878 257.637
32.1923 257.631
32.2148 257.625
32.3362 257.614
32.3407 257.614
32.3632 257.614
32.3857 257.614
32.4172 257.62
32.4711 257.671
32.4756 257.677
32.4846 257.728
32.4846 257.734
32.4846 257.739
32.4846 257.745
32.4846 257.762
SUA67_0

0
0 60003 71735 71740
0 0 0 1
37
32.4756 257.785
32.4756 257.796
32.4711 257.853
32.4576 257.882
32.4082 257.916
32.3092 257.922
32.2912 257.922
32.2777 257.922
32.2687 257.922
32.2597 257.922
32.2058 257.905
32.1653 257.865
32.1653 257.854
32.1653 257.831
32.1653 257.791
32.1653 257.768
32.1653 257.739
32.1653 257.694
32.1653 257.688
32.1788 257.654
32.2238 257.62
32.2283 257.62
32.2328 257.62
32.2508 257.62
32.2687 257.62
32.2732 257.62
32.2777 257.62
32.3857 257.625
32.4216 257.637
32.4441 257.648
32.4621 257.688
32.4666 257.699
32.4756 257.722
32.4756 257.728
32.4756 257.734
32.4756 257.756
32.4756 257.785
SUA68_0

0
0 60003 71740 71745
0 0 0 1
30
32.4756 257.762
32.4756 257.768
32.4711 257.814
32.4531 257.871
32.4441 257.888
32.3992 257.916
32.3902 257.916
32.3497 257.916
32.2238 257.911
32.1743 257.853
32.1563 257.785
32.1563 257.734
32.1563 257.722
32.1743 257.677
32.1968 257.654
32.2103 257.642
32.2283 257.631
32.2373 257.631
32.2507 257.631
32.3362 257.631
32.3677 257.631
32.3722 257.631
32.3767 257.631
32.3812 257.631
32.4306 257.637
32.4396 257.642
32.4441 257.648
32.4756 257.699
32.4756 257.717
32.4756 257.762
SUA69_0

0
0 60003 71745 71750
0 0 0 1
42
32.4756 257.808
32.4756 257.819
32.4396 257.893
32.4351 257.899
32.3812 257.911
32.3767 257.911
32.3542 257.911
32.3452 257.911
32.3317 257.911
32.2418 257.905
32.2148 257.893
32.2058 257.882
32.1788 257.842
32.1698 257.825
32.1698 257.819
32.1698 257.808
32.1698 257.768
32.1698 257.762
32.1743 257.728
32.1788 257.699
32.1923 257.665
32.1968 257.659
32.2328 257.637
32.2373 257.637
32.2418 257.637
32.2507 257.637
32.2777 257.637
32.3632 257.637
32.3677 257.637
32.3767 257.637
32.3902 257.637
32.3992 257.637
32.4037 257.637
32.4306 257.654
32.4441 257.665
32.4486 257.671
32.4531 257.677
32.4621 257.694
32.4756 257.751
32.4756 257.756
32.4756 257.762
32.4756 257.808
SUA70_0

0
0 60003 71750 71755
0 0 0 1
33
32.4666 257.791
32.4666 257.802
32.4666 257.808
32.4666 257.814
32.4351 257.882
32.4082 257.899
32.3992 257.905
32.3857 257.905
32.3542 257.905
32.3452 257.905
32.2463 257.899
32.2058 257.865
32.1968 257.853
32.1833 257.808
32.1833 257.802
32.1833 257.791
32.1833 257.745
32.1833 257.722
32.1833 257.705
32.1878 257.694
32.2013 257.671
32.2103 257.659
32.2328 257.642
32.3272 257.631
32.3317 257.631
32.3947 257.631
32.4037 257.631
32.4171 257.631
32.4486 257.642
32.4621 257.699
32.4666 257.722
32.4666 257.728
32.4666 257.791
SUA71_0

0
0 60003 71755 71760
0 0 0 1
30
32.4621 257.728
32.4621 257.785
32.4576 257.831
32.4531 257.854
32.4441 257.865
32.3992 257.905
32.3947 257.905
32.3677 257.905
32.3542 257.905
32.3497 257.905
32.2597 257.893
32.2328 257.882
32.2103 257.865
32.1743 257.796
32.1743 257.791
32.1743 257.785
32.1743 257.751
32.1743 257.734
32.2058 257.677
32.2238 257.654
32.2463 257.642
32.3317 257.637
32.3407 257.637
32.3812 257.637
32.3947 257.637
32.3992 257.637
32.4351 257.642
32.4486 257.677
32.4621 257.722
32.4621 257.728
SUA72_0

0
0 60003 71760 71765
0 0 0 1
32
32.4576 257.728
32.4576 257.768
32.4576 257.779
32.4576 257.785
32.4531 257.842
32.4351 257.871
32.4261 257.882
32.3902 257.905
32.3857 257.905
32.3407 257.905
32.2463 257.888
32.2058 257.859
32.2013 257.831
32.2013 257.814
32.2013 257.785
32.2013 257.728
32.2013 257.711
32.2013 257.705
32.2058 257.688
32.2193 257.659
32.2418 257.648
32.2687 257.642
32.2732 257.642
32.2777 257.642
32.2822 257.642
32.2957 257.642
32.3227 257.642
32.3857 257.648
32.4127 257.654
32.4216 257.659
32.4576 257.717
32.4576 257.728
SUA73_0

0
0 60003 71765 71770
0 0 0 1
32
32.4486 257.791
32.4486 257.802
32.4486 257.814
32.4441 257.831
32.4351 257.854
32.4172 257.876
32.4037 257.888
32.3857 257.893
32.3722 257.893
32.3497 257.893
32.3407 257.893
32.3362 257.893
32.3317 257.893
32.2507 257.882
32.2193 257.854
32.2058 257.819
32.2058 257.802
32.2058 257.779
32.2058 257.722
32.2058 257.717
32.2103 257.699
32.2193 257.682
32.2463 257.659
32.2642 257.648
32.2687 257.648
32.2732 257.648
32.3182 257.648
32.3317 257.648
32.4037 257.654
32.4351 257.677
32.4486 257.711
32.4486 257.791
SUA74_0

0
0 60003 71770 71775
0 0 0 1
27
32.4531 257.768
32.4531 257.779
32.4396 257.836
32.4306 257.853
32.4172 257.876
32.3857 257.888
32.3137 257.893
32.2777 257.893
32.2687 257.893
32.2642 257.893
32.2328 257.865
32.2193 257.831
32.2103 257.779
32.2103 257.717
32.2103 257.711
32.2418 257.677
32.2687 257.648
32.3542 257.642
32.3587 257.642
32.3677 257.642
32.3902 257.642
32.4037 257.642
32.4306 257.659
32.4531 257.717
32.4531 257.722
32.4531 257.728
32.4531 257.768
SUA75_0

0
0 60003 71775 71780
0 0 0 1
32
32.4441 257.756
32.4441 257.779
32.4441 257.796
32.4441 257.814
32.4217 257.871
32.3947 257.882
32.3857 257.882
32.3587 257.882
32.3362 257.882
32.3317 257.882
32.3272 257.882
32.3227 257.882
32.2642 257.876
32.2238 257.831
32.2193 257.796
32.2193 257.779
32.2193 257.728
32.2193 257.717
32.2193 257.711
32.2283 257.699
32.2507 257.671
32.2642 257.665
32.3092 257.654
32.3452 257.654
32.3632 257.654
32.3857 257.654
32.4082 257.659
32.4261 257.677
32.4351 257.705
32.4396 257.722
32.4441 257.751
32.4441 257.756
SUA76_0

0
0 60003 71780 71785
0 0 0 1
33
32.4396 257.734
32.4396 257.774
32.4396 257.796
32.4396 257.814
32.4306 257.848
32.4261 257.859
32.3812 257.882
32.3317 257.888
32.3137 257.888
32.3002 257.888
32.2867 257.888
32.2822 257.888
32.2462 257.842
32.2373 257.831
32.2283 257.814
32.2283 257.808
32.2283 257.796
32.2283 257.791
32.2283 257.745
32.2283 257.739
32.2328 257.711
32.2418 257.688
32.2508 257.677
32.2732 257.665
32.3362 257.654
32.3452 257.654
32.3812 257.654
32.3857 257.654
32.4351 257.694
32.4396 257.711
32.4396 257.717
32.4396 257.722
32.4396 257.734
SUA77_0

0
0 60003 71785 71790
0 0 0 1
36
32.4351 257.768
32.4351 257.774
32.4306 257.825
32.4261 257.836
32.4172 257.848
32.4037 257.865
32.3857 257.882
32.3812 257.882
32.3542 257.882
32.3362 257.882
32.2957 257.876
32.2732 257.871
32.2732 257.871
32.2642 257.865
32.2552 257.854
32.2418 257.831
32.2373 257.785
32.2373 257.774
32.2373 257.756
32.2373 257.734
32.2373 257.728
32.2373 257.722
32.2373 257.717
32.2463 257.694
32.2507 257.688
32.2822 257.665
32.3362 257.659
32.3407 257.659
32.3722 257.659
32.3947 257.659
32.4037 257.665
32.4261 257.688
32.4351 257.711
32.4351 257.717
32.4351 257.722
32.4351 257.768
SUA78_0

0
0 60003 71790 71795
0 0 0 1
28
32.4306 257.779
32.4306 257.819
32.4171 257.848
32.3902 257.876
32.3857 257.876
32.3677 257.876
32.3542 257.876
32.3452 257.876
32.3407 257.876
32.2777 257.871
32.2597 257.819
32.2507 257.791
32.2507 257.779
32.2507 257.768
32.2507 257.734
32.2507 257.717
32.2507 257.711
32.2642 257.694
32.3002 257.671
32.3452 257.659
32.3632 257.659
32.3947 257.659
32.4171 257.677
32.4261 257.694
32.4306 257.722
32.4306 257.728
32.4306 257.739
32.4306 257.779
SUA79_0

0
0 60003 71795 71800
0 0 0 1
32
32.4217 257.711
32.4217 257.802
32.4217 257.808
32.4217 257.814
32.4216 257.825
32.4216 257.831
32.4172 257.848
32.4127 257.853
32.3902 257.871
32.3857 257.871
32.3452 257.871
32.3272 257.871
32.3227 257.871
32.2867 257.859
32.2642 257.842
32.2552 257.825
32.2508 257.796
32.2507 257.791
32.2507 257.785
32.2507 257.762
32.2507 257.751
32.2507 257.705
32.2552 257.699
32.2687 257.682
32.3092 257.671
32.3317 257.671
32.3587 257.671
32.3902 257.671
32.3947 257.671
32.4126 257.677
32.4216 257.694
32.4217 257.711
SUA80_0

0
0 60003 71800 71805
0 0 0 1
31
32.4531 257.756
32.4531 257.762
32.4531 257.779
32.4531 257.785
32.4531 257.796
32.4486 257.814
32.4441 257.831
32.4351 257.848
32.4171 257.859
32.3767 257.876
32.3362 257.876
32.3182 257.876
32.3047 257.859
32.2777 257.774
32.2777 257.745
32.2777 257.728
32.2777 257.722
32.2777 257.717
32.2777 257.711
32.2912 257.694
32.3002 257.688
32.3182 257.677
32.3542 257.671
32.3587 257.671
32.3632 257.671
32.3992 257.671
32.4082 257.671
32.4441 257.694
32.4531 257.728
32.4531 257.734
32.4531 257.756
SUA81_0

0
0 60003 71805 71810
0 0 0 1
31
32.4486 257.768
32.4486 257.779
32.4486 257.796
32.4486 257.819
32.4486 257.825
32.4082 257.865
32.3812 257.871
32.3767 257.871
32.3632 257.871
32.3497 257.871
32.3407 257.871
32.3317 257.871
32.3092 257.859
32.3002 257.831
32.2867 257.785
32.2867 257.745
32.2867 257.728
32.2867 257.722
32.2912 257.705
32.2957 257.699
32.3272 257.682
32.3407 257.677
32.3497 257.677
32.3587 257.677
32.3947 257.677
32.4216 257.682
32.4351 257.688
32.4441 257.711
32.4486 257.728
32.4486 257.734
32.4486 257.768
SUA82_0

0
0 60003 71810 71815
0 0 0 1
36
32.4441 257.785
32.4396 257.825
32.4306 257.842
32.4261 257.848
32.4126 257.859
32.4037 257.859
32.3992 257.859
32.3587 257.859
32.3407 257.859
32.3362 257.859
32.3317 257.859
32.3227 257.853
32.3047 257.825
32.3002 257.814
32.2957 257.791
32.2957 257.785
32.2957 257.762
32.2957 257.751
32.2957 257.745
32.2957 257.739
32.2957 257.717
32.2957 257.711
32.3047 257.699
32.3227 257.688
32.3407 257.682
32.3452 257.682
32.3497 257.682
32.3947 257.682
32.4172 257.682
32.4216 257.682
32.4306 257.694
32.4441 257.717
32.4441 257.722
32.4441 257.745
32.4441 257.762
32.4441 257.785
SUA83_0

0
0 60003 71815 71820
0 0 0 1
33
32.4756 257.808
32.4756 257.814
32.4756 257.819
32.4711 257.836
32.4531 257.848
32.4396 257.854
32.4037 257.865
32.3992 257.865
32.3947 257.865
32.3722 257.865
32.3587 257.865
32.3542 257.865
32.3317 257.853
32.3272 257.848
32.3137 257.825
32.3047 257.802
32.3047 257.796
32.3047 257.762
32.3047 257.751
32.3047 257.722
32.3047 257.717
32.3092 257.705
32.3272 257.688
32.3722 257.682
32.3947 257.682
32.4261 257.682
32.4396 257.682
32.4441 257.682
32.4531 257.694
32.4576 257.699
32.4756 257.728
32.4756 257.751
32.4756 257.808
SUA84_0

0
0 60003 71820 71825
0 0 0 1
39
32.5026 257.768
32.5026 257.779
32.5026 257.802
32.5026 257.808
32.5026 257.814
32.4981 257.831
32.4891 257.842
32.4666 257.865
32.4486 257.871
32.4441 257.871
32.4216 257.871
32.4127 257.871
32.4037 257.871
32.3992 257.871
32.3812 257.865
32.3632 257.859
32.3362 257.836
32.3227 257.785
32.3227 257.779
32.3227 257.762
32.3227 257.751
32.3227 257.728
32.3227 257.717
32.3317 257.705
32.3407 257.694
32.3452 257.694
32.3497 257.694
32.3677 257.694
32.3857 257.694
32.4396 257.694
32.4576 257.694
32.4621 257.694
32.4711 257.699
32.4801 257.705
32.4846 257.711
32.4981 257.728
32.5026 257.751
32.5026 257.756
32.5026 257.768
SUA85_0

0
0 60003 71825 71830
0 0 0 1
30
32.5296 257.814
32.5251 257.836
32.5206 257.853
32.4666 257.876
32.4576 257.876
32.4486 257.876
32.4172 257.876
32.4127 257.876
32.3857 257.865
32.3677 257.853
32.3587 257.842
32.3452 257.802
32.3407 257.779
32.3407 257.762
32.3407 257.717
32.3407 257.711
32.3542 257.705
32.3677 257.699
32.3902 257.694
32.3947 257.694
32.3992 257.694
32.4351 257.694
32.4531 257.694
32.4576 257.694
32.4756 257.699
32.5251 257.728
32.5296 257.751
32.5296 257.756
32.5296 257.768
32.5296 257.814
SUA86_0

0
0 60003 71830 71835
0 0 0 1
28
32.5431 257.848
32.5431 257.853
32.5431 257.854
32.5341 257.865
32.5251 257.876
32.5071 257.882
32.4891 257.888
32.4846 257.888
32.4666 257.888
32.4351 257.888
32.4261 257.888
32.4082 257.876
32.3902 257.859
32.3767 257.836
32.3677 257.819
32.3587 257.779
32.3587 257.774
32.3587 257.739
32.3587 257.717
32.3722 257.705
32.3812 257.705
32.4082 257.705
32.4216 257.705
32.4261 257.705
32.4981 257.711
32.5431 257.739
32.5431 257.751
32.5431 257.848
SUA87_0

0
0 60003 71835 71840
0 0 0 1
32
32.5701 257.808
32.5701 257.825
32.5701 257.854
32.5701 257.865
32.5611 257.888
32.5206 257.899
32.5161 257.899
32.5116 257.899
32.4621 257.899
32.4486 257.899
32.4441 257.899
32.4351 257.893
32.4261 257.888
32.4127 257.876
32.4037 257.859
32.3947 257.836
32.3812 257.802
32.3812 257.796
32.3812 257.728
32.4037 257.717
32.4082 257.717
32.4171 257.717
32.4306 257.717
32.4621 257.717
32.4891 257.717
32.4936 257.717
32.5251 257.728
32.5431 257.739
32.5701 257.756
32.5701 257.768
32.5701 257.796
32.5701 257.808
SUA88_0

0
0 60003 71840 71845
0 0 0 1
30
32.5881 257.814
32.5881 257.865
32.588 257.871
32.588 257.876
32.579 257.899
32.5296 257.922
32.4711 257.922
32.4621 257.916
32.4486 257.905
32.4351 257.893
32.4306 257.888
32.4261 257.882
32.4126 257.848
32.3992 257.814
32.3992 257.751
32.4037 257.739
32.4216 257.734
32.4486 257.728
32.4576 257.728
32.5161 257.728
32.5206 257.728
32.5341 257.734
32.5476 257.739
32.5566 257.745
32.5701 257.756
32.5791 257.768
32.5835 257.774
32.588 257.796
32.588 257.802
32.5881 257.814
SUA89_0

0
0 60003 71845 71850
0 0 0 1
31
32.6105 257.871
32.6105 257.893
32.5476 257.939
32.5431 257.939
32.5161 257.939
32.5071 257.939
32.5026 257.939
32.4936 257.939
32.4846 257.933
32.4756 257.928
32.4666 257.922
32.4621 257.916
32.4531 257.905
32.4351 257.865
32.4216 257.825
32.4216 257.819
32.4216 257.814
32.4216 257.808
32.4216 257.802
32.4216 257.762
32.4711 257.739
32.4846 257.734
32.4891 257.734
32.5341 257.734
32.5701 257.745
32.5791 257.751
32.6015 257.774
32.6105 257.808
32.6105 257.814
32.6105 257.836
32.6105 257.871
SUA90_0

0
0 60003 71850 71855
0 0 0 1
30
32.633 257.882
32.633 257.899
32.633 257.905
32.6195 257.916
32.5701 257.956
32.5656 257.956
32.5431 257.956
32.5206 257.956
32.5026 257.945
32.4936 257.939
32.4846 257.933
32.4756 257.928
32.4441 257.836
32.4441 257.825
32.4441 257.808
32.4441 257.785
32.4441 257.779
32.4441 257.774
32.5026 257.745
32.5431 257.745
32.5701 257.745
32.5701 257.745
32.5836 257.751
32.5836 257.751
32.5925 257.756
32.6015 257.762
32.624 257.791
32.633 257.825
32.633 257.848
32.633 257.882
SUA91_0

0
0 60003 71855 71860
0 0 0 1
28
32.6465 257.888
32.6465 257.893
32.6465 257.905
32.642 257.928
32.588 257.968
32.5835 257.968
32.5701 257.968
32.5386 257.968
32.5251 257.962
32.5026 257.945
32.4846 257.905
32.4666 257.848
32.4666 257.825
32.4666 257.814
32.4666 257.802
32.4666 257.791
32.4666 257.785
32.5296 257.751
32.5341 257.751
32.5656 257.751
32.5835 257.751
32.606 257.762
32.615 257.768
32.6195 257.774
32.642 257.814
32.6465 257.836
32.6465 257.842
32.6465 257.888
SUA92_0

0
0 60003 71860 71865
0 0 0 1
35
32.6555 257.882
32.6555 257.916
32.651 257.939
32.6465 257.951
32.6375 257.956
32.6015 257.979
32.597 257.979
32.5746 257.979
32.5611 257.979
32.5521 257.979
32.5476 257.979
32.5476 257.979
32.5251 257.962
32.5251 257.962
32.5071 257.916
32.4891 257.859
32.4891 257.848
32.4891 257.796
32.5521 257.762
32.5566 257.762
32.5611 257.762
32.5701 257.762
32.588 257.762
32.6015 257.762
32.606 257.762
32.615 257.768
32.6285 257.785
32.633 257.791
32.6465 257.814
32.651 257.825
32.6555 257.853
32.6555 257.859
32.6555 257.865
32.6555 257.871
32.6555 257.882
SUA93_0

0
0 60003 71865 71870
0 0 0 1
27
32.6555 257.876
32.6555 257.911
32.6555 257.933
32.651 257.962
32.633 257.979
32.606 257.996
32.6015 257.996
32.5881 257.996
32.5656 257.996
32.5566 257.996
32.5386 257.968
32.5026 257.871
32.5026 257.859
32.5026 257.842
32.5026 257.819
32.5026 257.814
32.5026 257.808
32.5701 257.774
32.5881 257.774
32.597 257.774
32.615 257.774
32.6195 257.774
32.624 257.779
32.633 257.791
32.651 257.825
32.6555 257.871
32.6555 257.876
SUA94_0

0
0 60003 71870 71875
0 0 0 1
28
32.651 257.951
32.651 257.956
32.6375 257.973
32.624 257.99
32.606 258.013
32.6015 258.013
32.5746 258.013
32.5611 258.013
32.5566 258.013
32.5386 257.979
32.5206 257.911
32.5161 257.888
32.5161 257.876
32.5161 257.853
32.5161 257.831
32.5161 257.825
32.5161 257.819
32.5791 257.791
32.5836 257.791
32.597 257.791
32.624 257.791
32.633 257.791
32.6375 257.802
32.6375 257.802
32.642 257.825
32.651 257.888
32.651 257.911
32.651 257.951
SUA95_0

0
0 60003 71875 71880
0 0 0 1
29
32.6375 257.836
32.6375 257.899
32.6375 257.956
32.6375 257.973
32.6375 257.979
32.633 257.985
32.6015 258.019
32.597 258.019
32.5925 258.019
32.5521 258.019
32.5476 258.019
32.5116 257.996
32.5026 257.956
32.5026 257.928
32.5026 257.911
32.5026 257.888
32.5026 257.882
32.5206 257.836
32.5206 257.836
32.5791 257.808
32.5836 257.808
32.597 257.808
32.615 257.808
32.624 257.808
32.6285 257.808
32.6375 257.808
32.6375 257.808
32.6375 257.819
32.6375 257.836
SUA96_0

0
0 60003 71880 71885
0 0 0 1
29
32.6375 257.951
32.6375 257.968
32.6375 257.979
32.6375 257.985
32.597 258.025
32.5835 258.025
32.5611 258.025
32.5521 258.025
32.5431 258.025
32.5386 258.025
32.5161 257.996
32.5071 257.985
32.4936 257.962
32.4936 257.945
32.4936 257.888
32.4936 257.876
32.4981 257.859
32.5206 257.848
32.579 257.819
32.5835 257.819
32.597 257.819
32.615 257.819
32.6285 257.819
32.633 257.819
32.633 257.819
32.6375 257.871
32.6375 257.882
32.6375 257.933
32.6375 257.951
SUA97_0

0
0 60003 71885 71890
0 0 0 1
28
32.633 257.951
32.633 257.985
32.6285 257.99
32.597 258.025
32.5925 258.025
32.5836 258.025
32.5656 258.025
32.5521 258.025
32.5341 258.025
32.4891 257.962
32.4846 257.951
32.4756 257.911
32.4756 257.882
32.4756 257.865
32.4756 257.853
32.4756 257.848
32.5341 257.831
32.5386 257.831
32.5611 257.831
32.5791 257.831
32.5925 257.831
32.615 257.831
32.624 257.831
32.6285 257.831
32.633 257.922
32.633 257.928
32.633 257.933
32.633 257.951
SUA98_0

0
0 60003 71890 71895
0 0 0 1
26
32.6195 257.893
32.6195 257.973
32.6195 257.99
32.588 258.025
32.5791 258.025
32.5746 258.025
32.5611 258.025
32.5341 258.025
32.5251 258.025
32.4711 257.956
32.4666 257.922
32.4666 257.911
32.4666 257.899
32.4666 257.893
32.4666 257.871
32.4666 257.859
32.4666 257.853
32.4666 257.848
32.4711 257.842
32.4936 257.836
32.5161 257.831
32.5206 257.831
32.5296 257.831
32.6015 257.831
32.6195 257.831
32.6195 257.893
SUA99_0

0
0 60003 71895 71900
0 0 0 1
27
32.6105 257.911
32.6105 257.99
32.5791 258.025
32.5656 258.025
32.5431 258.025
32.5341 258.025
32.5206 258.025
32.5161 258.019
32.4801 257.968
32.4666 257.945
32.4666 257.939
32.4666 257.922
32.4666 257.905
32.4666 257.865
32.4666 257.859
32.4711 257.848
32.4801 257.842
32.5071 257.825
32.5161 257.825
32.5206 257.825
32.5296 257.825
32.5746 257.825
32.5835 257.825
32.588 257.825
32.6105 257.831
32.6105 257.836
32.6105 257.911
SUA100_0

0
0 60003 71900 71905
0 0 0 1
27
32.606 257.933
32.606 257.968
32.606 257.99
32.5746 258.025
32.5746 258.025
32.5701 258.025
32.5656 258.025
32.5386 258.025
32.5251 258.025
32.5161 258.025
32.5161 258.025
32.4756 257.956
32.4711 257.933
32.4711 257.928
32.4711 257.905
32.4711 257.865
32.4711 257.848
32.5071 257.819
32.5116 257.819
32.5296 257.819
32.5566 257.819
32.5611 257.819
32.597 257.825
32.6015 257.831
32.606 257.888
32.606 257.922
32.606 257.933
SUA101_0

0
0 60003 71905 71910
0 0 0 1
31
32.6015 257.973
32.6015 257.99
32.5701 258.025
32.5656 258.025
32.5611 258.025
32.5521 258.025
32.5341 258.025
32.5161 258.025
32.5116 258.025
32.4711 257.956
32.4666 257.933
32.4666 257.928
32.4666 257.905
32.4666 257.876
32.4666 257.871
32.4711 257.842
32.4801 257.836
32.5026 257.825
32.5116 257.825
32.5296 257.825
32.5341 257.825
32.5701 257.825
32.5836 257.825
32.5925 257.825
32.5925 257.825
32.597 257.831
32.6015 257.922
32.6015 257.933
32.6015 257.939
32.6015 257.956
32.6015 257.973
SUA102_0

0
0 60003 71910 71915
0 0 0 1
29
32.597 257.951
32.597 257.99
32.597 257.99
32.5656 258.025
32.5611 258.025
32.5566 258.025
32.5386 258.025
32.5341 258.025
32.5116 258.025
32.5116 258.025
32.5071 258.019
32.4756 257.962
32.4666 257.945
32.4666 257.933
32.4666 257.859
32.4666 257.853
32.4711 257.836
32.4981 257.819
32.5026 257.819
32.5251 257.819
32.5431 257.819
32.5656 257.819
32.5701 257.819
32.5925 257.825
32.597 257.876
32.597 257.882
32.597 257.888
32.597 257.928
32.597 257.951
SUA103_0

0
0 60003 71915 71920
0 0 0 1
36
32.5925 257.939
32.5925 257.968
32.5925 257.973
32.5925 257.979
32.5925 257.985
32.5611 258.019
32.5566 258.019
32.5386 258.019
32.5296 258.019
32.5206 258.019
32.5116 258.019
32.5071 258.019
32.5026 258.013
32.4801 257.968
32.4711 257.945
32.4621 257.916
32.4621 257.876
32.4621 257.853
32.4666 257.836
32.4981 257.819
32.5071 257.819
32.5251 257.819
32.5386 257.819
32.5431 257.819
32.5476 257.819
32.5521 257.819
32.588 257.825
32.588 257.825
32.5881 257.825
32.5925 257.831
32.5925 257.842
32.5925 257.859
32.5925 257.871
32.5925 257.882
32.5925 257.922
32.5925 257.939
