SUA0_0

0
0 60003 72900 72905
0 0 0 1
18
31.9425 257.806
31.9353 257.799
31.9245 257.789
31.9209 257.785
31.9173 257.782
31.9173 257.782
31.9444 257.736
31.9471 257.732
31.9498 257.727
31.9561 257.726
31.9597 257.73
31.992 257.76
31.9956 257.764
31.9929 257.768
31.9794 257.791
31.9631 257.819
31.9604 257.823
31.9425 257.806
SUA1_0

0
0 60003 72905 72910
0 0 0 1
23
31.9218 257.793
31.9182 257.79
31.9173 257.782
31.9173 257.782
31.92 257.777
31.9308 257.759
31.9444 257.736
31.9498 257.727
31.9525 257.723
31.9588 257.722
31.9624 257.725
31.966 257.728
31.9696 257.732
31.9875 257.749
32.0019 257.763
32.0028 257.771
31.9865 257.798
31.9811 257.807
31.9757 257.816
31.973 257.821
31.964 257.827
31.9577 257.828
31.9218 257.793
SUA2_0

0
0 60003 72910 72915
0 0 0 1
20
31.9604 257.823
31.9245 257.789
31.9209 257.785
31.9173 257.782
31.9254 257.768
31.9281 257.764
31.9308 257.759
31.9471 257.732
31.9615 257.717
31.9615 257.717
31.9723 257.727
32.0046 257.758
32.0082 257.762
32.0064 257.774
32.0037 257.779
31.9983 257.788
31.9766 257.824
31.9739 257.829
31.9676 257.83
31.9604 257.823
SUA3_0

0
0 60003 72915 72920
0 0 0 1
28
31.9568 257.82
31.9353 257.799
31.9281 257.792
31.9245 257.789
31.9245 257.789
31.9236 257.781
31.9236 257.781
31.9263 257.776
31.9398 257.753
31.9453 257.744
31.9534 257.731
31.9561 257.726
31.9615 257.717
31.9615 257.717
31.9678 257.716
31.9678 257.716
31.975 257.723
32.0073 257.754
32.0109 257.757
32.0145 257.761
32.0154 257.769
32.0127 257.773
31.9964 257.8
31.9802 257.828
31.9775 257.832
31.964 257.827
31.9604 257.823
31.9568 257.82
SUA4_0

0
0 60003 72920 72925
0 0 0 1
26
31.9389 257.803
31.9317 257.796
31.9281 257.792
31.9272 257.784
31.9263 257.776
31.9263 257.776
31.9317 257.767
31.9507 257.735
31.9561 257.726
31.9678 257.716
31.9714 257.719
31.975 257.723
31.9786 257.726
31.9822 257.73
32.0001 257.747
32.0073 257.754
32.0145 257.761
32.0154 257.769
32.0163 257.777
32.0081 257.79
31.9838 257.831
31.9811 257.836
31.9811 257.836
31.9676 257.83
31.946 257.809
31.9389 257.803
SUA5_0

0
0 60003 72925 72930
0 0 0 1
26
31.9793 257.848
31.9362 257.807
31.9326 257.804
31.9281 257.792
31.9272 257.784
31.9263 257.776
31.9263 257.776
31.9263 257.776
31.929 257.772
31.9344 257.763
31.9371 257.758
31.9534 257.731
31.9561 257.726
31.9561 257.726
31.9624 257.725
31.9723 257.727
31.9759 257.731
31.9866 257.741
32.0118 257.765
32.0154 257.769
32.019 257.772
32.0199 257.78
32.0207 257.788
31.991 257.838
31.9856 257.847
31.9793 257.848
SUA6_0

0
0 60003 72930 72935
0 0 0 1
32
31.9334 257.812
31.929 257.8
31.929 257.8
31.9281 257.792
31.9272 257.784
31.9353 257.771
31.9407 257.761
31.957 257.734
31.9597 257.73
31.9597 257.73
31.966 257.728
31.9759 257.731
31.9831 257.738
32.0046 257.758
32.0118 257.765
32.019 257.772
32.019 257.772
32.0234 257.783
32.0243 257.791
32.0216 257.796
32.0189 257.801
32.0162 257.805
32.0081 257.819
32.0054 257.823
31.9919 257.846
31.9892 257.851
31.9864 257.855
31.9801 257.856
31.9765 257.853
31.9694 257.846
31.9514 257.829
31.9334 257.812
SUA7_0

0
0 60003 72935 72940
0 0 0 1
28
31.9424 257.835
31.9352 257.828
31.9299 257.808
31.929 257.8
31.9281 257.792
31.9272 257.784
31.9326 257.775
31.9353 257.771
31.9407 257.761
31.957 257.734
31.9597 257.73
31.9732 257.735
31.9803 257.742
32.0163 257.777
32.0199 257.78
32.0234 257.783
32.0234 257.783
32.0243 257.791
32.0198 257.808
32.0171 257.813
32.0117 257.822
32.0009 257.84
31.99 257.859
31.9873 257.863
31.9747 257.865
31.9675 257.859
31.9568 257.848
31.9424 257.835
SUA8_0

0
0 60003 72940 72945
0 0 0 1
23
31.9334 257.84
31.9298 257.837
31.9262 257.833
31.9263 257.805
31.9281 257.792
31.9308 257.788
31.9551 257.747
31.9606 257.738
31.9803 257.742
32.0163 257.777
32.0199 257.78
32.0243 257.791
32.0243 257.791
32.018 257.821
32.0126 257.83
32.0072 257.839
31.9909 257.867
31.9882 257.871
31.9792 257.877
31.9729 257.878
31.9693 257.875
31.9549 257.861
31.9334 257.84
SUA9_0

0
0 60003 72945 72950
0 0 0 1
29
31.9316 257.853
31.928 257.849
31.9244 257.846
31.9235 257.838
31.9226 257.83
31.9236 257.809
31.9371 257.787
31.956 257.755
31.9587 257.75
31.9587 257.75
31.965 257.749
31.9713 257.748
31.9812 257.75
31.9848 257.754
31.9884 257.757
32.0064 257.774
32.0207 257.788
32.0243 257.791
32.018 257.821
32.018 257.821
32.0153 257.826
32.0072 257.839
31.9963 257.858
31.9855 257.876
31.9801 257.885
31.9774 257.889
31.9675 257.887
31.9639 257.884
31.9316 257.853
SUA10_0

0
0 60003 72950 72955
0 0 0 1
24
31.9154 257.852
31.9145 257.844
31.9146 257.815
31.92 257.806
31.9254 257.797
31.9416 257.769
31.9443 257.765
31.947 257.76
31.956 257.755
31.9821 257.758
31.9857 257.762
31.9929 257.768
32.0037 257.779
32.0216 257.796
32.0216 257.796
32.0198 257.808
32.0135 257.838
31.9972 257.866
31.9837 257.888
31.981 257.893
31.9684 257.895
31.9621 257.896
31.9513 257.886
31.9154 257.852
SUA11_0

0
0 60003 72955 72960
0 0 0 1
25
31.9144 257.872
31.9109 257.869
31.9055 257.849
31.9091 257.824
31.9118 257.82
31.9335 257.783
31.9389 257.774
31.9443 257.765
31.947 257.76
31.9533 257.759
31.9632 257.762
31.9767 257.767
31.9803 257.771
31.9839 257.774
32.0126 257.802
32.0198 257.808
32.0135 257.838
32.008 257.847
32.0053 257.852
31.9756 257.902
31.9729 257.907
31.9603 257.909
31.9504 257.906
31.9468 257.903
31.9144 257.872
SUA12_0

0
0 60003 72960 72965
0 0 0 1
27
31.927 257.898
31.9126 257.885
31.9054 257.878
31.9019 257.874
31.901 257.866
31.9001 257.83
31.9055 257.821
31.9137 257.807
31.9191 257.798
31.9353 257.771
31.9353 257.771
31.9416 257.769
31.9479 257.768
31.9578 257.771
31.9776 257.775
31.992 257.789
32.0063 257.803
32.0135 257.81
32.0171 257.813
32.008 257.847
32.0026 257.856
31.9945 257.87
31.9891 257.879
31.9674 257.916
31.9485 257.919
31.945 257.916
31.927 257.898
SUA13_0

0
0 60003 72965 72970
0 0 0 1
26
31.9324 257.918
31.9 257.887
31.8964 257.883
31.8911 257.864
31.8911 257.836
31.8911 257.836
31.8992 257.822
31.9074 257.808
31.9182 257.79
31.9263 257.776
31.9326 257.775
31.9389 257.774
31.9488 257.776
31.9686 257.781
31.9722 257.784
32.0081 257.819
32.0117 257.822
32.0053 257.852
31.9927 257.883
31.9846 257.896
31.9683 257.924
31.9656 257.928
31.9629 257.933
31.9467 257.932
31.9395 257.925
31.9324 257.918
SUA14_0

0
0 60003 72970 72975
0 0 0 1
32
31.9162 257.917
31.909 257.91
31.8982 257.899
31.891 257.893
31.8874 257.889
31.883 257.878
31.8821 257.841
31.9092 257.796
31.9146 257.787
31.9236 257.781
31.9236 257.781
31.9299 257.78
31.9461 257.781
31.9632 257.79
31.9668 257.794
31.9739 257.8
31.9847 257.811
32.0027 257.828
32.0063 257.831
32.0063 257.831
31.9972 257.866
31.9927 257.883
31.9927 257.883
31.99 257.887
31.9819 257.901
31.9683 257.924
31.9656 257.928
31.9602 257.937
31.9575 257.942
31.9485 257.948
31.9377 257.937
31.9162 257.917
SUA15_0

0
0 60003 72975 72980
0 0 0 1
32
31.8865 257.91
31.8829 257.906
31.8784 257.895
31.874 257.883
31.8731 257.847
31.8785 257.838
31.8839 257.829
31.9002 257.801
31.9029 257.797
31.9056 257.792
31.9146 257.787
31.9209 257.785
31.9371 257.787
31.9605 257.795
31.9641 257.798
31.9784 257.812
31.9856 257.819
31.9964 257.829
32.0036 257.836
31.9927 257.883
31.99 257.887
31.9846 257.896
31.9629 257.933
31.9548 257.946
31.9521 257.951
31.9494 257.956
31.9395 257.953
31.9296 257.951
31.926 257.947
31.9188 257.941
31.9152 257.937
31.8865 257.91
SUA16_0

0
0 60003 72980 72985
0 0 0 1
25
31.8775 257.915
31.8703 257.909
31.8622 257.894
31.8614 257.857
31.8641 257.853
31.8776 257.83
31.8831 257.821
31.8939 257.802
31.8966 257.798
31.9056 257.792
31.9317 257.796
31.955 257.804
31.9586 257.807
31.9658 257.814
31.991 257.838
31.9946 257.842
31.9982 257.845
31.9846 257.896
31.9819 257.901
31.9656 257.928
31.9521 257.951
31.9467 257.96
31.944 257.965
31.9278 257.963
31.8775 257.915
SUA17_0

0
0 60003 72985 72990
0 0 0 1
33
31.8918 257.958
31.8882 257.954
31.8667 257.934
31.8622 257.922
31.8622 257.922
31.8568 257.903
31.8524 257.863
31.8524 257.863
31.8578 257.854
31.8632 257.845
31.8768 257.822
31.8822 257.813
31.8849 257.808
31.8966 257.798
31.9227 257.801
31.9559 257.812
31.9595 257.815
31.9631 257.819
31.9919 257.846
31.9954 257.85
31.9819 257.901
31.9792 257.905
31.971 257.919
31.9494 257.956
31.9467 257.96
31.9386 257.974
31.9358 257.978
31.9205 257.985
31.917 257.982
31.9098 257.975
31.899 257.965
31.8954 257.961
31.8918 257.958
SUA18_0

0
0 60003 72990 72995
0 0 0 1
29
31.8864 257.967
31.8648 257.946
31.8577 257.939
31.8451 257.913
31.8434 257.868
31.8461 257.864
31.8542 257.85
31.8705 257.823
31.8732 257.818
31.8759 257.814
31.8849 257.808
31.8912 257.807
31.9173 257.81
31.9505 257.821
31.9828 257.852
31.99 257.859
31.9692 257.932
31.9692 257.932
31.9665 257.936
31.9503 257.964
31.9422 257.977
31.9367 257.986
31.934 257.991
31.9277 257.992
31.9214 257.993
31.9151 257.994
31.9115 257.991
31.8972 257.977
31.8864 257.967
SUA19_0

0
0 60003 72995 73000
0 0 0 1
34
31.8935 258.002
31.8863 257.995
31.872 257.982
31.8612 257.971
31.8576 257.968
31.8424 257.946
31.8361 257.919
31.8361 257.919
31.8344 257.874
31.8371 257.87
31.8398 257.865
31.8533 257.842
31.8588 257.833
31.8642 257.824
31.8669 257.819
31.8759 257.814
31.9083 257.816
31.9388 257.831
31.9532 257.845
31.9711 257.862
31.9819 257.872
31.9819 257.872
31.9665 257.936
31.9611 257.945
31.9584 257.95
31.9557 257.954
31.934 257.991
31.9313 257.995
31.9286 258
31.9196 258.006
31.9133 258.007
31.907 258.008
31.8971 258.006
31.8935 258.002
SUA20_0

0
0 60003 73000 73005
0 0 0 1
28
31.889 258.019
31.8782 258.009
31.8387 257.971
31.8351 257.968
31.8307 257.956
31.8244 257.929
31.8218 257.876
31.8245 257.872
31.8272 257.867
31.8407 257.845
31.8462 257.835
31.8489 257.831
31.8516 257.826
31.8606 257.821
31.8669 257.819
31.8732 257.818
31.9361 257.836
31.9361 257.836
31.9756 257.873
31.9792 257.877
31.9638 257.941
31.953 257.959
31.9313 257.995
31.9232 258.009
31.9124 258.027
31.8998 258.03
31.8962 258.026
31.889 258.019
SUA21_0

0
0 60003 73005 73010
0 0 0 1
25
31.8881 258.04
31.8665 258.019
31.8162 257.971
31.8127 257.939
31.8128 257.882
31.8182 257.873
31.8263 257.859
31.8426 257.832
31.8453 257.827
31.8606 257.821
31.8938 257.831
31.9307 257.845
31.9307 257.845
31.9343 257.848
31.9415 257.855
31.9486 257.862
31.9702 257.883
31.9738 257.886
31.9584 257.95
31.9557 257.954
31.9503 257.964
31.934 257.991
31.9043 258.041
31.8953 258.047
31.8881 258.04
SUA22_0

0
0 60003 73010 73015
0 0 0 1
28
31.8234 258.007
31.8126 257.996
31.8054 257.989
31.8037 257.945
31.8038 257.888
31.8254 257.851
31.8336 257.838
31.8363 257.833
31.8453 257.827
31.8453 257.827
31.8848 257.837
31.928 257.849
31.9459 257.866
31.9567 257.877
31.9639 257.884
31.9675 257.887
31.9675 257.887
31.9657 257.9
31.9512 257.972
31.943 257.985
31.9349 257.999
31.9295 258.008
31.9241 258.017
31.9214 258.022
31.8961 258.055
31.8808 258.061
31.8629 258.044
31.8234 258.007
SUA23_0

0
0 60003 73015 73020
0 0 0 1
28
31.8296 258.062
31.808 258.042
31.782 258.01
31.7829 257.989
31.7984 257.897
31.7984 257.897
31.8011 257.892
31.82 257.86
31.8309 257.842
31.8336 257.838
31.8399 257.837
31.8695 257.843
31.8794 257.846
31.9226 257.858
31.9226 257.858
31.9262 257.862
31.9334 257.869
31.9549 257.889
31.9621 257.896
31.9621 257.896
31.9449 257.973
31.9376 257.994
31.9106 258.04
31.8862 258.081
31.8646 258.089
31.8475 258.08
31.8439 258.076
31.8296 258.062
SUA24_0

0
0 60003 73020 73025
0 0 0 1
25
31.7738 258.052
31.7702 258.049
31.7676 258.025
31.7911 257.919
31.7984 257.897
31.8065 257.883
31.8281 257.847
31.8309 257.842
31.9136 257.864
31.9243 257.874
31.9495 257.898
31.9531 257.902
31.954 257.91
31.9367 257.986
31.9268 258.013
31.9214 258.022
31.9187 258.026
31.8916 258.072
31.8862 258.081
31.8835 258.085
31.8555 258.123
31.8133 258.09
31.8097 258.086
31.8025 258.08
31.7738 258.052
SUA25_0

0
0 60003 73025 73030
0 0 0 1
29
31.7683 258.09
31.7648 258.086
31.7549 258.055
31.7613 258.026
31.7938 257.914
31.8047 257.896
31.8155 257.878
31.8209 257.868
31.8236 257.864
31.8263 257.859
31.9027 257.882
31.9099 257.889
31.9315 257.91
31.9351 257.913
31.9422 257.92
31.9422 257.92
31.9386 257.945
31.9259 258.005
31.8934 258.088
31.8907 258.092
31.8771 258.115
31.869 258.129
31.8636 258.138
31.8609 258.142
31.8546 258.144
31.8348 258.139
31.8043 258.124
31.7827 258.103
31.7683 258.09
SUA26_0

0
0 60003 73030 73035
0 0 0 1
30
31.7863 258.135
31.7683 258.118
31.7575 258.108
31.7539 258.105
31.7387 258.083
31.7388 258.026
31.7415 258.021
31.8146 257.898
31.8173 257.894
31.8227 257.884
31.829 257.883
31.8551 257.887
31.8883 257.897
31.8919 257.901
31.9099 257.918
31.9278 257.935
31.9314 257.938
31.9314 257.938
31.9296 257.951
31.9042 258.07
31.8916 258.1
31.8889 258.105
31.8861 258.109
31.8726 258.132
31.8618 258.15
31.8591 258.155
31.8348 258.168
31.8213 258.162
31.7934 258.142
31.7863 258.135
SUA27_0

0
0 60003 73035 73040
0 0 0 1
31
31.796 258.195
31.7781 258.178
31.7601 258.16
31.7529 258.154
31.7377 258.132
31.7287 258.109
31.7234 258.09
31.7171 258.062
31.7198 258.058
31.7225 258.053
31.7496 258.007
31.7577 257.994
31.8155 257.906
31.8245 257.9
31.8937 257.888
31.9045 257.898
31.9117 257.905
31.9261 257.919
31.9332 257.926
31.9476 257.968
31.9493 258.013
31.9069 258.094
31.9042 258.098
31.896 258.112
31.8798 258.139
31.8771 258.144
31.8546 258.172
31.8365 258.184
31.8122 258.196
31.8059 258.197
31.796 258.195
SUA28_0

0
0 60003 73040 73045
0 0 0 1
36
31.7664 258.159
31.7592 258.152
31.7413 258.135
31.7305 258.125
31.7269 258.122
31.7233 258.118
31.7197 258.115
31.7225 258.082
31.7243 258.069
31.7307 258.039
31.7497 257.979
31.7596 257.953
31.7758 257.925
31.7867 257.907
31.7894 257.903
31.8155 257.878
31.8398 257.865
31.8695 257.872
31.8794 257.874
31.9207 257.9
31.9387 257.917
31.953 257.93
31.9602 257.937
31.9638 257.969
31.9681 258.038
31.9654 258.042
31.9438 258.079
31.9384 258.088
31.8906 258.149
31.8762 258.164
31.8491 258.181
31.8401 258.187
31.8338 258.188
31.8141 258.183
31.7772 258.17
31.7664 258.159
SUA29_0

0
0 60003 73045 73050
0 0 0 1
33
31.8031 258.259
31.7816 258.238
31.7708 258.228
31.7672 258.224
31.708 258.153
31.7035 258.142
31.7026 258.134
31.7 258.11
31.7009 258.061
31.7452 257.968
31.7533 257.954
31.756 257.949
31.7668 257.931
31.7777 257.913
31.7939 257.885
31.802 257.872
31.8047 257.867
31.8605 257.849
31.8794 257.846
31.9153 257.88
31.962 257.925
31.9665 257.936
31.9745 257.98
31.9726 258.049
31.9672 258.058
31.9645 258.063
31.9591 258.072
31.951 258.086
31.9428 258.099
31.8824 258.192
31.8536 258.221
31.8067 258.262
31.8031 258.259
SUA30_0

0
0 60003 73050 73055
0 0 0 1
35
31.7312 258.247
31.7168 258.233
31.7132 258.23
31.7096 258.227
31.6612 258.166
31.6505 258.127
31.683 258.044
31.6857 258.039
31.6965 258.021
31.6992 258.016
31.7506 257.93
31.7912 257.861
31.794 257.857
31.8344 257.846
31.901 257.838
31.9585 257.893
31.9899 257.944
31.9961 258
31.9951 258.049
31.9924 258.054
31.9789 258.077
31.968 258.095
31.9626 258.104
31.9599 258.109
31.8986 258.193
31.8733 258.226
31.8445 258.255
31.8328 258.266
31.8148 258.277
31.7995 258.284
31.7797 258.279
31.7492 258.264
31.7456 258.261
31.742 258.257
31.7312 258.247
SUA31_0

0
0 60003 73055 73060
0 0 0 1
28
31.7544 258.341
31.7329 258.32
31.7257 258.313
31.7221 258.31
31.7149 258.303
31.6134 258.199
31.6145 258.121
31.6172 258.117
31.6226 258.108
31.647 258.067
31.6794 258.012
31.6821 258.007
31.7994 257.848
31.8993 257.822
31.9711 257.891
32.0043 257.929
32.0186 258
32.0167 258.013
32.0059 258.06
31.9905 258.095
31.9878 258.099
31.9743 258.122
31.9716 258.127
31.9147 258.223
31.8904 258.264
31.8877 258.268
31.8399 258.33
31.7544 258.341
SUA32_0

0
0 60003 73060 73065
0 0 0 1
26
31.6842 258.345
31.6663 258.328
31.6627 258.325
31.5999 258.222
31.6127 258.134
31.6434 258.063
31.6488 258.054
31.6704 258.018
31.6731 258.013
31.7769 257.848
31.8732 257.79
31.9585 257.864
31.9657 257.871
31.9873 257.892
31.9945 257.899
31.998 257.902
32.0186 257.972
32.0193 258.065
32.0166 258.07
31.9923 258.111
31.9787 258.134
31.8291 258.348
31.7517 258.374
31.7022 258.362
31.6914 258.352
31.6842 258.345
SUA33_0

0
0 60003 73065 73070
0 0 0 1
27
31.6609 258.309
31.6358 258.285
31.6322 258.281
31.6242 258.238
31.6145 258.093
31.6254 258.074
31.6443 258.043
31.7732 257.873
31.8389 257.857
31.9657 257.871
31.9693 257.875
31.9801 257.885
31.9909 257.895
32.0016 257.905
32.0052 257.909
31.997 258.008
31.9897 258.058
31.9048 258.249
31.9021 258.253
31.8858 258.281
31.8804 258.29
31.875 258.299
31.8165 258.35
31.7517 258.345
31.6717 258.319
31.6681 258.315
31.6609 258.309
SUA48_0

0
0 60003 73140 73145
0 0 0 1
17
31.6951 258.298
31.6736 258.278
31.6664 258.271
31.6592 258.264
31.6754 258.237
31.6836 258.223
31.6863 258.218
31.689 258.214
31.6926 258.217
31.7069 258.231
31.7249 258.248
31.7285 258.252
31.7258 258.256
31.7177 258.27
31.7014 258.297
31.6987 258.302
31.6951 258.298
SUA49_0

0
0 60003 73145 73150
0 0 0 1
24
31.6779 258.375
31.6528 258.351
31.6492 258.347
31.6124 258.276
31.6252 258.16
31.7434 257.952
31.7461 257.947
31.7542 257.933
31.7596 257.924
31.7705 257.906
31.7732 257.901
31.7768 257.905
31.8019 257.929
31.8127 257.939
31.8365 258.184
31.8112 258.274
31.8085 258.278
31.8058 258.283
31.7598 258.36
31.7544 258.369
31.7516 258.374
31.6887 258.385
31.6851 258.382
31.6779 258.375
SUA50_0

0
0 60003 73150 73155
0 0 0 1
31
31.614 258.378
31.6104 258.375
31.6068 258.371
31.5916 258.349
31.5548 258.279
31.5514 258.218
31.5523 258.169
31.5577 258.16
31.5632 258.151
31.5794 258.123
31.5821 258.119
31.6885 257.949
31.7345 257.9
31.8182 257.873
31.8999 257.944
31.9035 257.947
31.9071 257.951
31.9359 257.978
31.9394 257.982
31.9663 258.079
31.857 258.339
31.8488 258.352
31.8299 258.384
31.8272 258.389
31.7794 258.45
31.7506 258.451
31.6877 258.434
31.6464 258.409
31.6428 258.406
31.632 258.395
31.614 258.378
SUA51_0

0
0 60003 73155 73160
0 0 0 1
27
31.587 258.424
31.5726 258.41
31.527 258.259
31.5442 258.183
31.6624 257.974
31.6841 257.938
31.6895 257.929
31.6922 257.924
31.748 257.906
31.8083 257.899
31.8622 257.894
31.8694 257.901
31.891 257.921
31.9018 257.931
31.9305 257.959
31.9377 257.966
31.9655 258.014
31.9806 258.093
31.9535 258.167
31.8587 258.355
31.8371 258.391
31.8317 258.4
31.8289 258.405
31.7884 258.445
31.6705 258.482
31.6121 258.448
31.587 258.424
SUA52_0

0
0 60003 73160 73165
0 0 0 1
34
31.6103 258.432
31.5852 258.408
31.552 258.369
31.5394 258.342
31.5305 258.32
31.5333 258.229
31.5577 258.16
31.5605 258.155
31.574 258.133
31.6931 257.932
31.6958 257.927
31.7489 257.885
31.8838 257.886
31.8874 257.889
31.891 257.893
31.9054 257.906
31.909 257.91
31.9198 257.92
31.9234 257.924
31.9754 258.016
31.9742 258.151
31.9607 258.174
31.8281 258.397
31.8172 258.415
31.8091 258.429
31.8064 258.433
31.7767 258.455
31.7587 258.466
31.7308 258.475
31.7056 258.48
31.6534 258.473
31.6498 258.469
31.6391 258.459
31.6103 258.432
SUA53_0

0
0 60003 73165 73170
0 0 0 1
34
31.5969 258.426
31.5753 258.405
31.5717 258.402
31.5681 258.398
31.5359 258.31
31.5252 258.272
31.5379 258.212
31.5469 258.178
31.5496 258.174
31.5686 258.142
31.6714 257.968
31.6795 257.955
31.6823 257.95
31.7165 257.911
31.7822 257.867
31.8614 257.886
31.865 257.889
31.8793 257.903
31.8973 257.92
31.9009 257.923
31.9278 257.963
31.9546 258.032
31.9716 258.127
31.9562 258.162
31.8597 258.334
31.8461 258.357
31.8191 258.403
31.8164 258.407
31.7713 258.464
31.7047 258.472
31.6687 258.466
31.6292 258.457
31.6112 258.44
31.5969 258.426
SUA54_0

0
0 60003 73170 73175
0 0 0 1
36
31.5771 258.393
31.5699 258.386
31.5663 258.382
31.5628 258.379
31.5332 258.315
31.5323 258.307
31.5351 258.245
31.5397 258.2
31.5415 258.187
31.555 258.164
31.5577 258.16
31.5659 258.146
31.5713 258.137
31.6912 257.945
31.7291 257.909
31.757 257.9
31.8433 257.897
31.8874 257.918
31.9197 257.949
31.9269 257.955
31.9502 257.992
31.9671 258.087
31.9544 258.175
31.949 258.184
31.8407 258.366
31.8191 258.403
31.8019 258.422
31.7695 258.448
31.7425 258.465
31.7209 258.473
31.6759 258.473
31.6588 258.464
31.6346 258.448
31.631 258.444
31.5951 258.41
31.5771 258.393
SUA55_0

0
0 60003 73175 73180
0 0 0 1
40
31.6157 258.423
31.5978 258.405
31.5942 258.402
31.5906 258.399
31.587 258.395
31.5718 258.373
31.5637 258.358
31.5547 258.336
31.5306 258.263
31.5306 258.234
31.5812 258.139
31.5866 258.13
31.6082 258.094
31.6109 258.089
31.6957 257.956
31.7291 257.909
31.7498 257.893
31.7867 257.879
31.8128 257.882
31.8299 257.891
31.8676 257.913
31.8712 257.917
31.8748 257.92
31.8999 257.944
31.9107 257.954
31.9179 257.961
31.9538 258.024
31.9645 258.063
31.9635 258.112
31.9517 258.151
31.9391 258.182
31.8479 258.344
31.8398 258.358
31.8263 258.381
31.8182 258.395
31.7659 258.445
31.7272 258.472
31.6759 258.473
31.6337 258.44
31.6157 258.423
SUA56_0

0
0 60003 73180 73185
0 0 0 1
39
31.6409 258.447
31.6121 258.419
31.587 258.395
31.5798 258.388
31.5762 258.385
31.5457 258.341
31.5395 258.314
31.5395 258.285
31.5487 258.194
31.5749 258.141
31.5776 258.136
31.5911 258.113
31.5938 258.109
31.6019 258.095
31.6046 258.09
31.6786 257.975
31.7038 257.942
31.7246 257.926
31.7399 257.92
31.7651 257.915
31.828 257.904
31.8505 257.904
31.8757 257.928
31.8865 257.938
31.89 257.942
31.9197 257.977
31.9573 258.056
31.9599 258.08
31.9463 258.16
31.8606 258.314
31.8552 258.323
31.8362 258.355
31.8308 258.364
31.7839 258.433
31.7443 258.453
31.7002 258.46
31.6481 258.453
31.6445 258.45
31.6409 258.447
SUA57_0

0
0 60003 73185 73190
0 0 0 1
41
31.5906 258.399
31.5834 258.392
31.5458 258.313
31.545 258.248
31.5487 258.194
31.5541 258.185
31.5595 258.176
31.6597 258.007
31.6732 257.984
31.6759 257.98
31.6813 257.971
31.684 257.966
31.7039 257.942
31.7372 257.924
31.7588 257.916
31.8127 257.911
31.8415 257.91
31.8873 257.946
31.8909 257.95
31.9053 257.963
31.9161 257.974
31.9233 257.981
31.9268 257.984
31.9448 258.03
31.9555 258.069
31.9509 258.086
31.9419 258.12
31.9374 258.137
31.9256 258.176
31.9075 258.216
31.8516 258.319
31.8299 258.356
31.8137 258.383
31.8083 258.392
31.7803 258.43
31.747 258.448
31.7002 258.46
31.6571 258.448
31.6229 258.429
31.6157 258.423
31.5906 258.399
SUA58_0

0
0 60003 73190 73195
0 0 0 1
35
31.5888 258.383
31.5781 258.372
31.5745 258.369
31.5432 258.26
31.5541 258.185
31.5568 258.18
31.5622 258.171
31.5812 258.139
31.592 258.121
31.6001 258.107
31.6028 258.103
31.6957 257.956
31.7479 257.934
31.8271 257.924
31.8676 257.942
31.8711 257.945
31.9071 257.979
31.9107 257.983
31.9322 258.032
31.9456 258.066
31.9465 258.074
31.9428 258.128
31.9346 258.17
31.9238 258.188
31.8291 258.348
31.8263 258.352
31.7939 258.407
31.7912 258.412
31.7677 258.432
31.747 258.448
31.7155 258.454
31.6804 258.456
31.6319 258.424
31.6283 258.42
31.5888 258.383
SUA59_0

0
0 60003 73195 73200
0 0 0 1
39
31.6122 258.391
31.605 258.384
31.5718 258.345
31.5593 258.319
31.5512 258.275
31.5549 258.222
31.5568 258.209
31.5667 258.183
31.6497 258.033
31.6524 258.029
31.6551 258.024
31.6768 257.988
31.6795 257.983
31.7381 257.932
31.7597 257.924
31.8181 257.93
31.8379 257.935
31.8487 257.945
31.8523 257.948
31.8954 257.99
31.9025 257.996
31.9061 258
31.9321 258.089
31.9347 258.113
31.9338 258.134
31.9211 258.164
31.8363 258.326
31.8336 258.331
31.8228 258.349
31.8146 258.363
31.8038 258.381
31.8011 258.385
31.7984 258.39
31.7668 258.424
31.7461 258.44
31.6922 258.446
31.6517 258.428
31.6481 258.425
31.6122 258.391
SUA60_0

0
0 60003 73200 73205
0 0 0 1
32
31.6095 258.395
31.6059 258.392
31.6023 258.388
31.5566 258.323
31.5521 258.283
31.5558 258.229
31.5622 258.2
31.5694 258.178
31.5965 258.133
31.6127 258.105
31.6154 258.101
31.6813 257.999
31.7408 257.928
31.792 257.927
31.8468 257.958
31.8747 257.977
31.9034 258.004
31.9106 258.011
31.9142 258.015
31.9249 258.054
31.9267 258.07
31.9275 258.135
31.9274 258.163
31.9247 258.168
31.9139 258.186
31.8192 258.346
31.8002 258.377
31.7723 258.415
31.7174 258.441
31.6418 258.426
31.6346 258.419
31.6095 258.395
SUA61_0

0
0 60003 73205 73210
0 0 0 1
36
31.6499 258.412
31.6428 258.406
31.632 258.395
31.6284 258.392
31.5988 258.356
31.5763 258.328
31.5575 258.303
31.5558 258.258
31.5604 258.212
31.5757 258.177
31.5974 258.141
31.6028 258.131
31.6055 258.127
31.7038 257.971
31.7857 257.928
31.8441 257.962
31.8477 257.966
31.8513 257.969
31.8585 257.976
31.8765 257.993
31.8836 258
31.9133 258.035
31.9249 258.082
31.923 258.123
31.9184 258.169
31.8246 258.336
31.8219 258.341
31.8165 258.35
31.7948 258.387
31.7921 258.391
31.7624 258.413
31.7381 258.425
31.7318 258.426
31.6715 258.433
31.6679 258.43
31.6499 258.412
SUA62_0

0
0 60003 73210 73215
0 0 0 1
35
31.5781 258.344
31.5745 258.34
31.5602 258.298
31.5621 258.228
31.5639 258.216
31.5793 258.18
31.5947 258.145
31.5974 258.141
31.6136 258.113
31.6217 258.1
31.6217 258.1
31.6244 258.095
31.7182 257.956
31.7614 257.94
31.774 257.938
31.8423 257.975
31.8459 257.978
31.8495 257.982
31.8567 257.988
31.8818 258.012
31.8926 258.023
31.915 258.08
31.9176 258.104
31.9202 258.156
31.8372 258.306
31.8345 258.31
31.8074 258.356
31.7561 258.414
31.7165 258.433
31.6769 258.424
31.6499 258.412
31.6463 258.409
31.6392 258.402
31.6212 258.385
31.5781 258.344
SUA63_0

0
0 60003 73215 73220
0 0 0 1
35
31.5853 258.322
31.5817 258.319
31.5746 258.312
31.5621 258.257
31.5757 258.206
31.5829 258.184
31.5856 258.179
31.5964 258.161
31.5991 258.157
31.6072 258.143
31.6154 258.129
31.6208 258.12
31.6812 258.028
31.7065 257.995
31.747 257.955
31.7911 257.947
31.8333 257.98
31.8477 257.994
31.8728 258.018
31.88 258.025
31.8836 258.028
31.8881 258.04
31.897 258.063
31.9113 258.105
31.9149 258.137
31.9094 258.175
31.8291 258.319
31.8156 258.342
31.802 258.365
31.7966 258.374
31.7345 258.422
31.7156 258.425
31.6787 258.411
31.6644 258.398
31.5853 258.322
SUA64_0

0
0 60003 73220 73225
0 0 0 1
40
31.6356 258.37
31.5997 258.336
31.5818 258.319
31.5666 258.268
31.5666 258.24
31.5685 258.199
31.5712 258.194
31.5739 258.19
31.5901 258.162
31.5928 258.158
31.5955 258.153
31.5982 258.149
31.6776 258.024
31.6947 258.005
31.7092 257.99
31.7236 257.975
31.7785 257.949
31.8486 258.002
31.8522 258.005
31.8845 258.036
31.8881 258.04
31.8961 258.055
31.9096 258.089
31.9086 258.11
31.9041 258.155
31.9004 258.18
31.8977 258.185
31.8869 258.203
31.8517 258.262
31.8084 258.335
31.803 258.344
31.7976 258.353
31.7408 258.421
31.7111 258.414
31.7012 258.411
31.668 258.401
31.6644 258.398
31.6536 258.387
31.6464 258.38
31.6356 258.37
SUA65_0

0
0 60003 73225 73230
0 0 0 1
30
31.6545 258.395
31.6329 258.375
31.6293 258.371
31.6257 258.368
31.5925 258.329
31.5791 258.266
31.5783 258.258
31.5748 258.198
31.5775 258.193
31.6072 258.143
31.6235 258.116
31.6758 258.037
31.7632 257.956
31.8063 257.969
31.827 257.981
31.8414 257.995
31.8593 258.012
31.8665 258.019
31.8701 258.023
31.9041 258.127
31.9022 258.168
31.8219 258.312
31.8192 258.317
31.8165 258.322
31.7949 258.358
31.7921 258.363
31.7597 258.389
31.7147 258.417
31.6652 258.406
31.6545 258.395
SUA66_0

0
0 60003 73230 73235
0 0 0 1
34
31.6383 258.366
31.624 258.352
31.6204 258.348
31.5827 258.298
31.5747 258.255
31.5874 258.167
31.5928 258.158
31.6118 258.126
31.6145 258.121
31.6172 258.117
31.6992 258.016
31.7704 257.963
31.7982 257.983
31.8018 257.986
31.8341 258.017
31.8377 258.02
31.8413 258.024
31.8772 258.087
31.8897 258.113
31.896 258.14
31.8969 258.148
31.8869 258.175
31.821 258.304
31.8183 258.309
31.8048 258.332
31.7913 258.355
31.7687 258.383
31.7039 258.407
31.6976 258.408
31.6599 258.386
31.6563 258.383
31.6527 258.379
31.6491 258.376
31.6383 258.366
SUA67_0

0
0 60003 73235 73240
0 0 0 1
37
31.6294 258.343
31.6222 258.336
31.589 258.297
31.5791 258.266
31.5874 258.195
31.6433 258.092
31.6541 258.073
31.6623 258.06
31.6677 258.051
31.6731 258.041
31.7163 257.997
31.7658 257.98
31.773 257.987
31.7874 258.001
31.8125 258.025
31.8269 258.039
31.8449 258.056
31.8736 258.083
31.8772 258.087
31.8906 258.121
31.8851 258.187
31.8824 258.192
31.8797 258.196
31.8689 258.214
31.858 258.233
31.8553 258.237
31.8526 258.242
31.7841 258.348
31.7552 258.377
31.7345 258.393
31.6986 258.387
31.6887 258.385
31.6689 258.38
31.6653 258.377
31.6617 258.374
31.6473 258.36
31.6294 258.343
SUA68_0

0
0 60003 73240 73245
0 0 0 1
30
31.6437 258.356
31.6401 258.353
31.6141 258.321
31.589 258.268
31.5837 258.249
31.5928 258.186
31.5982 258.177
31.6226 258.136
31.7019 258.012
31.7676 257.996
31.8215 258.019
31.8539 258.05
31.8611 258.057
31.879 258.103
31.8798 258.139
31.8789 258.16
31.8752 258.185
31.8698 258.194
31.8617 258.208
31.8103 258.294
31.7913 258.326
31.7886 258.331
31.7859 258.335
31.7832 258.34
31.7498 258.386
31.7408 258.392
31.7345 258.393
31.6833 258.394
31.6725 258.384
31.6437 258.356
SUA69_0

0
0 60003 73245 73250
0 0 0 1
42
31.615 258.329
31.6078 258.322
31.5828 258.241
31.5819 258.233
31.6072 258.171
31.6099 258.167
31.6234 258.144
31.6288 258.135
31.637 258.121
31.6947 258.034
31.7181 258.013
31.7307 258.011
31.7721 258.008
31.7883 258.009
31.7919 258.012
31.7991 258.019
31.8242 258.043
31.8278 258.047
31.8466 258.072
31.8619 258.093
31.8753 258.128
31.8762 258.136
31.8689 258.186
31.8662 258.19
31.8635 258.195
31.8581 258.204
31.8419 258.231
31.7904 258.318
31.7877 258.323
31.7823 258.332
31.7742 258.345
31.7688 258.355
31.7661 258.359
31.7391 258.376
31.7238 258.383
31.7175 258.384
31.7112 258.385
31.695 258.384
31.6509 258.363
31.6473 258.36
31.6437 258.356
31.615 258.329
SUA70_0

0
0 60003 73250 73255
0 0 0 1
33
31.6312 258.33
31.624 258.323
31.6204 258.32
31.6168 258.316
31.5927 258.243
31.5981 258.206
31.6 258.193
31.6081 258.179
31.627 258.148
31.6324 258.138
31.6956 258.042
31.7415 258.021
31.7541 258.019
31.7909 258.033
31.7945 258.036
31.8017 258.043
31.8304 258.07
31.8448 258.084
31.8556 258.095
31.8601 258.106
31.8663 258.133
31.8681 258.149
31.8653 258.182
31.8157 258.285
31.813 258.29
31.7751 258.353
31.7697 258.363
31.7615 258.376
31.7354 258.401
31.6914 258.381
31.6743 258.371
31.6707 258.368
31.6312 258.33
SUA71_0

0
0 60003 73255 73260
0 0 0 1
30
31.6734 258.363
31.6375 258.329
31.6115 258.297
31.5998 258.279
31.598 258.263
31.6 258.193
31.6027 258.189
31.6189 258.161
31.627 258.148
31.6297 258.143
31.691 258.059
31.7145 258.038
31.7388 258.026
31.8035 258.03
31.8071 258.034
31.8107 258.037
31.8323 258.058
31.843 258.068
31.86 258.134
31.8636 258.166
31.8572 258.196
31.8094 258.286
31.804 258.295
31.7796 258.336
31.7715 258.35
31.7688 258.355
31.7435 258.388
31.7139 258.381
31.677 258.367
31.6734 258.363
SUA72_0

0
0 60003 73260 73265
0 0 0 1
32
31.6761 258.359
31.651 258.335
31.6438 258.328
31.6402 258.324
31.607 258.286
31.5999 258.25
31.5981 258.234
31.6054 258.184
31.6081 258.179
31.6351 258.134
31.7028 258.048
31.7451 258.025
31.7657 258.037
31.7765 258.047
31.7945 258.065
31.8304 258.099
31.8412 258.109
31.8448 258.113
31.8528 258.128
31.8627 258.158
31.8563 258.188
31.8437 258.219
31.841 258.223
31.8383 258.228
31.8356 258.233
31.8274 258.246
31.8112 258.274
31.7697 258.334
31.7499 258.358
31.7409 258.364
31.6833 258.366
31.6761 258.359
SUA73_0

0
0 60003 73265 73270
0 0 0 1
32
31.642 258.312
31.6348 258.305
31.6277 258.298
31.6196 258.283
31.6106 258.26
31.6071 258.228
31.608 258.208
31.6153 258.186
31.6234 258.173
31.6369 258.15
31.6423 258.141
31.645 258.136
31.6478 258.132
31.7036 258.056
31.7405 258.042
31.7702 258.049
31.781 258.059
31.7954 258.073
31.8313 258.107
31.8349 258.11
31.8429 258.125
31.8483 258.145
31.8464 258.186
31.8428 258.211
31.8401 258.215
31.8374 258.22
31.8103 258.266
31.8022 258.279
31.7553 258.349
31.722 258.367
31.6923 258.36
31.642 258.312
SUA74_0

0
0 60003 73270 73275
0 0 0 1
27
31.6537 258.33
31.6465 258.323
31.6187 258.275
31.6133 258.256
31.6071 258.229
31.6189 258.19
31.6586 258.113
31.6802 258.077
31.6856 258.068
31.6883 258.063
31.7253 258.048
31.7549 258.055
31.7927 258.077
31.8322 258.115
31.8358 258.118
31.8384 258.171
31.8401 258.215
31.7923 258.306
31.7895 258.31
31.7841 258.319
31.7706 258.342
31.7625 258.356
31.7355 258.373
31.686 258.361
31.6824 258.358
31.6788 258.354
31.6537 258.33
SUA75_0

0
0 60003 73275 73280
0 0 0 1
32
31.6663 258.328
31.6519 258.314
31.6411 258.304
31.6304 258.294
31.608 258.236
31.617 258.202
31.6224 258.193
31.6387 258.166
31.6522 258.143
31.6549 258.138
31.6576 258.134
31.6603 258.129
31.6991 258.074
31.7522 258.06
31.7765 258.076
31.7872 258.086
31.8196 258.117
31.8268 258.124
31.8303 258.128
31.8321 258.144
31.8365 258.184
31.832 258.201
31.8121 258.253
31.7905 258.29
31.7797 258.308
31.7661 258.331
31.749 258.35
31.7274 258.358
31.704 258.35
31.6905 258.344
31.6699 258.331
31.6663 258.328
SUA76_0

0
0 60003 73280 73285
0 0 0 1
33
31.6834 258.337
31.6582 258.313
31.6438 258.299
31.6331 258.289
31.6169 258.259
31.6125 258.248
31.6252 258.189
31.6513 258.135
31.6622 258.117
31.6703 258.103
31.6784 258.089
31.6811 258.085
31.7315 258.076
31.7441 258.074
31.7603 258.075
31.7639 258.078
31.7711 258.085
31.7747 258.089
31.8034 258.116
31.807 258.119
31.8222 258.141
31.8312 258.164
31.833 258.18
31.8266 258.21
31.7959 258.28
31.7905 258.29
31.7688 258.326
31.7661 258.331
31.7112 258.357
31.6977 258.351
31.6941 258.347
31.6905 258.344
31.6834 258.337
SUA77_0

0
0 60003 73285 73290
0 0 0 1
36
31.6645 258.312
31.6609 258.309
31.6313 258.273
31.6268 258.262
31.6251 258.246
31.6224 258.222
31.6225 258.193
31.6252 258.189
31.6414 258.161
31.6522 258.143
31.6802 258.105
31.6973 258.086
31.6973 258.086
31.7063 258.08
31.7189 258.078
31.7414 258.078
31.7728 258.101
31.78 258.108
31.7908 258.118
31.8052 258.132
31.8087 258.135
31.8123 258.139
31.8159 258.142
31.8249 258.165
31.8258 258.173
31.8212 258.219
31.7923 258.277
31.7896 258.282
31.7707 258.313
31.7571 258.336
31.7481 258.342
31.7202 258.351
31.7004 258.346
31.6968 258.343
31.6932 258.339
31.6645 258.312
SUA78_0

0
0 60003 73290 73295
0 0 0 1
28
31.66 258.301
31.6349 258.277
31.6251 258.246
31.6233 258.201
31.626 258.197
31.6369 258.178
31.645 258.165
31.6504 258.156
31.6531 258.151
31.6946 258.091
31.7377 258.103
31.7611 258.111
31.7683 258.118
31.7755 258.125
31.797 258.146
31.8078 258.156
31.8114 258.159
31.8141 258.183
31.8068 258.234
31.7869 258.286
31.7761 258.304
31.7571 258.336
31.7328 258.349
31.7166 258.348
31.696 258.335
31.6924 258.331
31.6852 258.325
31.66 258.301
SUA79_0

0
0 60003 73295 73300
0 0 0 1
32
31.7085 258.333
31.6511 258.278
31.6475 258.274
31.6439 258.271
31.6367 258.264
31.6331 258.261
31.6251 258.246
31.6242 258.238
31.6269 258.205
31.6296 258.2
31.654 258.159
31.6648 258.141
31.6675 258.136
31.6964 258.107
31.7207 258.094
31.7369 258.095
31.7575 258.108
31.7611 258.111
31.7647 258.115
31.7791 258.129
31.7863 258.135
31.815 258.163
31.8159 258.171
31.8185 258.195
31.8014 258.243
31.7878 258.266
31.7716 258.293
31.7526 258.325
31.7499 258.329
31.7355 258.344
31.7193 258.343
31.7085 258.333
SUA80_0

0
0 60003 73300 73305
0 0 0 1
31
31.6609 258.337
31.6573 258.334
31.6465 258.323
31.6429 258.32
31.6357 258.313
31.6277 258.298
31.6196 258.283
31.6142 258.264
31.6179 258.239
31.6315 258.187
31.6558 258.146
31.6666 258.128
31.6855 258.125
31.7556 258.149
31.7736 258.166
31.7844 258.177
31.788 258.18
31.7916 258.183
31.7952 258.187
31.7978 258.211
31.796 258.223
31.7923 258.248
31.7743 258.288
31.7716 258.293
31.7689 258.297
31.7472 258.334
31.7418 258.343
31.7058 258.366
31.6788 258.354
31.6752 258.351
31.6609 258.337
SUA81_0

0
0 60003 73305 73310
0 0 0 1
31
31.6564 258.326
31.6492 258.319
31.6384 258.308
31.6241 258.295
31.6205 258.291
31.6197 258.226
31.6323 258.195
31.635 258.191
31.6432 258.177
31.6513 258.164
31.6567 258.154
31.6621 258.145
31.6828 258.129
31.7062 258.137
31.7431 258.151
31.7682 258.175
31.779 258.186
31.7826 258.189
31.7906 258.204
31.7915 258.212
31.7833 258.254
31.7788 258.271
31.7734 258.28
31.768 258.289
31.7463 258.326
31.7265 258.35
31.7148 258.36
31.695 258.355
31.6815 258.35
31.6779 258.346
31.6564 258.326
SUA82_0

0
0 60003 73310 73315
0 0 0 1
36
31.6483 258.311
31.6259 258.282
31.6205 258.263
31.6196 258.255
31.6206 258.234
31.626 258.225
31.6287 258.221
31.6531 258.18
31.6639 258.161
31.6666 258.157
31.6693 258.152
31.6783 258.147
31.7071 258.145
31.717 258.148
31.734 258.157
31.7376 258.16
31.752 258.174
31.7592 258.181
31.7628 258.184
31.7664 258.188
31.7807 258.202
31.7843 258.205
31.7861 258.221
31.7825 258.246
31.7752 258.268
31.7725 258.272
31.7698 258.277
31.7428 258.322
31.7292 258.345
31.7265 258.35
31.7139 258.352
31.6914 258.352
31.6878 258.349
31.6735 258.335
31.6627 258.325
31.6483 258.311
SUA83_0

0
0 60003 73315 73320
0 0 0 1
33
31.615 258.329
31.6114 258.326
31.6078 258.322
31.5998 258.307
31.6034 258.282
31.6079 258.265
31.6224 258.222
31.6251 258.217
31.6278 258.213
31.6413 258.19
31.6495 258.176
31.6522 258.172
31.6729 258.156
31.6792 258.155
31.7017 258.155
31.7215 258.159
31.725 258.163
31.7466 258.183
31.7538 258.19
31.7717 258.207
31.7753 258.211
31.7798 258.222
31.7798 258.251
31.7563 258.3
31.7428 258.322
31.7238 258.354
31.7157 258.368
31.713 258.373
31.7004 258.375
31.6941 258.376
31.6653 258.377
31.6509 258.363
31.615 258.329
SUA84_0

0
0 60003 73320 73325
0 0 0 1
39
31.6239 258.38
31.6167 258.373
31.6024 258.36
31.5988 258.356
31.5952 258.353
31.5871 258.338
31.5853 258.322
31.5845 258.286
31.5917 258.264
31.5944 258.259
31.608 258.236
31.6134 258.227
31.6188 258.218
31.6215 258.214
31.6359 258.199
31.6503 258.184
31.681 258.17
31.7214 258.188
31.725 258.191
31.7358 258.201
31.743 258.208
31.7573 258.222
31.7645 258.229
31.7663 258.245
31.768 258.261
31.7653 258.265
31.7626 258.27
31.7518 258.288
31.741 258.307
31.7085 258.361
31.6977 258.379
31.695 258.384
31.686 258.39
31.677 258.395
31.6707 258.396
31.6518 258.4
31.6347 258.391
31.6311 258.387
31.6239 258.38
SUA85_0

0
0 60003 73325 73330
0 0 0 1
30
31.5789 258.38
31.5673 258.362
31.5592 258.347
31.5773 258.279
31.5827 258.27
31.5881 258.26
31.6071 258.229
31.6098 258.224
31.6332 258.203
31.6512 258.192
31.6638 258.19
31.6971 258.2
31.7142 258.209
31.7249 258.22
31.7537 258.247
31.7573 258.251
31.7527 258.268
31.7482 258.285
31.7383 258.311
31.7356 258.316
31.7329 258.32
31.7112 258.357
31.7004 258.375
31.6977 258.379
31.6833 258.394
31.6355 258.427
31.6185 258.418
31.6149 258.415
31.6077 258.408
31.5789 258.38
SUA86_0

0
0 60003 73330 73335
0 0 0 1
28
31.5493 258.373
31.5457 258.37
31.5457 258.37
31.5439 258.354
31.5421 258.338
31.5494 258.316
31.5566 258.295
31.5593 258.29
31.5701 258.272
31.5891 258.24
31.5945 258.231
31.6125 258.219
31.6341 258.211
31.6566 258.212
31.6728 258.213
31.7033 258.228
31.7069 258.231
31.7285 258.252
31.7429 258.265
31.7419 258.286
31.7365 258.295
31.7203 258.322
31.7121 258.336
31.7094 258.341
31.6625 258.41
31.6175 258.439
31.6103 258.432
31.5493 258.373
SUA87_0

0
0 60003 73335 73340
0 0 0 1
32
31.5582 258.425
31.5474 258.414
31.5294 258.397
31.5223 258.39
31.5133 258.367
31.5305 258.32
31.5332 258.315
31.5359 258.31
31.5657 258.26
31.5738 258.247
31.5765 258.242
31.5855 258.236
31.5945 258.231
31.6098 258.224
31.626 258.225
31.6458 258.23
31.6754 258.237
31.679 258.24
31.7221 258.281
31.7158 258.311
31.7131 258.316
31.7077 258.325
31.6995 258.338
31.6806 258.37
31.6644 258.398
31.6616 258.402
31.6355 258.427
31.6175 258.439
31.5905 258.456
31.5833 258.449
31.5654 258.432
31.5582 258.425
SUA88_0

0
0 60003 73340 73345
0 0 0 1
30
31.5438 258.439
31.5114 258.409
31.5078 258.405
31.5043 258.402
31.4953 258.379
31.5107 258.315
31.5459 258.256
31.5549 258.25
31.5702 258.243
31.5855 258.236
31.5918 258.235
31.5981 258.234
31.6278 258.241
31.6574 258.248
31.6969 258.286
31.7014 258.297
31.6942 258.319
31.6815 258.35
31.6761 258.359
31.6409 258.418
31.6382 258.423
31.6265 258.433
31.6148 258.443
31.6058 258.449
31.5905 258.456
31.5779 258.458
31.5716 258.459
31.5545 258.45
31.5509 258.446
31.5438 258.439
SUA89_0

0
0 60003 73345 73350
0 0 0 1
31
31.4943 258.428
31.4799 258.414
31.4891 258.323
31.4918 258.318
31.508 258.291
31.5135 258.282
31.5162 258.277
31.5216 258.268
31.5306 258.263
31.5396 258.257
31.5486 258.251
31.5549 258.25
31.5675 258.248
31.6035 258.254
31.6367 258.264
31.6403 258.267
31.6439 258.271
31.6475 258.274
31.6511 258.278
31.6762 258.302
31.6608 258.366
31.6563 258.383
31.6536 258.387
31.6265 258.433
31.5977 258.462
31.5887 258.468
31.5608 258.477
31.5338 258.466
31.5302 258.462
31.5159 258.449
31.4943 258.428
SUA90_0

0
0 60003 73350 73355
0 0 0 1
30
31.4736 258.444
31.4628 258.434
31.4592 258.43
31.4602 258.41
31.4648 258.335
31.4675 258.331
31.481 258.308
31.4946 258.285
31.5126 258.274
31.5216 258.268
31.5306 258.263
31.5396 258.257
31.616 258.28
31.6232 258.287
31.634 258.297
31.6483 258.311
31.6519 258.314
31.6555 258.318
31.6383 258.394
31.6139 258.435
31.5977 258.462
31.5977 258.462
31.586 258.473
31.586 258.473
31.577 258.478
31.568 258.484
31.5365 258.49
31.5095 258.478
31.4951 258.464
31.4736 258.444
SUA91_0

0
0 60003 73355 73360
0 0 0 1
28
31.4619 258.454
31.4583 258.451
31.4511 258.444
31.4394 258.425
31.4468 258.347
31.4495 258.342
31.4576 258.329
31.4765 258.297
31.4883 258.286
31.5126 258.274
31.5485 258.28
31.5953 258.296
31.6097 258.31
31.6168 258.316
31.624 258.323
31.6312 258.33
31.6348 258.334
31.6184 258.418
31.6157 258.423
31.5968 258.454
31.586 258.473
31.5653 258.489
31.5562 258.494
31.55 258.495
31.5113 258.494
31.4942 258.485
31.4906 258.482
31.4619 258.454
SUA92_0

0
0 60003 73360 73365
0 0 0 1
35
31.4601 258.467
31.4385 258.446
31.4268 258.428
31.4224 258.416
31.4242 258.404
31.4315 258.354
31.4342 258.349
31.4477 258.326
31.4558 258.313
31.4612 258.303
31.464 258.299
31.464 258.299
31.4883 258.286
31.4883 258.286
31.5278 258.296
31.5746 258.312
31.5818 258.319
31.6141 258.35
31.5977 258.434
31.595 258.438
31.5923 258.443
31.5869 258.452
31.5761 258.47
31.568 258.484
31.5653 258.489
31.5563 258.494
31.5374 258.498
31.5311 258.499
31.5086 258.499
31.4987 258.496
31.478 258.484
31.4744 258.48
31.4708 258.477
31.4672 258.474
31.4601 258.467
SUA93_0

0
0 60003 73365 73370
0 0 0 1
27
31.4636 258.47
31.4421 258.449
31.4277 258.436
31.4125 258.414
31.4125 258.385
31.418 258.348
31.4207 258.343
31.4288 258.33
31.4424 258.307
31.4478 258.298
31.4766 258.297
31.5593 258.319
31.5664 258.325
31.5772 258.336
31.5916 258.349
31.5952 258.353
31.5988 258.356
31.5797 258.445
31.5689 258.464
31.5635 258.473
31.5527 258.491
31.55 258.495
31.5437 258.497
31.5311 258.499
31.4987 258.496
31.4672 258.474
31.4636 258.47
SUA94_0

0
0 60003 73370 73375
0 0 0 1
28
31.4197 258.421
31.4161 258.417
31.4134 258.393
31.4108 258.369
31.4072 258.338
31.4099 258.333
31.4262 258.306
31.4343 258.292
31.437 258.287
31.4694 258.29
31.5233 258.313
31.5404 258.322
31.5476 258.329
31.5619 258.343
31.5763 258.356
31.5799 258.36
31.5835 258.363
31.5635 258.444
31.5608 258.449
31.5527 258.462
31.5365 258.49
31.5311 258.499
31.5212 258.496
31.5212 258.496
31.5041 258.487
31.4592 258.459
31.4448 258.445
31.4197 258.421
SUA95_0

0
0 60003 73375 73380
0 0 0 1
29
31.4996 258.476
31.4601 258.438
31.4242 258.404
31.4134 258.393
31.4098 258.39
31.4089 258.382
31.4063 258.33
31.409 258.325
31.4117 258.32
31.4361 258.279
31.4388 258.275
31.4748 258.252
31.5054 258.267
31.5233 258.284
31.5341 258.294
31.5485 258.308
31.5521 258.312
31.57 258.357
31.57 258.357
31.5528 258.434
31.5501 258.438
31.5419 258.452
31.5311 258.47
31.5257 258.479
31.523 258.484
31.5176 258.493
31.5176 258.493
31.5104 258.486
31.4996 258.476
SUA96_0

0
0 60003 73380 73385
0 0 0 1
29
31.4278 258.407
31.417 258.397
31.4098 258.39
31.4062 258.387
31.4054 258.322
31.4136 258.308
31.4271 258.285
31.4325 258.276
31.4379 258.267
31.4406 258.262
31.4721 258.257
31.4847 258.254
31.5072 258.254
31.518 258.265
31.5539 258.299
31.5611 258.306
31.5692 258.321
31.5628 258.351
31.5456 258.427
31.5429 258.431
31.5348 258.445
31.5239 258.463
31.5158 258.477
31.5131 258.482
31.5131 258.482
31.4781 258.455
31.4709 258.448
31.4386 258.417
31.4278 258.407
SUA97_0

0
0 60003 73385 73390
0 0 0 1
28
31.4305 258.403
31.4089 258.382
31.4081 258.374
31.4054 258.322
31.4082 258.317
31.4136 258.308
31.4244 258.29
31.4325 258.276
31.4433 258.258
31.5099 258.25
31.5198 258.252
31.5504 258.267
31.5683 258.284
31.5791 258.295
31.5863 258.301
31.5899 258.305
31.5655 258.374
31.5628 258.379
31.5492 258.402
31.5384 258.42
31.5303 258.434
31.5167 258.457
31.5113 258.466
31.5086 258.47
31.4484 258.42
31.4449 258.416
31.4413 258.413
31.4305 258.403
SUA98_0

0
0 60003 73390 73395
0 0 0 1
26
31.4745 258.423
31.4242 258.375
31.4135 258.365
31.4109 258.312
31.4163 258.303
31.419 258.299
31.4271 258.285
31.4433 258.258
31.4488 258.249
31.5243 258.235
31.5486 258.251
31.5558 258.258
31.563 258.265
31.5666 258.268
31.5809 258.282
31.5881 258.289
31.5917 258.292
31.5953 258.296
31.5962 258.304
31.5862 258.33
31.5763 258.356
31.5736 258.361
31.5682 258.37
31.5249 258.443
31.514 258.461
31.4745 258.423
SUA99_0

0
0 60003 73395 73400
0 0 0 1
27
31.4692 258.404
31.4189 258.356
31.4163 258.303
31.4244 258.29
31.4379 258.267
31.4433 258.258
31.4515 258.244
31.4578 258.243
31.5117 258.237
31.5342 258.237
31.5378 258.241
31.5486 258.251
31.5594 258.261
31.5845 258.286
31.5881 258.289
31.5926 258.3
31.5908 258.313
31.5853 258.351
31.5799 258.36
31.5772 258.364
31.5718 258.373
31.5447 258.419
31.5393 258.428
31.5366 258.433
31.5194 258.452
31.5159 258.449
31.4692 258.404
SUA100_0

0
0 60003 73400 73405
0 0 0 1
27
31.4575 258.386
31.436 258.365
31.4216 258.351
31.419 258.299
31.419 258.299
31.4217 258.294
31.4244 258.29
31.4406 258.262
31.4487 258.249
31.4542 258.239
31.4542 258.239
31.5216 258.24
31.5387 258.249
31.5423 258.252
31.5567 258.266
31.5818 258.29
31.5926 258.3
31.5889 258.354
31.5862 258.359
31.5754 258.377
31.5591 258.404
31.5564 258.409
31.5312 258.442
31.5249 258.443
31.4862 258.413
31.4647 258.392
31.4575 258.386
SUA101_0

0
0 60003 73405 73410
0 0 0 1
31
31.4351 258.357
31.4243 258.347
31.4217 258.294
31.4244 258.29
31.4271 258.285
31.4325 258.276
31.4433 258.258
31.4542 258.239
31.4569 258.235
31.5243 258.235
31.5414 258.244
31.545 258.248
31.5594 258.261
31.5773 258.279
31.5809 258.282
31.5962 258.304
31.5944 258.316
31.588 258.346
31.5826 258.355
31.5718 258.373
31.5691 258.378
31.5474 258.414
31.5393 258.428
31.5339 258.437
31.5339 258.437
31.5276 258.438
31.4674 258.388
31.4602 258.381
31.4566 258.378
31.4458 258.367
31.4351 258.357
SUA102_0

0
0 60003 73410 73415
0 0 0 1
29
31.4521 258.366
31.427 258.342
31.427 258.342
31.4244 258.29
31.4271 258.285
31.4298 258.28
31.4406 258.262
31.4433 258.258
31.4569 258.235
31.4569 258.235
31.4632 258.234
31.518 258.236
31.5342 258.237
31.5414 258.244
31.5881 258.289
31.5917 258.292
31.5998 258.307
31.5943 258.345
31.5916 258.349
31.5781 258.372
31.5672 258.39
31.5537 258.413
31.551 258.418
31.5339 258.437
31.4988 258.411
31.4952 258.407
31.4916 258.404
31.4665 258.38
31.4521 258.366
SUA103_0

0
0 60003 73415 73420
0 0 0 1
36
31.462 258.368
31.4441 258.351
31.4405 258.348
31.4369 258.344
31.4333 258.341
31.4307 258.288
31.4334 258.284
31.4442 258.266
31.4496 258.257
31.4551 258.247
31.4605 258.238
31.4632 258.234
31.4695 258.233
31.5117 258.237
31.5315 258.242
31.5549 258.25
31.58 258.274
31.5944 258.288
31.6025 258.303
31.5943 258.345
31.5889 258.354
31.5781 258.372
31.5699 258.386
31.5672 258.39
31.5645 258.395
31.5618 258.4
31.5366 258.433
31.5366 258.433
31.5366 258.433
31.5303 258.434
31.5231 258.427
31.5123 258.417
31.5051 258.41
31.4979 258.403
31.4728 258.379
31.462 258.368
