SUA0_0

0
0 60003 41400 41405
0 0 0 1
27
28.9675 279.736
28.9646 279.741
28.923 279.786
28.923 279.786
28.9161 279.778
28.9023 279.764
28.8782 279.738
28.8747 279.734
28.8294 279.679
28.8261 279.63
28.8273 279.602
28.8504 279.567
28.862 279.549
28.8678 279.541
28.8857 279.522
28.892 279.522
28.9018 279.525
28.9363 279.561
28.95 279.576
28.9569 279.583
28.9604 279.587
28.9747 279.61
28.9987 279.68
28.9993 279.688
28.9993 279.688
28.9848 279.71
28.9675 279.736
SUA1_0

0
0 60003 41405 41410
0 0 0 1
31
28.9669 279.728
28.964 279.732
28.9611 279.737
28.9161 279.778
28.9126 279.775
28.9092 279.771
28.8782 279.738
28.8713 279.731
28.8679 279.727
28.8679 279.727
28.8225 279.671
28.8083 279.604
28.8135 279.587
28.8164 279.583
28.8222 279.574
28.8424 279.543
28.8511 279.53
28.8661 279.516
28.8754 279.511
28.8846 279.506
28.9081 279.524
28.9116 279.528
28.9185 279.535
28.9357 279.553
28.946 279.564
28.9644 279.599
28.9958 279.684
28.9929 279.689
28.99 279.693
28.9842 279.702
28.9669 279.728
SUA2_0

0
0 60003 41410 41415
0 0 0 1
25
28.9508 279.726
28.9092 279.771
28.8885 279.749
28.8713 279.731
28.8679 279.727
28.8225 279.671
28.806 279.616
28.8106 279.592
28.8135 279.587
28.8193 279.578
28.8222 279.574
28.8482 279.535
28.8511 279.53
28.854 279.526
28.8661 279.516
28.8846 279.506
28.8909 279.506
28.9076 279.516
28.9145 279.523
28.9317 279.542
28.9455 279.556
28.9758 279.626
28.9855 279.673
28.9739 279.691
28.9508 279.726
SUA3_0

0
0 60003 41415 41420
0 0 0 1
28
28.9786 279.666
28.9526 279.705
28.9468 279.714
28.9439 279.719
28.9052 279.759
28.8949 279.748
28.8742 279.726
28.8708 279.723
28.8673 279.719
28.8254 279.667
28.8105 279.636
28.8025 279.613
28.7985 279.601
28.8066 279.58
28.8124 279.571
28.8269 279.549
28.8413 279.527
28.8529 279.51
28.8616 279.497
28.8835 279.49
28.8967 279.497
28.9105 279.512
28.938 279.541
28.9656 279.57
28.969 279.574
28.9725 279.578
28.9742 279.602
28.9786 279.666
SUA4_0

0
0 60003 41420 41425
0 0 0 1
30
28.9462 279.706
28.926 279.737
28.9231 279.741
28.9041 279.743
28.8254 279.667
28.8151 279.656
28.8082 279.649
28.8013 279.641
28.7875 279.626
28.7876 279.582
28.7923 279.557
28.801 279.544
28.8183 279.518
28.8212 279.513
28.8241 279.509
28.857 279.477
28.8795 279.479
28.8892 279.482
28.9266 279.514
28.93 279.517
28.9369 279.525
28.9576 279.547
28.9645 279.554
28.9857 279.584
28.9863 279.592
28.9827 279.633
28.9775 279.65
28.9549 279.693
28.952 279.697
28.9462 279.706
SUA5_0

0
0 60003 41425 41430
0 0 0 1
30
28.9809 279.654
28.952 279.697
28.9491 279.702
28.9254 279.729
28.9041 279.743
28.8909 279.737
28.8225 279.671
28.8191 279.668
28.8087 279.657
28.7881 279.635
28.7846 279.631
28.7756 279.547
28.7814 279.538
28.793 279.521
28.7988 279.512
28.8132 279.49
28.8219 279.477
28.8248 279.472
28.8749 279.459
28.9289 279.501
28.9358 279.509
28.9427 279.516
28.9565 279.531
28.9737 279.549
28.9772 279.553
28.9772 279.553
28.9846 279.568
28.9943 279.616
28.9838 279.649
28.9809 279.654
SUA6_0

0
0 60003 41430 41435
0 0 0 1
31
28.9595 279.713
28.9537 279.721
28.9294 279.74
28.9012 279.748
28.8782 279.738
28.8748 279.734
28.8058 279.661
28.7748 279.628
28.768 279.621
28.7611 279.613
28.7576 279.61
28.7451 279.566
28.759 279.536
28.7676 279.523
28.8197 279.445
28.8226 279.44
28.8381 279.435
28.8571 279.432
28.9313 279.489
28.9347 279.493
28.9416 279.5
28.9692 279.529
28.9795 279.54
28.9869 279.556
28.9995 279.599
28.9954 279.632
28.993 279.644
28.9855 279.673
28.9826 279.678
28.9624 279.708
28.9595 279.713
SUA7_0

0
0 60003 41435 41440
0 0 0 1
30
28.96 279.721
28.9571 279.725
28.9179 279.758
28.8724 279.747
28.7937 279.67
28.7903 279.667
28.7696 279.645
28.7627 279.637
28.7558 279.63
28.7272 279.585
28.7101 279.522
28.713 279.517
28.7158 279.513
28.739 279.478
28.7476 279.465
28.7892 279.42
28.8163 279.396
28.8411 279.386
28.8578 279.396
28.8647 279.403
28.8716 279.411
28.8888 279.429
28.9749 279.521
28.9853 279.532
28.9887 279.535
29.0007 279.57
29.0018 279.586
28.9889 279.677
28.9658 279.712
28.96 279.721
SUA8_0

0
0 60003 41440 41445
0 0 0 1
34
28.9808 279.698
28.9721 279.711
28.9664 279.72
28.9635 279.724
28.8983 279.752
28.8695 279.751
28.8396 279.734
28.8362 279.73
28.8121 279.705
28.7363 279.624
28.7225 279.609
28.7116 279.59
28.7003 279.519
28.7126 279.42
28.7358 279.385
28.7386 279.381
28.7415 279.376
28.7444 279.372
28.7473 279.368
28.7998 279.342
28.8291 279.35
28.8683 279.362
28.8786 279.373
28.8855 279.381
28.8993 279.395
28.9027 279.399
28.9062 279.403
28.9762 279.492
29.0008 279.526
29.0219 279.6
28.9981 279.672
28.9924 279.681
28.9866 279.689
28.9808 279.698
SUA9_0

0
0 60003 41445 41450
0 0 0 1
30
29.0101 279.707
28.9899 279.738
28.9443 279.771
28.9132 279.783
28.8643 279.768
28.7218 279.646
28.7149 279.639
28.7012 279.624
28.6908 279.613
28.6839 279.606
28.6583 279.511
28.6527 279.431
28.6585 279.422
28.6758 279.396
28.6845 279.383
28.7024 279.365
28.774 279.292
28.7925 279.282
28.8408 279.288
28.8477 279.296
28.8546 279.303
28.8787 279.329
28.9132 279.365
28.9201 279.373
29.0044 279.485
29.0118 279.5
29.0284 279.555
29.0217 279.69
29.0188 279.694
29.0101 279.707
SUA10_0

0
0 60003 41450 41455
0 0 0 1
34
29.013 279.703
29.0044 279.716
28.9899 279.738
28.987 279.742
28.9662 279.765
28.8873 279.777
28.8683 279.78
28.8487 279.774
28.8453 279.77
28.8246 279.748
28.8074 279.73
28.7971 279.719
28.6932 279.601
28.6249 279.491
28.6327 279.372
28.6501 279.346
28.6645 279.324
28.6905 279.285
28.6934 279.28
28.6963 279.276
28.6992 279.272
28.7649 279.252
28.8339 279.281
28.8506 279.291
28.8541 279.295
28.8644 279.306
28.8816 279.324
28.8851 279.328
28.8885 279.332
29.02 279.479
29.0515 279.52
29.0501 279.638
29.0217 279.69
29.013 279.703
SUA11_0

0
0 60003 41455 41460
0 0 0 1
39
29.0201 279.665
29.0085 279.683
28.994 279.705
28.9883 279.714
28.9825 279.722
28.9414 279.775
28.8879 279.785
28.8366 279.783
28.8332 279.779
28.8297 279.776
28.8022 279.746
28.7987 279.743
28.7534 279.687
28.6794 279.586
28.6398 279.521
28.6182 279.439
28.6297 279.421
28.6471 279.395
28.65 279.391
28.6996 279.324
28.7147 279.31
28.7861 279.282
28.8115 279.279
28.85 279.283
28.8535 279.287
28.8638 279.298
28.8776 279.313
28.8879 279.324
28.9919 279.442
29.0338 279.494
29.0624 279.539
29.056 279.585
29.0426 279.622
29.0345 279.644
29.0316 279.648
29.0287 279.652
29.0258 279.657
29.0229 279.661
29.0201 279.665
SUA12_0

0
0 60003 41460 41465
0 0 0 1
24
28.9764 279.634
28.9735 279.638
28.9648 279.651
28.9619 279.656
28.8955 279.712
28.8449 279.717
28.7242 279.634
28.6897 279.597
28.6863 279.593
28.6559 279.524
28.7185 279.367
28.7243 279.358
28.7272 279.354
28.7388 279.336
28.7474 279.323
28.7503 279.319
28.8253 279.294
28.8287 279.298
28.839 279.309
28.8528 279.324
28.8597 279.331
28.8632 279.335
28.9937 279.608
28.9764 279.634
SUA22_0

0
0 60003 41510 41515
0 0 0 1
19
28.9163 279.689
28.9106 279.698
28.9048 279.707
28.9013 279.703
28.8944 279.696
28.8738 279.674
28.8669 279.666
28.9098 279.548
28.93 279.517
28.9358 279.509
28.9416 279.5
28.945 279.504
28.9485 279.507
28.9761 279.537
28.9795 279.54
28.9366 279.659
28.9337 279.663
28.9279 279.672
28.9163 279.689
SUA23_0

0
0 60003 41515 41520
0 0 0 1
22
28.9684 279.61
28.9655 279.615
28.7933 279.618
28.7898 279.614
28.7864 279.61
28.7726 279.596
28.7657 279.588
28.7623 279.585
28.7588 279.581
28.7554 279.577
28.7612 279.569
28.7843 279.534
28.7872 279.529
28.8662 279.472
28.9594 279.526
28.9663 279.534
28.9904 279.559
28.9938 279.563
28.9973 279.567
28.9944 279.571
28.9857 279.584
28.9684 279.61
SUA24_0

0
0 60003 41520 41525
0 0 0 1
23
28.9837 279.694
28.9577 279.733
28.9519 279.742
28.8551 279.773
28.8482 279.766
28.8413 279.758
28.8378 279.755
28.8275 279.744
28.8206 279.736
28.8172 279.733
28.7223 279.468
28.7252 279.463
28.7281 279.459
28.7454 279.433
28.7512 279.424
28.7541 279.42
28.8152 279.38
28.8739 279.398
28.8774 279.402
28.9842 279.516
28.9876 279.519
28.9911 279.523
28.9837 279.694
SUA25_0

0
0 60003 41525 41530
0 0 0 1
30
28.994 279.705
28.9796 279.727
28.9767 279.731
28.8723 279.791
28.6856 279.63
28.6821 279.626
28.6753 279.619
28.6718 279.615
28.658 279.6
28.6546 279.597
28.6511 279.593
28.6477 279.589
28.6259 279.551
28.6464 279.432
28.6732 279.311
28.6761 279.307
28.679 279.302
28.6819 279.298
28.6963 279.276
28.705 279.263
28.7926 279.237
28.796 279.241
28.8064 279.252
28.8098 279.255
28.8305 279.277
28.997 279.47
29.0204 279.532
29.0085 279.683
29.0027 279.692
28.994 279.705
SUA26_0

0
0 60003 41530 41535
0 0 0 1
31
28.9778 279.747
28.9749 279.752
28.9425 279.792
28.8792 279.799
28.8665 279.8
28.8274 279.788
28.8205 279.781
28.8171 279.777
28.8033 279.762
28.7826 279.74
28.7792 279.737
28.6299 279.563
28.6065 279.501
28.6945 279.297
28.6974 279.292
28.7003 279.288
28.7148 279.266
28.7206 279.257
28.7263 279.248
28.7874 279.254
28.9987 279.449
29.0366 279.489
29.0401 279.493
29.0584 279.528
29.0583 279.572
29.0536 279.597
29.0293 279.66
29.0067 279.703
28.998 279.717
28.9951 279.721
28.9778 279.747
SUA27_0

0
0 60003 41535 41540
0 0 0 1
34
29.0181 279.731
29.0153 279.735
28.9887 279.766
28.9022 279.808
28.8602 279.801
28.8205 279.781
28.7935 279.76
28.7935 279.76
28.79 279.756
28.7866 279.752
28.759 279.723
28.6522 279.609
28.6419 279.598
28.6316 279.587
28.6001 279.501
28.593 279.352
28.6064 279.314
28.6093 279.31
28.6151 279.301
28.6382 279.266
28.6677 279.231
28.6924 279.22
28.7408 279.227
28.815 279.239
28.973 279.399
28.9764 279.403
29.0005 279.429
29.0074 279.436
29.0109 279.44
29.0464 279.492
29.06 279.596
29.0471 279.687
29.0384 279.7
29.0181 279.731
SUA28_0

0
0 60003 41540 41545
0 0 0 1
35
29.0084 279.728
28.9881 279.758
28.9852 279.763
28.9581 279.786
28.9235 279.794
28.8636 279.804
28.8038 279.771
28.8004 279.767
28.7969 279.763
28.7935 279.76
28.7832 279.749
28.7694 279.734
28.7659 279.73
28.6546 279.597
28.6052 279.529
28.5852 279.471
28.5958 279.393
28.626 279.32
28.6288 279.316
28.6317 279.312
28.6462 279.29
28.6549 279.277
28.6578 279.272
28.7247 279.224
28.8058 279.244
28.8466 279.28
28.9425 279.374
28.9873 279.422
29.0218 279.459
29.0252 279.462
29.0635 279.555
29.0495 279.63
29.017 279.714
29.0142 279.719
29.0084 279.728
SUA29_0

0
0 60003 41545 41550
0 0 0 1
31
28.9986 279.725
28.9928 279.733
28.9899 279.738
28.9662 279.765
28.9333 279.797
28.9022 279.808
28.8602 279.801
28.8504 279.798
28.8038 279.771
28.7694 279.734
28.7659 279.73
28.6546 279.597
28.5944 279.51
28.6195 279.366
28.6496 279.293
28.6525 279.289
28.667 279.267
28.6785 279.25
28.6843 279.241
28.7442 279.23
28.8299 279.269
28.95 279.39
28.9569 279.397
28.9603 279.401
29.0051 279.448
29.0446 279.513
29.0536 279.597
29.0477 279.65
29.0391 279.663
29.013 279.703
28.9986 279.725
SUA30_0

0
0 60003 41550 41555
0 0 0 1
41
29.0246 279.685
29.013 279.703
28.9928 279.733
28.9899 279.738
28.9841 279.746
28.9662 279.765
28.9449 279.779
28.9011 279.792
28.8821 279.794
28.8723 279.791
28.8527 279.785
28.8263 279.772
28.8131 279.765
28.8062 279.758
28.8027 279.754
28.7958 279.747
28.7786 279.729
28.7545 279.703
28.751 279.699
28.6575 279.592
28.6156 279.54
28.6048 279.477
28.598 279.425
28.6079 279.383
28.6137 279.374
28.6253 279.357
28.6397 279.335
28.6929 279.272
28.7482 279.242
28.7672 279.24
28.823 279.262
28.9781 279.427
29.0056 279.456
29.0229 279.475
29.0349 279.51
29.04 279.538
29.0507 279.601
29.0437 279.639
29.0333 279.672
29.0304 279.676
29.0246 279.685
SUA31_0

0
0 60003 41555 41560
0 0 0 1
40
29.0015 279.72
28.9899 279.738
28.987 279.742
28.9357 279.784
28.9074 279.791
28.8884 279.794
28.8821 279.794
28.8625 279.788
28.8297 279.776
28.8096 279.762
28.8062 279.758
28.7855 279.736
28.7579 279.707
28.751 279.699
28.7442 279.692
28.6701 279.591
28.6277 279.531
28.6128 279.5
28.6078 279.428
28.6363 279.331
28.645 279.318
28.6594 279.296
28.6652 279.288
28.6681 279.283
28.7874 279.254
28.8173 279.271
28.9442 279.398
28.9511 279.406
28.9924 279.45
29.0131 279.472
29.0165 279.475
29.02 279.479
29.0354 279.518
29.0445 279.557
29.0466 279.634
29.0356 279.66
29.0188 279.694
29.0159 279.698
29.013 279.703
29.0015 279.72
SUA32_0

0
0 60003 41560 41565
0 0 0 1
38
29.0119 279.687
28.9946 279.713
28.9859 279.726
28.983 279.73
28.9478 279.775
28.8971 279.78
28.8781 279.783
28.8493 279.782
28.8022 279.746
28.7987 279.743
28.7815 279.724
28.7643 279.706
28.7608 279.702
28.6259 279.551
28.6106 279.468
28.638 279.355
28.6408 279.351
28.6495 279.338
28.6524 279.334
28.664 279.316
28.6698 279.307
28.7061 279.279
28.7338 279.264
28.7816 279.263
28.8207 279.274
28.9614 279.417
28.9648 279.42
28.9683 279.424
28.9786 279.435
28.9924 279.45
28.9993 279.457
29.0136 279.48
29.0325 279.522
29.0398 279.582
29.0345 279.644
29.0206 279.674
29.0177 279.678
29.0119 279.687
SUA33_0

0
0 60003 41565 41570
0 0 0 1
35
28.9767 279.731
28.9651 279.749
28.9351 279.776
28.9132 279.783
28.8942 279.785
28.8689 279.788
28.8522 279.777
28.8188 279.757
28.8154 279.753
28.8119 279.749
28.7947 279.731
28.6983 279.628
28.681 279.61
28.65 279.577
28.6431 279.57
28.6277 279.531
28.6106 279.468
28.6268 279.426
28.6431 279.383
28.6598 279.349
28.6945 279.297
28.7861 279.282
28.7925 279.282
28.8213 279.282
28.835 279.297
28.9625 279.433
28.997 279.47
29.0039 279.477
29.0216 279.503
29.0382 279.558
29.0287 279.652
29.0229 279.661
29.0172 279.67
29.0027 279.692
28.9767 279.731
SUA34_0

0
0 60003 41570 41575
0 0 0 1
38
28.9883 279.714
28.9709 279.74
28.9593 279.757
28.9155 279.77
28.881 279.778
28.8424 279.774
28.8188 279.757
28.8119 279.749
28.7706 279.705
28.7637 279.698
28.7603 279.694
28.6799 279.594
28.6404 279.529
28.6285 279.45
28.6309 279.393
28.6338 279.388
28.6396 279.38
28.6598 279.349
28.6685 279.336
28.6743 279.327
28.6801 279.318
28.7481 279.287
28.7798 279.283
28.8189 279.295
28.9384 279.407
28.9418 279.411
28.9487 279.418
28.9694 279.44
28.9763 279.448
28.9901 279.462
29.0078 279.489
29.0262 279.523
29.0306 279.587
29.0317 279.603
29.0294 279.616
29.0247 279.641
28.9911 279.709
28.9883 279.714
SUA35_0

0
0 60003 41575 41580
0 0 0 1
38
29.0097 279.654
28.9692 279.716
28.9664 279.72
28.9519 279.742
28.949 279.746
28.9306 279.756
28.9029 279.772
28.8902 279.773
28.8551 279.773
28.835 279.759
28.8114 279.741
28.7086 279.639
28.7017 279.632
28.6948 279.625
28.6707 279.599
28.6415 279.545
28.6204 279.471
28.6395 279.424
28.6673 279.364
28.6702 279.36
28.676 279.351
28.6991 279.316
28.702 279.312
28.77 279.28
28.7856 279.274
28.8229 279.307
28.9154 279.398
28.9188 279.401
28.9292 279.412
28.9533 279.438
28.974 279.46
28.9877 279.475
29.0021 279.497
29.0204 279.532
29.0346 279.599
29.0155 279.646
29.0126 279.65
29.0097 279.654
SUA36_0

0
0 60003 41580 41585
0 0 0 1
37
29.0132 279.658
28.9669 279.728
28.9553 279.746
28.9524 279.75
28.9213 279.762
28.8931 279.769
28.858 279.769
28.8217 279.752
28.8183 279.749
28.7907 279.719
28.6839 279.606
28.677 279.598
28.6701 279.591
28.6398 279.521
28.6393 279.513
28.6382 279.497
28.6493 279.427
28.6539 279.402
28.6568 279.398
28.6597 279.394
28.6771 279.367
28.6915 279.345
28.6944 279.341
28.7123 279.323
28.7608 279.285
28.8034 279.301
28.8367 279.321
28.847 279.332
28.9366 279.428
28.9917 279.486
28.9986 279.494
29.009 279.505
29.0158 279.512
29.017 279.528
29.0181 279.544
29.0242 279.633
29.0132 279.658
SUA37_0

0
0 60003 41585 41590
0 0 0 1
38
28.949 279.746
28.9432 279.755
28.9063 279.775
28.881 279.778
28.835 279.759
28.8315 279.755
28.8074 279.73
28.8005 279.722
28.7833 279.704
28.7661 279.686
28.7557 279.675
28.6828 279.589
28.6685 279.567
28.6536 279.536
28.6496 279.524
28.6522 279.423
28.6608 279.41
28.6637 279.405
28.684 279.375
28.6869 279.37
28.7406 279.316
28.7815 279.307
28.7878 279.306
28.8108 279.316
28.8309 279.33
28.9263 279.417
28.9297 279.42
28.9401 279.431
28.9504 279.442
28.9711 279.464
28.9992 279.502
29.0197 279.568
29.0138 279.622
29.0092 279.646
29.0039 279.663
29.001 279.668
28.9981 279.672
28.949 279.746
SUA38_0

0
0 60003 41590 41595
0 0 0 1
33
28.9826 279.678
28.9363 279.748
28.9277 279.761
28.9 279.776
28.8442 279.754
28.831 279.747
28.8108 279.733
28.8074 279.73
28.8005 279.722
28.7764 279.697
28.7729 279.693
28.6966 279.604
28.6788 279.578
28.6708 279.554
28.6435 279.436
28.6464 279.432
28.6551 279.418
28.7042 279.344
28.7071 279.34
28.7941 279.306
28.8407 279.333
28.8441 279.337
28.8476 279.34
28.9096 279.406
28.9613 279.461
28.9888 279.491
28.9957 279.498
29.0077 279.533
29.0214 279.592
29.0219 279.6
28.9913 279.665
28.9884 279.669
28.9826 279.678
SUA39_0

0
0 60003 41595 41600
0 0 0 1
39
28.9808 279.698
28.9635 279.724
28.9606 279.729
28.9548 279.738
28.9271 279.753
28.9052 279.759
28.8735 279.763
28.8511 279.761
28.8177 279.741
28.8143 279.737
28.7971 279.719
28.7833 279.704
28.7729 279.693
28.7626 279.682
28.7592 279.678
28.6857 279.585
28.6548 279.508
28.6543 279.499
28.6607 279.454
28.6775 279.42
28.6862 279.407
28.6977 279.389
28.7151 279.363
28.7238 279.35
28.7474 279.323
28.8206 279.319
28.824 279.323
28.8309 279.33
28.8378 279.337
28.855 279.356
28.8585 279.359
28.9831 279.499
29.0014 279.534
29.0088 279.549
29.0174 279.581
29.0109 279.626
28.9895 279.685
28.9866 279.689
28.9808 279.698
SUA40_0

0
0 60003 41600 41605
0 0 0 1
43
28.9531 279.713
28.9502 279.718
28.9416 279.731
28.9202 279.745
28.8862 279.761
28.8442 279.754
28.8137 279.729
28.8103 279.725
28.8068 279.722
28.7793 279.692
28.7758 279.689
28.7689 279.681
28.6989 279.592
28.6835 279.553
28.6795 279.541
28.6802 279.505
28.6819 279.484
28.6907 279.427
28.6936 279.422
28.7081 279.4
28.7283 279.37
28.7312 279.365
28.7526 279.351
28.7618 279.346
28.79 279.339
28.8027 279.337
28.8125 279.34
28.8429 279.365
28.9343 279.44
28.9377 279.444
28.9515 279.458
28.9584 279.466
28.9687 279.477
28.9722 279.48
28.9796 279.496
29.002 279.542
29.0076 279.578
29.0035 279.611
28.9873 279.653
28.9734 279.683
28.9676 279.692
28.9589 279.705
28.9531 279.713
SUA41_0

0
0 60003 41605 41610
0 0 0 1
35
28.9526 279.705
28.9468 279.714
28.9439 279.719
28.941 279.723
28.8856 279.753
28.8569 279.752
28.8338 279.743
28.8206 279.736
28.8103 279.725
28.8068 279.722
28.7965 279.711
28.7827 279.696
28.6748 279.566
28.6705 279.457
28.6867 279.415
28.6896 279.41
28.7041 279.389
28.7099 279.38
28.7185 279.367
28.7491 279.347
28.7929 279.334
28.8395 279.361
28.863 279.379
28.921 279.433
28.9279 279.441
28.9348 279.448
28.9555 279.47
28.9589 279.474
28.994 279.519
28.9962 279.551
28.9989 279.591
28.9995 279.599
28.9925 279.636
28.9757 279.67
28.9526 279.705
SUA42_0

0
0 60003 41610 41615
0 0 0 1
36
28.9515 279.689
28.9457 279.698
28.9399 279.707
28.922 279.725
28.8851 279.745
28.8436 279.746
28.8132 279.721
28.8097 279.717
28.8028 279.71
28.7753 279.681
28.723 279.617
28.6944 279.572
28.6733 279.497
28.6768 279.456
28.6826 279.448
28.7086 279.408
28.7115 279.404
28.7144 279.4
28.7526 279.351
28.8032 279.345
28.8291 279.35
28.921 279.433
28.9279 279.441
28.9314 279.444
28.9555 279.47
28.9589 279.474
28.9738 279.505
28.9887 279.535
28.9962 279.551
28.9978 279.575
28.9966 279.603
28.9885 279.624
28.9804 279.646
28.9775 279.65
28.9601 279.676
28.9515 279.689
SUA43_0

0
0 60003 41615 41620
0 0 0 1
35
28.9462 279.706
28.9347 279.724
28.8701 279.759
28.85 279.745
28.7988 279.698
28.7954 279.694
28.7919 279.691
28.7885 279.687
28.7713 279.669
28.7644 279.661
28.7609 279.658
28.719 279.606
28.7047 279.583
28.6784 279.525
28.6796 279.497
28.7137 279.436
28.7166 279.432
28.7282 279.414
28.7311 279.41
28.7426 279.392
28.7455 279.388
28.794 279.35
28.8469 279.377
28.9153 279.442
28.9187 279.446
28.9222 279.449
28.9394 279.468
28.9463 279.475
28.9566 279.486
28.9922 279.539
28.9914 279.62
28.9665 279.675
28.9636 279.68
28.9491 279.702
28.9462 279.706
SUA44_0

0
0 60003 41620 41625
0 0 0 1
36
28.9867 279.645
28.9723 279.667
28.9607 279.684
28.9254 279.729
28.8978 279.744
28.8632 279.752
28.8258 279.719
28.819 279.712
28.8086 279.701
28.7845 279.675
28.7707 279.661
28.7673 279.657
28.6978 279.576
28.6864 279.549
28.6871 279.512
28.6894 279.5
28.7022 279.454
28.7051 279.449
28.7108 279.441
28.7282 279.414
28.734 279.406
28.7369 279.401
28.7732 279.373
28.7917 279.363
28.8337 279.37
28.9153 279.442
28.9325 279.461
28.9428 279.472
28.9532 279.483
28.9601 279.49
28.9635 279.494
28.9669 279.497
28.9875 279.564
28.9932 279.6
28.9925 279.636
28.9867 279.645
SUA45_0

0
0 60003 41625 41630
0 0 0 1
35
28.9457 279.698
28.9341 279.716
28.903 279.727
28.8558 279.736
28.8523 279.733
28.842 279.722
28.8316 279.711
28.8075 279.685
28.7868 279.663
28.7731 279.648
28.7312 279.596
28.7025 279.551
28.6928 279.503
28.712 279.457
28.7149 279.452
28.7235 279.439
28.7322 279.426
28.7351 279.422
28.738 279.417
28.7438 279.409
28.7559 279.399
28.7772 279.385
28.8118 279.377
28.8406 279.378
28.9124 279.447
28.9193 279.454
28.9262 279.461
28.9399 279.476
28.9503 279.487
28.9646 279.51
28.9755 279.529
28.9852 279.576
28.9769 279.642
28.9659 279.667
28.9457 279.698
SUA46_0

0
0 60003 41630 41635
0 0 0 1
38
28.9411 279.678
28.9267 279.7
28.9238 279.705
28.9209 279.709
28.8943 279.74
28.8552 279.728
28.8454 279.725
28.8253 279.711
28.7874 279.671
28.7099 279.566
28.7059 279.555
28.7124 279.509
28.7171 279.484
28.7194 279.472
28.7339 279.45
28.7512 279.424
28.7541 279.42
28.757 279.415
28.7997 279.386
28.806 279.385
28.8319 279.391
28.8417 279.394
28.9032 279.452
28.91 279.459
28.9135 279.463
28.9238 279.474
28.9445 279.496
28.9514 279.503
28.9657 279.526
28.9801 279.548
28.9806 279.556
28.9812 279.564
28.9776 279.605
28.9753 279.618
28.9642 279.643
28.9614 279.648
28.9498 279.665
28.9411 279.678
SUA47_0

0
0 60003 41635 41640
0 0 0 1
34
28.9619 279.656
28.9504 279.673
28.9203 279.701
28.8961 279.72
28.8713 279.731
28.8518 279.725
28.8385 279.718
28.8351 279.714
28.8247 279.703
28.8144 279.692
28.8075 279.685
28.8041 279.681
28.8006 279.678
28.7381 279.604
28.7134 279.57
28.7194 279.472
28.7223 279.468
28.7339 279.45
28.7454 279.433
28.757 279.415
28.8066 279.393
28.8515 279.397
28.8549 279.4
28.8618 279.408
28.879 279.426
28.8825 279.43
28.8859 279.433
28.8894 279.437
28.9588 279.518
28.9708 279.553
28.9748 279.565
28.9822 279.625
28.9677 279.647
28.9619 279.656
SUA48_0

0
0 60003 41640 41645
0 0 0 1
32
28.9724 279.622
28.9146 279.71
28.9117 279.714
28.9088 279.718
28.8615 279.728
28.8449 279.717
28.838 279.71
28.8104 279.681
28.7897 279.659
28.7656 279.633
28.7622 279.629
28.7587 279.626
28.7341 279.592
28.7232 279.573
28.7193 279.517
28.7211 279.496
28.724 279.492
28.7269 279.487
28.7471 279.457
28.7615 279.435
28.7702 279.422
28.7789 279.409
28.7881 279.404
28.8135 279.401
28.8491 279.409
28.9135 279.463
28.9204 279.47
28.9479 279.499
28.9514 279.503
28.9708 279.553
28.9753 279.618
28.9724 279.622
SUA49_0

0
0 60003 41645 41650
0 0 0 1
27
28.9539 279.632
28.9221 279.68
28.9048 279.707
28.9019 279.711
28.8546 279.72
28.8449 279.717
28.8276 279.699
28.8207 279.692
28.8173 279.688
28.7966 279.666
28.772 279.632
28.7295 279.572
28.7251 279.508
28.7337 279.495
28.7395 279.486
28.7569 279.46
28.7598 279.455
28.7921 279.415
28.837 279.418
28.8468 279.421
28.8664 279.427
28.8733 279.435
28.8905 279.453
28.9491 279.515
28.9559 279.523
28.973 279.586
28.9539 279.632
SUA50_0

0
0 60003 41650 41655
0 0 0 1
37
28.9273 279.664
28.9216 279.672
28.9158 279.681
28.91 279.69
28.8921 279.708
28.88 279.717
28.8708 279.723
28.8581 279.724
28.8443 279.709
28.7961 279.658
28.7892 279.651
28.7823 279.643
28.7788 279.64
28.7542 279.606
28.7398 279.583
28.7347 279.555
28.7342 279.547
28.7556 279.488
28.7585 279.484
28.7672 279.471
28.7903 279.436
28.8024 279.426
28.8146 279.417
28.8497 279.417
28.8531 279.421
28.8566 279.424
28.9393 279.512
28.9427 279.516
28.9462 279.52
28.9462 279.52
28.9542 279.543
28.9593 279.571
28.9609 279.595
28.9586 279.607
28.9534 279.624
28.9505 279.629
28.9273 279.664
SUA51_0

0
0 60003 41655 41660
0 0 0 1
33
28.9337 279.663
28.9279 279.672
28.925 279.676
28.91 279.69
28.8736 279.718
28.8506 279.709
28.8472 279.705
28.8093 279.665
28.7921 279.646
28.7886 279.643
28.7783 279.632
28.7462 279.582
28.7468 279.546
28.7475 279.509
28.7562 279.496
28.7793 279.461
28.7909 279.444
28.7938 279.439
28.803 279.434
28.822 279.432
28.8474 279.429
28.8571 279.432
28.8606 279.436
28.8847 279.462
28.9054 279.484
28.9433 279.524
28.9536 279.535
28.957 279.539
28.9598 279.579
28.9568 279.628
28.9539 279.632
28.951 279.637
28.9337 279.663
SUA52_0

0
0 60003 41660 41665
0 0 0 1
32
28.9187 279.677
28.8984 279.707
28.8955 279.712
28.8927 279.716
28.8834 279.721
28.857 279.708
28.8501 279.701
28.8432 279.693
28.7984 279.646
28.7777 279.624
28.7674 279.613
28.764 279.609
28.7451 279.566
28.7521 279.529
28.7602 279.508
28.7631 279.504
28.766 279.499
28.7833 279.473
28.792 279.46
28.8128 279.437
28.841 279.43
28.8474 279.429
28.8577 279.44
28.9128 279.499
28.9404 279.528
28.9478 279.544
28.9518 279.556
28.9604 279.587
28.9609 279.595
28.9418 279.642
28.936 279.651
28.9187 279.677
SUA53_0

0
0 60003 41665 41670
0 0 0 1
32
28.9441 279.629
28.9297 279.651
28.9181 279.669
28.9094 279.682
28.9066 279.686
28.8852 279.701
28.8668 279.711
28.857 279.708
28.8535 279.704
28.8225 279.671
28.8156 279.664
28.7668 279.604
28.7543 279.561
28.7526 279.537
28.755 279.525
28.7579 279.52
28.7665 279.507
28.7925 279.468
28.8162 279.441
28.8226 279.44
28.8577 279.44
28.8646 279.448
28.8853 279.47
28.9231 279.51
28.93 279.517
28.9335 279.521
28.9444 279.54
28.9535 279.58
28.954 279.588
28.9551 279.604
28.947 279.625
28.9441 279.629
SUA54_0

0
0 60003 41670 41675
0 0 0 1
33
28.9176 279.661
28.9089 279.674
28.9031 279.683
28.9002 279.687
28.8852 279.701
28.8789 279.701
28.8593 279.695
28.826 279.675
28.8191 279.668
28.7984 279.646
28.795 279.642
28.7881 279.635
28.7668 279.604
28.7572 279.557
28.7595 279.545
28.7786 279.498
28.7844 279.489
28.8047 279.458
28.8104 279.45
28.8197 279.445
28.8358 279.447
28.8519 279.449
28.8686 279.46
28.872 279.463
28.8927 279.485
28.9306 279.526
28.9375 279.533
28.946 279.564
28.9466 279.572
28.9488 279.605
28.932 279.639
28.9291 279.643
28.9176 279.661
SUA55_0

0
0 60003 41675 41680
0 0 0 1
33
28.9112 279.661
28.8881 279.696
28.8852 279.701
28.8725 279.702
28.8662 279.703
28.8358 279.678
28.822 279.663
28.8013 279.641
28.7979 279.637
28.7801 279.611
28.7617 279.577
28.7606 279.561
28.7624 279.54
28.7653 279.536
28.7682 279.531
28.7884 279.501
28.7913 279.496
28.7942 279.492
28.7971 279.488
28.8 279.483
28.8329 279.451
28.8588 279.457
28.8622 279.46
28.8967 279.497
28.9139 279.515
28.9243 279.526
28.9277 279.53
28.942 279.553
28.9506 279.584
28.9454 279.601
28.9286 279.635
28.9257 279.64
28.9112 279.661
SUA56_0

0
0 60003 41680 41685
0 0 0 1
34
28.8904 279.684
28.8876 279.688
28.8847 279.693
28.8656 279.695
28.8421 279.677
28.8317 279.666
28.8076 279.64
28.8007 279.633
28.7973 279.629
28.7939 279.626
28.7692 279.592
28.767 279.56
28.7653 279.536
28.7682 279.531
28.774 279.523
28.7913 279.496
28.7942 279.492
28.7971 279.488
28.815 279.47
28.8242 279.464
28.8369 279.463
28.8496 279.462
28.8932 279.493
28.9001 279.501
28.9105 279.512
28.9208 279.523
28.9277 279.53
28.9311 279.534
28.9403 279.573
28.9408 279.581
28.9396 279.61
28.9367 279.614
28.9136 279.649
28.8904 279.684
SUA57_0

0
0 60003 41685 41690
0 0 0 1
33
28.9222 279.636
28.9136 279.649
28.9107 279.653
28.9078 279.658
28.8714 279.686
28.8622 279.691
28.8622 279.691
28.8524 279.688
28.8421 279.677
28.8076 279.64
28.8007 279.633
28.7973 279.629
28.7726 279.596
28.7715 279.58
28.7756 279.547
28.7785 279.542
28.7814 279.538
28.7843 279.534
28.7959 279.516
28.8161 279.486
28.819 279.481
28.8219 279.477
28.8311 279.472
28.8403 279.467
28.8594 279.465
28.8697 279.476
28.9076 279.516
28.9179 279.527
28.9214 279.531
28.9368 279.569
28.9408 279.581
28.9396 279.61
28.9222 279.636
SUA58_0

0
0 60003 41690 41695
0 0 0 1
27
28.9222 279.636
28.9049 279.662
28.868 279.682
28.8524 279.688
28.849 279.684
28.8455 279.681
28.8421 279.677
28.8317 279.666
28.8145 279.648
28.7761 279.599
28.7721 279.588
28.7715 279.58
28.7733 279.559
28.7814 279.538
28.7872 279.529
28.8103 279.494
28.8132 279.49
28.8403 279.467
28.853 279.465
28.8737 279.487
28.9081 279.524
28.915 279.531
28.9185 279.535
28.9294 279.554
28.9367 279.614
28.9338 279.618
28.9222 279.636
SUA59_0

0
0 60003 41695 41700
0 0 0 1
32
28.8929 279.627
28.89 279.631
28.8571 279.663
28.8415 279.669
28.8381 279.665
28.8312 279.658
28.8174 279.643
28.8105 279.636
28.7933 279.618
28.7899 279.614
28.7583 279.573
28.7566 279.549
28.7642 279.52
28.7671 279.515
28.7729 279.507
28.7873 279.485
28.7989 279.467
28.8018 279.463
28.811 279.458
28.83 279.456
28.8363 279.455
28.8565 279.469
28.8599 279.473
28.8634 279.476
28.8771 279.491
28.9012 279.517
28.9087 279.532
28.9212 279.575
28.9218 279.583
28.9189 279.588
28.9102 279.601
28.8929 279.627
SUA60_0

0
0 60003 41700 41705
0 0 0 1
37
28.9062 279.589
28.8918 279.611
28.8773 279.633
28.8744 279.637
28.8594 279.651
28.8444 279.665
28.8278 279.654
28.8243 279.651
28.8209 279.647
28.8174 279.643
28.8071 279.632
28.7864 279.61
28.7514 279.566
28.7394 279.531
28.7389 279.523
28.7383 279.514
28.7401 279.494
28.7459 279.485
28.7488 279.481
28.7632 279.459
28.7661 279.455
28.7777 279.437
28.7898 279.428
28.8088 279.426
28.822 279.432
28.8255 279.436
28.8323 279.443
28.8461 279.458
28.8771 279.491
28.8806 279.495
28.8949 279.517
28.9024 279.533
28.9104 279.556
28.9144 279.568
28.912 279.58
28.9091 279.585
28.9062 279.589
SUA61_0

0
0 60003 41705 41710
0 0 0 1
30
28.8901 279.587
28.8699 279.617
28.867 279.622
28.837 279.649
28.8174 279.643
28.8105 279.636
28.7761 279.599
28.7451 279.566
28.7416 279.563
28.7296 279.528
28.7211 279.496
28.7228 279.476
28.7489 279.436
28.7518 279.432
28.7575 279.423
28.7668 279.418
28.795 279.411
28.8048 279.414
28.8082 279.418
28.8151 279.425
28.8289 279.44
28.8392 279.451
28.8496 279.462
28.8565 279.469
28.8811 279.503
28.8955 279.525
28.9 279.545
28.9011 279.561
28.8988 279.574
28.8901 279.587
SUA62_0

0
0 60003 41710 41715
0 0 0 1
31
28.8624 279.602
28.8567 279.611
28.833 279.638
28.8203 279.639
28.8071 279.632
28.8036 279.629
28.8002 279.625
28.7899 279.614
28.7795 279.603
28.7657 279.588
28.7273 279.54
28.7095 279.514
28.7044 279.486
28.7073 279.481
28.7246 279.455
28.7362 279.438
28.7449 279.425
28.7507 279.416
28.7564 279.407
28.7714 279.393
28.791 279.399
28.7944 279.403
28.7979 279.407
28.8496 279.462
28.8565 279.469
28.8817 279.511
28.8817 279.511
28.8897 279.534
28.8908 279.55
28.8885 279.563
28.8624 279.602
SUA63_0

0
0 60003 41715 41720
0 0 0 1
26
28.8729 279.568
28.8527 279.599
28.8169 279.635
28.8105 279.636
28.8071 279.632
28.8036 279.629
28.7899 279.614
28.7795 279.603
28.7623 279.585
28.717 279.529
28.713 279.517
28.7118 279.501
28.7113 279.493
28.7136 279.481
28.7657 279.402
28.7714 279.393
28.8042 279.406
28.8077 279.41
28.8146 279.417
28.8215 279.424
28.8352 279.439
28.8421 279.446
28.8782 279.507
28.8845 279.551
28.8816 279.555
28.8729 279.568
SUA64_0

0
0 60003 41720 41725
0 0 0 1
31
28.8579 279.582
28.8261 279.63
28.8232 279.635
28.8169 279.635
28.8105 279.636
28.7973 279.629
28.7904 279.622
28.7594 279.589
28.7313 279.552
28.717 279.529
28.7084 279.498
28.7125 279.465
28.7154 279.46
28.7241 279.447
28.7385 279.425
28.7443 279.417
28.7593 279.403
28.7749 279.397
28.791 279.399
28.8048 279.414
28.8117 279.421
28.8496 279.462
28.8565 279.469
28.8634 279.476
28.8793 279.523
28.8799 279.531
28.8805 279.539
28.881 279.547
28.881 279.547
28.8723 279.56
28.8579 279.582
SUA65_0

0
0 60003 41725 41730
0 0 0 1
32
28.8492 279.595
28.8463 279.6
28.8434 279.604
28.8134 279.632
28.7973 279.629
28.7939 279.626
28.7904 279.622
28.7732 279.604
28.7594 279.589
28.721 279.541
28.7124 279.509
28.7038 279.478
28.7091 279.461
28.7149 279.452
28.7264 279.435
28.7351 279.422
28.7409 279.413
28.7438 279.409
28.7593 279.403
28.7812 279.396
28.8111 279.413
28.818 279.421
28.8421 279.446
28.8456 279.45
28.849 279.454
28.8599 279.473
28.877 279.536
28.8776 279.544
28.8752 279.556
28.8695 279.565
28.8637 279.573
28.8492 279.595
SUA66_0

0
0 60003 41730 41735
0 0 0 1
29
28.8655 279.553
28.851 279.575
28.8394 279.592
28.8365 279.597
28.8036 279.629
28.7973 279.629
28.7938 279.626
28.7594 279.589
28.721 279.541
28.717 279.529
28.705 279.494
28.7038 279.478
28.7067 279.473
28.7472 279.412
28.7593 279.403
28.7657 279.402
28.772 279.401
28.7783 279.401
28.7979 279.407
28.8048 279.414
28.8151 279.425
28.822 279.432
28.8427 279.454
28.8496 279.462
28.853 279.465
28.873 279.524
28.8741 279.54
28.8683 279.549
28.8655 279.553
SUA67_0

0
0 60003 41735 41740
0 0 0 1
29
28.8447 279.576
28.836 279.589
28.8331 279.593
28.8036 279.629
28.7939 279.626
28.787 279.618
28.7801 279.611
28.7525 279.582
28.7175 279.537
28.7124 279.509
28.7171 279.484
28.72 279.48
28.7315 279.463
28.7373 279.454
28.7546 279.428
28.7789 279.409
28.7881 279.404
28.8008 279.402
28.8042 279.406
28.8111 279.413
28.8318 279.435
28.8352 279.439
28.8387 279.443
28.853 279.465
28.8605 279.481
28.8685 279.504
28.8736 279.532
28.8707 279.536
28.8447 279.576
SUA68_0

0
0 60003 41740 41745
0 0 0 1
37
28.8458 279.592
28.8429 279.596
28.84 279.6
28.8007 279.633
28.7973 279.629
28.7801 279.611
28.7663 279.596
28.756 279.585
28.7525 279.582
28.7175 279.537
28.7135 279.525
28.7124 279.509
28.7147 279.497
28.72 279.48
28.7228 279.476
28.7344 279.458
28.7431 279.445
28.7546 279.428
28.7575 279.423
28.7697 279.414
28.7789 279.409
28.7852 279.408
28.7979 279.407
28.8048 279.414
28.8082 279.418
28.8289 279.44
28.8358 279.447
28.8392 279.451
28.8461 279.458
28.8496 279.462
28.873 279.524
28.8736 279.532
28.8741 279.54
28.8718 279.552
28.8631 279.565
28.8573 279.574
28.8458 279.592
SUA69_0

0
0 60003 41745 41750
0 0 0 1
31
28.8389 279.584
28.8331 279.593
28.7973 279.629
28.7973 279.629
28.7939 279.626
28.7904 279.622
28.7594 279.589
28.7284 279.556
28.725 279.552
28.7215 279.549
28.7141 279.533
28.709 279.506
28.7136 279.481
28.7136 279.481
28.7252 279.463
28.7483 279.428
28.7512 279.424
28.7662 279.41
28.791 279.399
28.7979 279.407
28.8048 279.414
28.8358 279.447
28.8427 279.454
28.8461 279.458
28.8599 279.473
28.8634 279.476
28.8719 279.508
28.8707 279.536
28.8678 279.541
28.8649 279.545
28.8389 279.584
SUA70_0

0
0 60003 41750 41755
0 0 0 1
34
28.8418 279.58
28.8331 279.593
28.8123 279.616
28.8002 279.625
28.8002 279.625
28.7939 279.626
28.7904 279.622
28.7732 279.604
28.7249 279.552
28.7146 279.541
28.7112 279.538
28.7101 279.522
28.709 279.506
28.7107 279.485
28.7194 279.472
28.7252 279.463
28.7281 279.459
28.7512 279.424
28.7541 279.42
28.757 279.415
28.7691 279.406
28.7876 279.396
28.791 279.399
28.8358 279.447
28.8427 279.454
28.8461 279.458
28.8496 279.462
28.853 279.465
28.857 279.477
28.8707 279.536
28.8678 279.541
28.8533 279.562
28.8504 279.567
28.8418 279.58
SUA71_0

0
0 60003 41755 41760
0 0 0 1
27
28.8615 279.541
28.8354 279.581
28.8297 279.589
28.8268 279.594
28.8089 279.612
28.791 279.63
28.7875 279.626
28.7772 279.615
28.7634 279.601
28.7496 279.586
28.7077 279.534
28.7107 279.485
28.716 279.468
28.7189 279.464
28.742 279.429
28.7478 279.42
28.7657 279.402
28.772 279.401
28.7783 279.401
28.7944 279.403
28.7979 279.407
28.8323 279.443
28.8501 279.47
28.8701 279.528
28.8672 279.533
28.8643 279.537
28.8615 279.541
SUA72_0

0
0 60003 41760 41765
0 0 0 1
29
28.8557 279.55
28.8412 279.572
28.8325 279.585
28.8297 279.589
28.8268 279.594
28.7939 279.626
28.7875 279.626
28.7875 279.626
28.7841 279.623
28.7737 279.612
28.7496 279.586
28.7427 279.579
28.7043 279.53
28.7084 279.498
28.7136 279.481
28.7194 279.472
28.7483 279.428
28.7512 279.424
28.7628 279.406
28.7847 279.4
28.8048 279.414
28.8186 279.429
28.8392 279.451
28.8427 279.454
28.8501 279.47
28.8541 279.481
28.8643 279.537
28.8615 279.541
28.8557 279.55
SUA73_0

0
0 60003 41765 41770
0 0 0 1
30
28.8291 279.581
28.8233 279.59
28.7939 279.626
28.7875 279.626
28.7703 279.608
28.7324 279.568
28.7048 279.538
28.7048 279.538
28.7043 279.53
28.7078 279.489
28.7102 279.477
28.7131 279.473
28.716 279.468
28.7246 279.455
28.7275 279.451
28.7304 279.446
28.7449 279.425
28.7628 279.406
28.7876 279.396
28.791 279.399
28.7979 279.407
28.8255 279.436
28.8467 279.466
28.8552 279.497
28.8598 279.517
28.8609 279.533
28.858 279.538
28.8551 279.542
28.8522 279.546
28.8291 279.581
SUA74_0

0
0 60003 41770 41775
0 0 0 1
24
28.8407 279.564
28.8262 279.586
28.8233 279.59
28.7846 279.631
28.7812 279.627
28.7674 279.613
28.7502 279.594
28.7433 279.587
28.6979 279.531
28.7073 279.481
28.7131 279.473
28.7449 279.425
28.7564 279.407
28.7686 279.398
28.7812 279.396
28.8048 279.414
28.8117 279.421
28.8324 279.443
28.8427 279.454
28.8603 279.525
28.8609 279.533
28.858 279.538
28.8551 279.542
28.8407 279.564
SUA75_0

0
0 60003 41775 41780
0 0 0 1
28
28.8233 279.59
28.7875 279.626
28.7812 279.627
28.7777 279.624
28.7502 279.594
28.7433 279.587
28.7398 279.583
28.6979 279.531
28.7026 279.506
28.7096 279.469
28.7125 279.465
28.7183 279.456
28.7212 279.452
28.7414 279.421
28.7472 279.412
28.7501 279.408
28.7686 279.398
28.7749 279.397
28.7847 279.4
28.7985 279.415
28.8191 279.437
28.8295 279.448
28.8432 279.462
28.8603 279.525
28.858 279.538
28.8551 279.542
28.8349 279.573
28.8233 279.59
SUA76_0

0
0 60003 41780 41785
0 0 0 1
36
28.843 279.551
28.8314 279.569
28.8228 279.582
28.8199 279.586
28.7812 279.627
28.7812 279.627
28.7777 279.624
28.7467 279.591
28.7123 279.554
28.7019 279.543
28.6985 279.539
28.6985 279.539
28.6979 279.531
28.6974 279.523
28.7038 279.478
28.7067 279.473
28.7096 279.469
28.7154 279.46
28.7183 279.456
28.7328 279.434
28.7356 279.43
28.7385 279.425
28.7622 279.398
28.7749 279.397
28.7812 279.396
28.7847 279.4
28.8053 279.422
28.8191 279.437
28.8329 279.451
28.8398 279.459
28.8518 279.494
28.8569 279.522
28.8575 279.53
28.8574 279.53
28.8546 279.534
28.843 279.551
SUA77_0

0
0 60003 41785 41790
0 0 0 1
33
28.8517 279.538
28.8372 279.56
28.8199 279.586
28.8199 279.586
28.7812 279.627
28.7748 279.628
28.7714 279.624
28.7542 279.606
28.7507 279.602
28.7369 279.588
28.6951 279.535
28.6951 279.535
28.6945 279.527
28.7062 279.465
28.7091 279.461
28.712 279.457
28.7149 279.452
28.7322 279.426
28.738 279.417
28.7501 279.408
28.7685 279.398
28.7749 279.397
28.7749 279.397
28.7847 279.4
28.7916 279.407
28.795 279.411
28.8226 279.44
28.8329 279.451
28.8363 279.455
28.8529 279.51
28.854 279.526
28.8546 279.534
28.8517 279.538
SUA78_0

0
0 60003 41790 41795
0 0 0 1
35
28.8546 279.534
28.8314 279.569
28.8257 279.578
28.8228 279.582
28.8199 279.586
28.7783 279.632
28.7748 279.628
28.7714 279.624
28.7645 279.617
28.7473 279.599
28.7404 279.591
28.7369 279.588
28.6916 279.532
28.6916 279.532
28.7067 279.473
28.7096 279.469
28.727 279.443
28.7443 279.417
28.7472 279.412
28.7501 279.408
28.7651 279.394
28.7812 279.396
28.7847 279.4
28.795 279.411
28.8019 279.418
28.8157 279.433
28.826 279.444
28.8295 279.448
28.8329 279.451
28.8489 279.498
28.8529 279.51
28.8535 279.518
28.854 279.526
28.8546 279.534
28.8546 279.534
SUA79_0

0
0 60003 41795 41800
0 0 0 1
33
28.843 279.551
28.8314 279.569
28.8257 279.578
28.8228 279.582
28.8199 279.586
28.7748 279.628
28.7714 279.624
28.7438 279.595
28.7404 279.591
28.7335 279.584
28.6916 279.532
28.6916 279.532
28.6916 279.532
28.6963 279.507
28.7062 279.465
28.712 279.457
28.7148 279.452
28.7351 279.422
28.7409 279.413
28.768 279.39
28.7881 279.404
28.7916 279.407
28.8122 279.429
28.8191 279.437
28.826 279.444
28.8295 279.448
28.8329 279.451
28.8534 279.518
28.854 279.526
28.8546 279.534
28.8546 279.534
28.8488 279.543
28.843 279.551
SUA80_0

0
0 60003 41800 41805
0 0 0 1
29
28.8396 279.548
28.8193 279.578
28.8164 279.583
28.7748 279.628
28.768 279.621
28.7542 279.606
28.7369 279.588
28.7335 279.584
28.6882 279.528
28.6882 279.528
28.7033 279.47
28.7293 279.43
28.7409 279.413
28.7467 279.404
28.768 279.39
28.768 279.39
28.7812 279.396
28.7847 279.4
28.7916 279.407
28.8088 279.426
28.8157 279.433
28.826 279.444
28.8335 279.459
28.846 279.503
28.8506 279.522
28.8511 279.53
28.8511 279.53
28.8482 279.535
28.8396 279.548
SUA81_0

0
0 60003 41805 41810
0 0 0 1
33
28.8511 279.53
28.8251 279.57
28.8193 279.578
28.8164 279.583
28.7748 279.628
28.7748 279.628
28.7714 279.624
28.768 279.621
28.7576 279.61
28.7473 279.599
28.7404 279.591
28.7335 279.584
28.7335 279.584
28.6882 279.528
28.6957 279.499
28.7033 279.47
28.7062 279.465
28.712 279.457
28.7177 279.448
28.7235 279.439
28.738 279.417
28.7409 279.413
28.7466 279.404
28.7559 279.399
28.7651 279.394
28.7714 279.393
28.7714 279.393
28.7881 279.404
28.8226 279.44
28.826 279.444
28.8295 279.448
28.85 279.514
28.8511 279.53
SUA82_0

0
0 60003 41810 41815
0 0 0 1
28
28.8309 279.561
28.8193 279.578
28.7714 279.624
28.7714 279.624
28.768 279.621
28.7611 279.613
28.7507 279.602
28.7335 279.584
28.7301 279.58
28.6847 279.524
28.697 279.47
28.7027 279.462
28.7143 279.444
28.7201 279.435
28.7374 279.409
28.7403 279.405
28.7617 279.39
28.7743 279.389
28.7812 279.396
28.795 279.411
28.8191 279.437
28.826 279.444
28.85 279.514
28.8511 279.53
28.8482 279.535
28.8396 279.548
28.8338 279.557
28.8309 279.561
SUA83_0

0
0 60003 41815 41820
0 0 0 1
28
28.8332 279.548
28.8245 279.562
28.8188 279.57
28.8159 279.575
28.7714 279.624
28.768 279.621
28.7611 279.613
28.7542 279.606
28.7369 279.588
28.7335 279.584
28.7301 279.58
28.6847 279.524
28.7022 279.454
28.7137 279.436
28.734 279.406
28.7369 279.401
28.7646 279.386
28.7881 279.404
28.7916 279.407
28.8088 279.426
28.8226 279.44
28.8295 279.448
28.8466 279.511
28.8471 279.519
28.8477 279.527
28.8477 279.527
28.8448 279.531
28.8332 279.548
