SUA0_0

0
0 60003 68400 68405
0 0 0 1
24
33.896 253.413
33.8673 253.385
33.8637 253.382
33.852 253.364
33.8548 253.359
33.871 253.332
33.8764 253.323
33.8818 253.313
33.8845 253.309
33.8998 253.302
33.8998 253.302
33.9133 253.308
33.9169 253.311
33.9492 253.342
33.9528 253.346
33.9528 253.346
33.9537 253.354
33.9546 253.362
33.9519 253.366
33.9465 253.375
33.9194 253.421
33.9167 253.425
33.9032 253.42
33.896 253.413
SUA1_0

0
0 60003 68405 68410
0 0 0 1
29
33.87 253.409
33.8592 253.399
33.852 253.392
33.8448 253.385
33.835 253.354
33.8512 253.327
33.8566 253.318
33.8647 253.304
33.8855 253.288
33.9115 253.292
33.9151 253.295
33.9223 253.302
33.9403 253.319
33.9475 253.326
33.951 253.33
33.9519 253.338
33.9528 253.346
33.9546 253.362
33.9492 253.371
33.9384 253.389
33.9329 253.398
33.9248 253.412
33.9221 253.416
33.9194 253.421
33.9167 253.425
33.914 253.43
33.9077 253.431
33.8843 253.423
33.87 253.409
SUA2_0

0
0 60003 68410 68415
0 0 0 1
28
33.8591 253.428
33.8232 253.393
33.8196 253.39
33.7918 253.342
33.7945 253.337
33.8026 253.323
33.8135 253.305
33.8189 253.296
33.8216 253.292
33.8693 253.259
33.9089 253.268
33.9125 253.271
33.9161 253.275
33.934 253.292
33.9448 253.302
33.9484 253.306
33.9502 253.322
33.9546 253.362
33.9519 253.366
33.9492 253.371
33.9438 253.38
33.914 253.43
33.9113 253.435
33.9086 253.439
33.9059 253.444
33.8933 253.446
33.8627 253.431
33.8591 253.428
SUA3_0

0
0 60003 68415 68420
0 0 0 1
26
33.8402 253.431
33.7971 253.39
33.7577 253.323
33.7604 253.319
33.7631 253.314
33.7874 253.273
33.7902 253.269
33.8082 253.257
33.8541 253.237
33.8703 253.238
33.9062 253.244
33.9098 253.247
33.9242 253.261
33.9278 253.265
33.9386 253.275
33.9457 253.282
33.9555 253.341
33.9564 253.349
33.9546 253.362
33.9492 253.371
33.9302 253.403
33.9113 253.435
33.9086 253.439
33.9059 253.444
33.8843 253.452
33.8402 253.431
SUA4_0

0
0 60003 68420 68425
0 0 0 1
31
33.8196 253.418
33.8088 253.408
33.7944 253.394
33.7872 253.387
33.7836 253.384
33.7433 253.31
33.7487 253.301
33.7595 253.282
33.7677 253.269
33.7704 253.264
33.7731 253.259
33.7938 253.244
33.8388 253.215
33.8982 253.229
33.9018 253.232
33.9125 253.243
33.9377 253.267
33.9413 253.27
33.9449 253.274
33.9708 253.363
33.9681 253.367
33.9545 253.39
33.9383 253.417
33.9266 253.428
33.9059 253.444
33.8843 253.452
33.878 253.453
33.878 253.453
33.8303 253.429
33.8267 253.425
33.8196 253.418
SUA5_0

0
0 60003 68425 68430
0 0 0 1
34
33.8124 253.411
33.7944 253.394
33.7837 253.384
33.7836 253.384
33.7433 253.31
33.7433 253.31
33.746 253.305
33.7487 253.301
33.7541 253.291
33.7704 253.264
33.7731 253.259
33.7938 253.244
33.8388 253.215
33.8982 253.229
33.9053 253.236
33.9125 253.243
33.9233 253.253
33.9664 253.294
33.9736 253.301
33.9924 253.326
34.0005 253.341
33.9923 253.383
33.9896 253.388
33.9869 253.393
33.9842 253.397
33.9653 253.429
33.9599 253.438
33.9571 253.443
33.9373 253.467
33.9256 253.477
33.8932 253.474
33.8699 253.466
33.8627 253.46
33.8124 253.411
SUA6_0

0
0 60003 68430 68435
0 0 0 1
31
33.8123 253.44
33.8052 253.433
33.7568 253.315
33.7595 253.311
33.7757 253.283
33.7866 253.265
33.8046 253.254
33.8469 253.23
33.8973 253.221
33.9449 253.245
33.9485 253.249
33.9557 253.255
33.9629 253.262
33.988 253.286
33.9952 253.293
34.0024 253.3
34.0194 253.338
34.0211 253.382
34.0085 253.413
34.0058 253.418
33.9976 253.431
33.9814 253.459
33.9706 253.477
33.9679 253.482
33.9471 253.497
33.9381 253.503
33.9121 253.5
33.9022 253.497
33.8554 253.481
33.8447 253.471
33.8123 253.44
SUA7_0

0
0 60003 68435 68440
0 0 0 1
34
33.8168 253.48
33.8132 253.476
33.7854 253.428
33.7756 253.341
33.782 253.311
33.7982 253.284
33.809 253.265
33.8145 253.256
33.8685 253.194
33.9576 253.214
33.9611 253.218
33.9827 253.238
34.0042 253.259
34.0114 253.266
34.015 253.269
34.0186 253.273
34.0258 253.28
34.0419 253.338
34.0428 253.346
34.0437 253.354
34.0337 253.409
34.031 253.413
34.0282 253.418
34.0012 253.463
33.9985 253.468
33.9678 253.51
33.9498 253.521
33.9408 253.527
33.9192 253.535
33.8697 253.523
33.8527 253.514
33.8455 253.507
33.8275 253.49
33.8168 253.48
SUA8_0

0
0 60003 68440 68445
0 0 0 1
34
33.8095 253.502
33.7808 253.474
33.7736 253.467
33.7611 253.441
33.7334 253.307
33.7388 253.298
33.7415 253.294
33.7497 253.28
33.7632 253.257
33.8064 253.213
33.8182 253.203
33.8515 253.184
33.892 253.173
33.9405 253.177
33.9953 253.208
33.9989 253.211
34.0061 253.218
34.0169 253.228
34.0349 253.245
34.0384 253.249
34.042 253.252
34.0886 253.354
34.0823 253.384
34.0407 253.473
34.038 253.477
34.011 253.523
34.0083 253.527
33.9704 253.563
33.9524 253.574
33.9461 253.575
33.8922 253.552
33.8167 253.508
33.8131 253.505
33.8095 253.502
SUA9_0

0
0 60003 68445 68450
0 0 0 1
29
33.7616 253.649
33.758 253.645
33.7196 253.501
33.7044 253.423
33.7045 253.365
33.7073 253.332
33.7182 253.257
33.729 253.239
33.7453 253.211
33.748 253.207
33.8624 253.081
33.9515 253.101
34.0476 253.129
34.0512 253.132
34.0656 253.146
34.0836 253.163
34.0872 253.167
34.0907 253.17
34.1391 253.288
34.1695 253.388
34.1559 253.468
34.1532 253.473
34.1423 253.491
34.1261 253.518
34.1036 253.547
34.0018 253.643
33.873 253.698
33.7975 253.683
33.7616 253.649
SUA10_0

0
0 60003 68450 68455
0 0 0 1
35
33.7266 253.594
33.7194 253.587
33.7158 253.583
33.673 253.4
33.6686 253.36
33.7029 253.264
33.7137 253.246
33.7219 253.232
33.73 253.218
33.7327 253.214
33.7904 253.126
33.8723 253.083
33.9794 253.092
34.0386 253.135
34.0422 253.138
34.0458 253.142
34.0638 253.159
34.0746 253.169
34.0782 253.172
34.0817 253.176
34.1149 253.243
34.1525 253.322
34.1632 253.39
34.1622 253.439
34.1603 253.508
34.1522 253.522
34.1414 253.54
34.1332 253.554
34.1305 253.558
34.0539 253.65
33.9476 253.734
33.8434 253.691
33.7984 253.662
33.7949 253.659
33.7266 253.594
SUA11_0

0
0 60003 68455 68460
0 0 0 1
21
33.8995 253.502
33.8923 253.495
33.8851 253.488
33.8815 253.485
33.8107 253.338
33.8188 253.325
33.8215 253.32
33.8378 253.293
33.8405 253.288
33.9394 253.283
33.9538 253.297
33.9682 253.31
33.9754 253.317
33.9789 253.321
34.0229 253.37
34.0202 253.374
33.9932 253.42
33.921 253.522
33.9174 253.519
33.9138 253.516
33.8995 253.502
SUA92_0

0
0 60003 68860 68865
0 0 0 1
26
34.0285 253.768
34.0249 253.765
34.0106 253.751
34.0034 253.744
33.8959 253.47
33.8986 253.465
33.9068 253.452
33.9095 253.447
33.9203 253.429
33.923 253.424
33.9257 253.42
33.9635 253.413
34.1461 253.409
34.1838 253.431
34.191 253.438
34.1946 253.441
34.209 253.455
34.2233 253.469
34.2455 253.668
34.2428 253.673
34.2319 253.691
34.2238 253.705
34.2184 253.714
34.2157 253.718
34.0429 253.782
34.0285 253.768
SUA93_0

0
0 60003 68865 68870
0 0 0 1
30
34.0049 253.874
33.9978 253.867
33.8344 253.697
33.8285 253.441
33.8312 253.437
33.8366 253.427
33.8529 253.4
33.8556 253.396
33.8583 253.391
34.0807 253.254
34.2298 253.353
34.2334 253.357
34.2442 253.367
34.2586 253.381
34.2658 253.388
34.2693 253.391
34.281 253.438
34.2818 253.446
34.296 253.602
34.2923 253.627
34.2417 253.779
34.239 253.784
34.2308 253.797
34.2281 253.802
34.2227 253.811
34.22 253.816
34.2119 253.829
34.0373 253.905
34.0337 253.902
34.0049 253.874
SUA94_0

0
0 60003 68870 68875
0 0 0 1
36
33.995 253.9
33.977 253.883
33.9663 253.873
33.9627 253.87
33.8496 253.747
33.8029 253.674
33.8075 253.6
33.8158 253.5
33.8421 253.418
33.8475 253.409
33.8529 253.4
33.861 253.386
33.8718 253.368
33.8745 253.364
33.9169 253.311
33.9692 253.261
34.0673 253.219
34.2237 253.269
34.2345 253.279
34.2453 253.289
34.256 253.3
34.2596 253.303
34.2632 253.307
34.3457 253.471
34.35 253.568
34.3354 253.697
34.3327 253.702
34.3218 253.72
34.3137 253.734
34.3083 253.743
34.3056 253.747
34.2082 253.883
34.084 253.921
34.0157 253.913
34.0022 253.907
33.995 253.9
SUA95_0

0
0 60003 68875 68880
0 0 0 1
38
33.9186 253.849
33.9043 253.835
33.8971 253.828
33.8208 253.748
33.8012 253.658
33.8221 253.499
33.8348 253.44
33.8375 253.435
33.8456 253.422
33.8592 253.399
33.8917 253.344
33.9079 253.317
33.9106 253.312
33.9386 253.275
34.052 253.226
34.1653 253.234
34.2192 253.257
34.2228 253.261
34.2515 253.288
34.2551 253.292
34.2587 253.295
34.3081 253.364
34.343 253.447
34.3527 253.535
34.3354 253.669
34.3218 253.72
34.3137 253.734
34.3029 253.752
34.3002 253.756
34.2921 253.77
34.2452 253.84
34.1479 253.89
34.0831 253.913
34.0346 253.91
33.9941 253.892
33.9366 253.866
33.933 253.863
33.9186 253.849
SUA96_0

0
0 60003 68880 68885
0 0 0 1
35
33.9447 253.881
33.9267 253.864
33.9231 253.86
33.8459 253.772
33.8199 253.712
33.8039 253.625
33.8122 253.526
33.8231 253.479
33.8366 253.427
33.8393 253.423
33.8556 253.396
33.8637 253.382
33.8664 253.377
33.9133 253.308
33.9539 253.268
34.0511 253.218
34.1347 253.219
34.1868 253.255
34.1904 253.258
34.2228 253.289
34.2587 253.324
34.2623 253.327
34.3027 253.373
34.3277 253.425
34.3492 253.475
34.3517 253.613
34.3327 253.673
34.3101 253.73
34.2966 253.753
34.2749 253.789
34.2443 253.832
34.1929 253.89
34.0912 253.928
33.9626 253.898
33.9447 253.881
SUA97_0

0
0 60003 68885 68890
0 0 0 1
43
33.9339 253.871
33.9087 253.847
33.8944 253.833
33.8343 253.754
33.8039 253.625
33.8231 253.479
33.8411 253.439
33.8619 253.394
33.8646 253.39
33.8673 253.385
33.8754 253.372
33.8917 253.344
33.9025 253.326
33.9322 253.304
34.0304 253.234
34.0367 253.233
34.0906 253.227
34.1554 253.232
34.1626 253.239
34.1805 253.256
34.2057 253.28
34.2344 253.308
34.3089 253.4
34.3179 253.423
34.351 253.519
34.3382 253.636
34.3237 253.679
34.3111 253.71
34.2903 253.754
34.2876 253.759
34.2849 253.763
34.2768 253.777
34.2632 253.8
34.2605 253.804
34.2272 253.851
34.2037 253.871
34.1641 253.891
34.1119 253.912
34.1056 253.913
34.0705 253.916
34.0049 253.903
33.9375 253.874
33.9339 253.871
SUA98_0

0
0 60003 68890 68895
0 0 0 1
42
33.9079 253.839
33.9043 253.835
33.9007 253.832
33.8244 253.723
33.812 253.64
33.8094 253.559
33.8185 253.496
33.8384 253.443
33.87 253.381
33.8754 253.372
33.8917 253.344
33.8998 253.331
33.9583 253.279
33.9998 253.248
34.0376 253.241
34.0816 253.233
34.123 253.23
34.1805 253.256
34.1976 253.265
34.2048 253.272
34.2228 253.289
34.2299 253.296
34.2407 253.307
34.3035 253.381
34.3358 253.469
34.3438 253.512
34.35 253.568
34.3409 253.631
34.3264 253.674
34.3111 253.71
34.3056 253.719
34.3002 253.728
34.265 253.787
34.2569 253.801
34.2542 253.805
34.1632 253.883
34.1542 253.888
34.0579 253.918
34.0184 253.909
33.9438 253.873
33.9258 253.856
33.9079 253.839
SUA99_0

0
0 60003 68895 68900
0 0 0 1
43
33.9573 253.879
33.9393 253.862
33.9357 253.858
33.8352 253.733
33.812 253.611
33.8121 253.583
33.8185 253.496
33.8285 253.47
33.8601 253.407
33.8628 253.402
33.8682 253.393
33.8763 253.38
33.8817 253.371
33.8871 253.361
33.8898 253.357
33.9547 253.276
33.9853 253.262
34.0843 253.228
34.1967 253.286
34.2075 253.296
34.2362 253.324
34.2757 253.361
34.2829 253.368
34.2865 253.372
34.2901 253.375
34.3143 253.42
34.3304 253.449
34.342 253.525
34.3364 253.62
34.3246 253.658
34.3002 253.728
34.2948 253.737
34.2813 253.76
34.2596 253.796
34.2569 253.801
34.2173 253.849
34.1578 253.892
34.1515 253.893
34.0912 253.9
34.0625 253.901
33.9752 253.896
33.968 253.889
33.9573 253.879
SUA100_0

0
0 60003 68900 68905
0 0 0 1
45
33.9312 253.847
33.8989 253.816
33.8917 253.809
33.8326 253.681
33.8236 253.658
33.8156 253.615
33.8147 253.607
33.814 253.542
33.8185 253.524
33.8257 253.503
33.8357 253.477
33.851 253.441
33.8772 253.388
33.8826 253.379
33.907 253.337
33.9971 253.252
34.0573 253.245
34.1311 253.245
34.1922 253.274
34.1958 253.278
34.1994 253.281
34.2066 253.288
34.2389 253.319
34.2604 253.34
34.264 253.343
34.2676 253.347
34.2712 253.35
34.3071 253.413
34.3152 253.428
34.3223 253.463
34.3366 253.534
34.3301 253.621
34.3238 253.65
34.3029 253.723
34.2975 253.732
34.2759 253.769
34.2732 253.773
34.2137 253.845
34.1479 253.89
34.1236 253.902
34.0822 253.905
34.0724 253.903
33.9986 253.875
33.9348 253.85
33.9312 253.847
SUA101_0

0
0 60003 68905 68910
0 0 0 1
41
33.8953 253.812
33.8845 253.802
33.8352 253.705
33.8227 253.65
33.8201 253.597
33.8275 253.519
33.8456 253.45
33.8483 253.446
33.8537 253.437
33.8618 253.423
33.8645 253.418
33.8889 253.377
33.9349 253.3
33.9376 253.295
34.0348 253.245
34.0735 253.247
34.1392 253.259
34.1832 253.28
34.2281 253.309
34.2317 253.312
34.264 253.343
34.2676 253.347
34.3142 253.448
34.3241 253.479
34.3329 253.588
34.3247 253.63
34.2958 253.716
34.293 253.721
34.2903 253.726
34.2687 253.762
34.2497 253.794
34.2416 253.808
34.1867 253.862
34.1407 253.883
34.1128 253.892
34.0553 253.894
34.0265 253.895
33.9241 253.84
33.9205 253.836
33.9169 253.833
33.8953 253.812
SUA102_0

0
0 60003 68910 68915
0 0 0 1
39
33.9187 253.82
33.8971 253.8
33.8936 253.796
33.8496 253.747
33.8273 253.633
33.8274 253.576
33.8283 253.555
33.8329 253.51
33.8438 253.463
33.8483 253.446
33.851 253.441
33.8645 253.418
33.9105 253.341
33.9133 253.336
33.9889 253.266
34.0636 253.244
34.0762 253.242
34.158 253.285
34.2263 253.321
34.2299 253.325
34.255 253.349
34.2658 253.359
34.2855 253.392
34.316 253.464
34.3248 253.544
34.3238 253.622
34.2994 253.691
34.2895 253.718
34.2813 253.731
34.2624 253.763
34.257 253.772
34.2543 253.777
34.2119 253.829
34.1372 253.879
34.0904 253.892
34.0364 253.897
33.9402 253.841
33.9366 253.838
33.9187 253.82
SUA103_0

0
0 60003 68915 68920
0 0 0 1
39
33.9169 253.804
33.9025 253.791
33.8918 253.78
33.8882 253.777
33.8451 253.707
33.8362 253.684
33.8211 253.577
33.8383 253.501
33.8546 253.445
33.8573 253.44
33.8681 253.422
33.8762 253.408
33.8925 253.381
33.8979 253.372
33.9511 253.301
34.0042 253.259
34.0681 253.256
34.1346 253.277
34.1975 253.322
34.2514 253.374
34.2873 253.408
34.2909 253.412
34.2945 253.415
34.3248 253.573
34.3266 253.589
34.312 253.661
34.2895 253.718
34.2868 253.722
34.2678 253.754
34.2597 253.768
34.2344 253.801
34.2029 253.835
34.1795 253.855
34.1435 253.878
34.0931 253.887
34.0868 253.888
33.9915 253.869
33.9816 253.866
33.9169 253.804
SUA104_0

0
0 60003 68920 68925
0 0 0 1
46
33.9564 253.842
33.9528 253.839
33.9349 253.822
33.9277 253.815
33.8981 253.779
33.8604 253.729
33.838 253.672
33.8229 253.593
33.8293 253.535
33.8528 253.457
33.8681 253.422
33.8708 253.417
33.8817 253.399
33.8979 253.372
33.952 253.309
33.9637 253.299
34.0465 253.264
34.0654 253.26
34.1095 253.252
34.1706 253.282
34.1742 253.286
34.1778 253.289
34.1814 253.293
34.2137 253.324
34.2245 253.334
34.2864 253.4
34.2971 253.439
34.3141 253.505
34.315 253.513
34.3184 253.602
34.3057 253.662
34.2958 253.688
34.2931 253.692
34.2877 253.702
34.2823 253.711
34.2471 253.77
34.2363 253.788
34.2336 253.793
34.1957 253.828
34.1426 253.87
34.1048 253.877
34.0319 253.886
33.9708 253.856
33.9672 253.852
33.9636 253.849
33.9564 253.842
SUA105_0

0
0 60003 68925 68930
0 0 0 1
40
33.9457 253.832
33.9097 253.798
33.8846 253.773
33.8774 253.767
33.8568 253.725
33.8381 253.643
33.8327 253.595
33.8328 253.567
33.8383 253.501
33.851 253.441
33.8537 253.437
33.8754 253.4
33.8808 253.391
33.915 253.352
33.9853 253.291
34.0006 253.284
34.0852 253.265
34.0951 253.267
34.1283 253.278
34.1831 253.309
34.2586 253.381
34.2658 253.388
34.2765 253.398
34.2801 253.401
34.3052 253.482
34.3149 253.57
34.3157 253.607
34.3022 253.658
34.2796 253.715
34.2769 253.72
34.2606 253.747
34.2552 253.756
34.2525 253.761
34.2498 253.765
34.1822 253.851
34.0922 253.879
33.9906 253.861
33.96 253.846
33.9564 253.842
33.9457 253.832
SUA106_0

0
0 60003 68930 68935
0 0 0 1
43
33.9071 253.774
33.8712 253.739
33.864 253.732
33.8246 253.609
33.832 253.53
33.851 253.47
33.8708 253.417
33.879 253.404
33.8979 253.372
33.9006 253.367
33.9349 253.328
33.9763 253.297
33.9943 253.285
34.0447 253.276
34.0636 253.273
34.1031 253.282
34.1831 253.309
34.2065 253.317
34.2101 253.32
34.2137 253.324
34.2424 253.351
34.2496 253.358
34.2613 253.376
34.2998 253.463
34.3033 253.495
34.3051 253.54
34.3059 253.576
34.3013 253.622
34.2995 253.634
34.2832 253.69
34.2805 253.695
34.2778 253.699
34.2426 253.759
34.2237 253.79
34.2183 253.8
34.1867 253.834
34.1075 253.872
34.1012 253.873
34.0436 253.876
34.0041 253.866
34.0005 253.863
33.9861 253.849
33.9071 253.774
SUA107_0

0
0 60003 68935 68940
0 0 0 1
45
33.9206 253.779
33.8882 253.748
33.8775 253.738
33.8739 253.735
33.8497 253.661
33.8399 253.631
33.8328 253.538
33.8554 253.481
33.8708 253.446
33.8735 253.441
33.8816 253.428
33.9006 253.396
33.906 253.387
33.9141 253.373
33.9168 253.368
33.9646 253.307
34.051 253.275
34.1077 253.265
34.1823 253.301
34.1859 253.304
34.2074 253.325
34.2182 253.335
34.2218 253.338
34.2254 253.342
34.2442 253.367
34.2801 253.43
34.2971 253.468
34.3122 253.546
34.305 253.597
34.295 253.651
34.2778 253.699
34.2751 253.704
34.2724 253.708
34.2588 253.731
34.2426 253.759
34.2399 253.763
34.2002 253.811
34.1498 253.848
34.1039 253.869
34.0427 253.868
34.0131 253.861
33.996 253.851
33.9888 253.845
33.9457 253.803
33.9206 253.779
SUA108_0

0
0 60003 68940 68945
0 0 0 1
48
33.9717 253.835
33.9502 253.815
33.943 253.808
33.9358 253.801
33.9062 253.766
33.8981 253.751
33.8578 253.676
33.8516 253.62
33.8472 253.58
33.849 253.539
33.8509 253.527
33.8608 253.472
33.887 253.418
33.8951 253.405
33.9114 253.377
33.9195 253.364
33.9538 253.325
33.9898 253.302
34.0546 253.279
34.0609 253.277
34.113 253.284
34.1328 253.289
34.1463 253.295
34.1876 253.32
34.202 253.334
34.2379 253.368
34.2487 253.378
34.2523 253.382
34.2603 253.397
34.2944 253.472
34.3006 253.5
34.3041 253.56
34.3005 253.585
34.2968 253.61
34.2887 253.652
34.2688 253.705
34.2661 253.709
34.2553 253.728
34.239 253.755
34.2002 253.811
34.1858 253.826
34.1678 253.837
34.1183 253.854
34.1057 253.856
34.0706 253.858
34.0131 253.861
33.9753 253.839
33.9717 253.835
SUA109_0

0
0 60003 68945 68950
0 0 0 1
37
33.9708 253.827
33.9421 253.8
33.8981 253.751
33.8793 253.726
33.8542 253.644
33.8462 253.601
33.8445 253.556
33.8563 253.489
33.8681 253.45
33.8708 253.446
33.8843 253.423
33.8951 253.405
33.8979 253.4
33.9709 253.306
34.0321 253.279
34.0672 253.276
34.1184 253.275
34.1804 253.313
34.184 253.317
34.2164 253.348
34.2199 253.351
34.2567 253.393
34.2711 253.436
34.2961 253.517
34.2951 253.594
34.2824 253.654
34.2679 253.697
34.2652 253.702
34.2381 253.747
34.2219 253.774
34.2192 253.779
34.1778 253.811
34.1093 253.86
34.0553 253.865
33.9816 253.838
33.978 253.834
33.9708 253.827
SUA110_0

0
0 60003 68950 68955
0 0 0 1
40
33.899 253.759
33.8918 253.752
33.8569 253.668
33.8525 253.6
33.8508 253.555
33.8554 253.51
33.8916 253.401
33.8943 253.397
33.9186 253.356
33.924 253.347
34.0366 253.29
34.0807 253.282
34.1436 253.299
34.193 253.339
34.1966 253.343
34.2181 253.364
34.2397 253.384
34.2585 253.409
34.2782 253.442
34.2907 253.526
34.2925 253.542
34.2942 253.558
34.2897 253.603
34.2842 253.641
34.2697 253.684
34.2616 253.698
34.2427 253.73
34.2318 253.748
34.2264 253.757
34.2039 253.786
34.1778 253.811
34.121 253.849
34.0868 253.86
34.0239 253.842
34.0068 253.833
33.9897 253.824
33.9349 253.793
33.9277 253.786
33.9206 253.779
33.899 253.759
SUA111_0

0
0 60003 68955 68960
0 0 0 1
40
33.9026 253.762
33.899 253.759
33.8954 253.755
33.873 253.698
33.8596 253.664
33.8525 253.6
33.8472 253.552
33.8473 253.523
33.8734 253.47
33.924 253.375
33.9538 253.325
34.0051 253.296
34.0941 253.288
34.1696 253.331
34.1768 253.338
34.1912 253.352
34.2091 253.369
34.2307 253.39
34.2379 253.397
34.2648 253.437
34.2809 253.466
34.2925 253.513
34.2906 253.583
34.286 253.629
34.2842 253.641
34.2499 253.708
34.2309 253.74
34.2228 253.754
34.2201 253.758
34.1859 253.797
34.1742 253.807
34.139 253.838
34.0796 253.853
34.0733 253.854
34.0437 253.847
33.9771 253.826
33.9349 253.793
33.9313 253.79
33.917 253.776
33.9026 253.762
SUA112_0

0
0 60003 68960 68965
0 0 0 1
38
33.961 253.797
33.9574 253.793
33.9098 253.74
33.8793 253.697
33.8578 253.648
33.8525 253.628
33.8517 253.535
33.8663 253.463
33.869 253.458
33.8906 253.422
33.896 253.413
33.9834 253.332
34.0509 253.304
34.0635 253.301
34.1247 253.303
34.1624 253.325
34.1732 253.335
34.2019 253.362
34.2091 253.369
34.2809 253.466
34.2879 253.559
34.287 253.579
34.2861 253.6
34.2752 253.647
34.268 253.668
34.2653 253.673
34.2625 253.678
34.2517 253.696
34.2355 253.723
34.2247 253.741
34.1913 253.788
34.1796 253.798
34.1228 253.837
34.0527 253.841
33.9969 253.831
33.9897 253.824
33.9826 253.817
33.961 253.797
SUA113_0

0
0 60003 68965 68970
0 0 0 1
44
33.9278 253.758
33.9134 253.744
33.8784 253.689
33.8687 253.63
33.8669 253.614
33.8598 253.55
33.8617 253.48
33.8644 253.475
33.8671 253.471
33.8726 253.462
33.8861 253.439
33.8915 253.43
33.9303 253.374
33.9474 253.355
34.0005 253.313
34.0068 253.312
34.0761 253.299
34.095 253.296
34.1229 253.315
34.1893 253.365
34.1929 253.368
34.2289 253.402
34.2324 253.406
34.2513 253.431
34.2754 253.504
34.2808 253.523
34.2807 253.609
34.2743 253.639
34.2698 253.656
34.2671 253.66
34.2562 253.679
34.2535 253.683
34.2454 253.697
34.2211 253.738
34.2129 253.752
34.2102 253.756
34.2075 253.761
34.1471 253.824
34.0653 253.839
34.0455 253.834
33.9808 253.801
33.9529 253.782
33.9493 253.778
33.9278 253.758
SUA114_0

0
0 60003 68970 68975
0 0 0 1
42
33.9287 253.766
33.9215 253.759
33.9143 253.752
33.8784 253.689
33.8436 253.548
33.8653 253.483
33.868 253.479
33.8707 253.474
33.8789 253.461
33.9005 253.424
33.9113 253.406
33.914 253.401
33.9168 253.397
33.9834 253.332
34.0285 253.304
34.1382 253.308
34.1418 253.312
34.1525 253.322
34.1669 253.336
34.1705 253.339
34.1992 253.367
34.2316 253.398
34.2352 253.401
34.2692 253.477
34.2808 253.552
34.2825 253.568
34.2734 253.631
34.2581 253.666
34.2527 253.675
34.2445 253.689
34.2418 253.693
34.2229 253.725
34.1958 253.771
34.1904 253.78
34.1148 253.822
34.0932 253.83
34.0446 253.826
34.0347 253.824
33.9538 253.79
33.9502 253.786
33.9466 253.783
33.9287 253.766
SUA115_0

0
0 60003 68975 68980
0 0 0 1
44
34.0014 253.814
33.9619 253.776
33.9476 253.762
33.9368 253.752
33.9296 253.745
33.8784 253.689
33.8678 253.622
33.8553 253.538
33.8761 253.494
33.8842 253.48
33.8923 253.466
33.8977 253.457
33.9356 253.394
33.9383 253.389
33.9411 253.384
33.9582 253.365
33.996 253.33
34.0176 253.322
34.0653 253.317
34.0878 253.317
34.1175 253.324
34.1273 253.327
34.1309 253.33
34.1669 253.364
34.2351 253.43
34.2763 253.512
34.2771 253.577
34.2762 253.598
34.2626 253.649
34.2599 253.654
34.2491 253.672
34.2274 253.708
34.222 253.717
34.2166 253.726
34.2139 253.731
34.1724 253.791
34.1634 253.797
34.1148 253.822
34.0959 253.825
34.077 253.829
34.0383 253.828
34.0284 253.825
34.0086 253.821
34.0014 253.814
SUA116_0

0
0 60003 68980 68985
0 0 0 1
45
33.9485 253.77
33.9449 253.767
33.9413 253.763
33.8892 253.699
33.8848 253.659
33.8689 253.515
33.8752 253.486
33.8825 253.464
33.8933 253.446
33.8987 253.437
33.9068 253.423
33.9095 253.419
33.9122 253.414
34.014 253.318
34.059 253.319
34.1183 253.332
34.1732 253.363
34.1803 253.37
34.1875 253.377
34.1947 253.384
34.2127 253.401
34.2163 253.405
34.2198 253.408
34.2396 253.441
34.2521 253.467
34.2611 253.49
34.2718 253.529
34.2718 253.558
34.269 253.591
34.2654 253.616
34.259 253.646
34.2436 253.681
34.2409 253.685
34.2328 253.699
34.2193 253.722
34.2139 253.731
34.2085 253.74
34.1913 253.76
34.1535 253.795
34.1418 253.805
34.1265 253.812
34.0671 253.826
33.9844 253.805
33.9808 253.801
33.9485 253.77
SUA117_0

0
0 60003 68985 68990
0 0 0 1
38
33.9655 253.779
33.9368 253.752
33.9296 253.745
33.9108 253.72
33.8803 253.648
33.8741 253.62
33.868 253.507
33.8779 253.481
33.8933 253.446
33.9068 253.423
33.9122 253.414
33.923 253.396
33.9969 253.338
34.0311 253.328
34.0905 253.313
34.104 253.319
34.1175 253.324
34.1417 253.34
34.1525 253.351
34.192 253.389
34.1956 253.392
34.1992 253.395
34.2252 253.427
34.2369 253.446
34.2682 253.526
34.2663 253.595
34.2599 253.625
34.2554 253.642
34.2355 253.695
34.2328 253.699
34.2166 253.726
34.203 253.749
34.1562 253.79
34.1409 253.797
34.104 253.812
33.997 253.802
33.9691 253.783
33.9655 253.779
SUA118_0

0
0 60003 68990 68995
0 0 0 1
37
33.9 253.71
33.8964 253.706
33.8928 253.703
33.8786 253.603
33.8706 253.531
33.8896 253.471
33.8923 253.466
33.8977 253.457
33.9167 253.425
33.9194 253.421
33.9906 253.339
34.0212 253.325
34.0887 253.325
34.1246 253.331
34.1812 253.378
34.1848 253.382
34.2207 253.416
34.2243 253.419
34.2593 253.503
34.2601 253.511
34.2619 253.527
34.2627 253.563
34.2618 253.584
34.2563 253.622
34.2419 253.665
34.2392 253.669
34.2175 253.706
34.2148 253.71
34.2067 253.724
34.1616 253.781
34.1256 253.804
34.095 253.817
34.0887 253.819
34.0329 253.808
33.9853 253.784
33.9359 253.744
33.9 253.71
SUA119_0

0
0 60003 68995 69000
0 0 0 1
35
33.9737 253.766
33.9485 253.742
33.9377 253.731
33.9009 253.689
33.8857 253.667
33.8733 253.555
33.8905 253.479
33.8996 253.445
33.9239 253.404
33.9266 253.399
33.9293 253.395
33.9789 253.349
33.9906 253.339
34.0572 253.331
34.0959 253.332
34.1318 253.338
34.139 253.345
34.157 253.362
34.2288 253.431
34.2324 253.434
34.2369 253.446
34.2557 253.499
34.2564 253.593
34.2437 253.652
34.241 253.657
34.2383 253.661
34.2058 253.716
34.1842 253.753
34.1814 253.757
34.1697 253.767
34.1157 253.802
34.0914 253.814
34.0293 253.805
34.0024 253.793
33.9737 253.766
SUA120_0

0
0 60003 69000 69005
0 0 0 1
39
33.935 253.736
33.9207 253.722
33.9099 253.712
33.866 253.634
33.8643 253.561
33.867 253.528
33.877 253.473
33.8824 253.464
33.9041 253.428
33.9068 253.423
33.9546 253.362
34.0536 253.328
34.095 253.324
34.1614 253.374
34.1794 253.391
34.1974 253.408
34.201 253.411
34.2045 253.415
34.2126 253.43
34.2449 253.489
34.2529 253.533
34.2519 253.582
34.2501 253.594
34.2438 253.624
34.2392 253.641
34.2275 253.68
34.2248 253.684
34.222 253.689
34.2031 253.721
34.2004 253.725
34.1977 253.73
34.1806 253.749
34.122 253.8
34.0617 253.807
34.0455 253.806
34.0024 253.793
33.953 253.753
33.9494 253.75
33.935 253.736
SUA121_0

0
0 60003 69005 69010
0 0 0 1
36
33.9216 253.702
33.9072 253.688
33.8965 253.678
33.8929 253.674
33.8786 253.603
33.8887 253.492
33.9013 253.461
33.904 253.456
33.9068 253.452
33.9257 253.42
33.9338 253.406
33.9951 253.35
34.0572 253.331
34.0868 253.338
34.1552 253.375
34.1623 253.382
34.1911 253.409
34.1982 253.416
34.2386 253.462
34.2529 253.561
34.2383 253.633
34.2284 253.659
34.2257 253.664
34.2095 253.691
34.2013 253.705
34.1986 253.709
34.168 253.751
34.1445 253.772
34.1238 253.788
34.1085 253.795
34.0959 253.797
34.0447 253.798
34.0285 253.797
33.9755 253.753
33.9719 253.75
33.9216 253.702
SUA122_0

0
0 60003 69010 69015
0 0 0 1
41
33.9638 253.735
33.9351 253.707
33.9279 253.701
33.9171 253.69
33.8929 253.646
33.8894 253.614
33.8814 253.542
33.8806 253.505
33.9203 253.429
33.9338 253.406
33.9392 253.397
33.9474 253.383
33.9501 253.379
33.9897 253.359
34.0572 253.331
34.1246 253.36
34.1453 253.372
34.1489 253.376
34.1632 253.39
34.2063 253.431
34.2135 253.438
34.2431 253.502
34.2448 253.518
34.2447 253.575
34.2402 253.62
34.2329 253.642
34.223 253.668
34.2149 253.682
34.2122 253.687
34.1986 253.709
34.1959 253.714
34.1932 253.718
34.1734 253.742
34.1562 253.762
34.1229 253.78
34.1103 253.782
34.0663 253.79
34.0366 253.783
33.989 253.759
33.9854 253.755
33.9638 253.735
SUA123_0

0
0 60003 69015 69020
0 0 0 1
35
33.9647 253.743
33.9539 253.733
33.9503 253.729
33.9279 253.701
33.8902 253.65
33.8815 253.513
33.8842 253.509
33.9058 253.472
33.9302 253.431
33.9329 253.427
33.9734 253.387
34.0059 253.361
34.0877 253.346
34.1596 253.386
34.1668 253.393
34.1812 253.407
34.1848 253.41
34.1991 253.424
34.2341 253.479
34.2421 253.522
34.2357 253.609
34.2293 253.639
34.2266 253.643
34.1969 253.693
34.1752 253.73
34.1644 253.748
34.1617 253.753
34.1283 253.771
34.1068 253.779
34.0879 253.782
34.069 253.785
34.0402 253.786
33.9898 253.767
33.9791 253.757
33.9647 253.743
SUA124_0

0
0 60003 69020 69025
0 0 0 1
38
34.0096 253.772
33.9773 253.741
33.9737 253.737
33.9189 253.678
33.8912 253.601
33.8769 253.53
33.9166 253.454
33.9194 253.449
33.9221 253.445
33.941 253.413
33.9437 253.408
33.9464 253.404
34.0032 253.365
34.0598 253.355
34.0661 253.354
34.1354 253.37
34.1488 253.376
34.1524 253.379
34.1848 253.41
34.1884 253.414
34.2099 253.463
34.2188 253.486
34.2322 253.52
34.2376 253.539
34.242 253.579
34.242 253.608
34.2131 253.666
34.2077 253.675
34.205 253.68
34.1914 253.702
34.1887 253.707
34.1806 253.721
34.1554 253.754
34.1437 253.764
34.0977 253.784
34.0366 253.783
34.0132 253.775
34.0096 253.772
SUA125_0

0
0 60003 69025 69030
0 0 0 1
39
33.9692 253.726
33.9513 253.709
33.9477 253.705
33.8939 253.625
33.8832 253.529
33.8859 253.525
33.9157 253.474
33.9184 253.47
33.9428 253.429
33.9509 253.415
33.9536 253.411
33.9851 253.377
33.9969 253.366
34.0122 253.359
34.0554 253.344
34.1165 253.373
34.1201 253.377
34.1308 253.387
34.138 253.394
34.1668 253.422
34.1739 253.428
34.2071 253.467
34.234 253.536
34.2349 253.544
34.2348 253.601
34.2149 253.653
34.2122 253.658
34.2041 253.672
34.177 253.717
34.1743 253.722
34.1689 253.731
34.1212 253.764
34.0933 253.773
34.087 253.774
34.0681 253.777
34.0186 253.766
33.998 253.753
33.9908 253.746
33.9692 253.726
SUA126_0

0
0 60003 69030 69035
0 0 0 1
37
33.9441 253.702
33.9369 253.695
33.9073 253.659
33.894 253.568
33.8913 253.544
33.8959 253.498
33.8977 253.486
33.9004 253.481
33.9112 253.463
33.9221 253.445
33.9275 253.436
33.9914 253.375
34.0365 253.347
34.0949 253.353
34.1335 253.383
34.1371 253.386
34.1479 253.396
34.1659 253.414
34.1731 253.42
34.1919 253.446
34.2197 253.494
34.2277 253.537
34.2304 253.561
34.2231 253.611
34.2167 253.641
34.2113 253.65
34.2086 253.655
34.1816 253.7
34.1788 253.705
34.1482 253.747
34.1212 253.764
34.0645 253.774
34.0546 253.772
34.0276 253.76
33.9764 253.733
33.9728 253.729
33.9441 253.702
SUA127_0

0
0 60003 69035 69040
0 0 0 1
39
33.9692 253.726
33.962 253.719
33.9585 253.715
33.8867 253.59
33.8959 253.498
33.8986 253.494
33.904 253.485
33.9175 253.462
33.9202 253.457
33.9256 253.448
33.9284 253.444
34.0193 253.366
34.0859 253.359
34.1174 253.381
34.121 253.385
34.1281 253.392
34.1856 253.447
34.1928 253.454
34.1964 253.457
34.2044 253.472
34.2125 253.487
34.2206 253.502
34.2268 253.529
34.2295 253.553
34.2204 253.616
34.2077 253.647
34.205 253.651
34.1888 253.678
34.1753 253.701
34.1509 253.742
34.1455 253.751
34.1176 253.76
34.0987 253.764
34.051 253.768
34.0213 253.761
33.998 253.753
33.9944 253.75
33.9836 253.74
33.9692 253.726
SUA128_0

0
0 60003 69040 69045
0 0 0 1
36
33.9387 253.682
33.9351 253.679
33.9279 253.672
33.9154 253.646
33.8949 253.547
33.8941 253.511
33.9094 253.476
33.9121 253.471
33.9256 253.448
33.9392 253.425
34.0166 253.371
34.1039 253.376
34.1542 253.424
34.1685 253.438
34.1793 253.448
34.2017 253.476
34.2161 253.519
34.2214 253.538
34.2195 253.579
34.2168 253.612
34.2123 253.629
34.2023 253.656
34.1996 253.66
34.1915 253.674
34.1861 253.683
34.1753 253.701
34.1725 253.706
34.1554 253.725
34.1131 253.749
34.0978 253.756
34.0672 253.769
34.0061 253.74
33.9675 253.71
33.9639 253.706
33.9567 253.699
33.9387 253.682
SUA129_0

0
0 60003 69045 69050
0 0 0 1
34
33.9298 253.659
33.9226 253.653
33.894 253.568
33.8958 253.527
33.9211 253.465
33.9265 253.456
33.9319 253.447
33.9428 253.429
33.9509 253.415
33.9986 253.382
34.0292 253.369
34.103 253.368
34.1353 253.399
34.1389 253.402
34.1461 253.409
34.1802 253.456
34.1954 253.478
34.2169 253.527
34.2187 253.543
34.2177 253.592
34.2141 253.617
34.205 253.651
34.2023 253.656
34.1807 253.692
34.178 253.697
34.1752 253.701
34.1527 253.73
34.1014 253.759
34.0663 253.761
34.0501 253.76
34.016 253.742
34.0124 253.738
33.9872 253.714
33.9298 253.659
SUA130_0

0
0 60003 69050 69055
0 0 0 1
42
33.972 253.693
33.9433 253.665
33.9397 253.662
33.9361 253.658
33.9029 253.591
33.8984 253.579
33.9075 253.517
33.9157 253.503
33.9184 253.498
33.9319 253.476
33.959 253.43
33.9698 253.412
34.0436 253.382
34.0625 253.379
34.0886 253.383
34.1326 253.403
34.1362 253.407
34.1398 253.41
34.1613 253.431
34.1721 253.441
34.1757 253.444
34.1838 253.459
34.2044 253.5
34.2106 253.528
34.2124 253.544
34.2124 253.572
34.2114 253.593
34.2041 253.643
34.196 253.657
34.1906 253.666
34.1771 253.689
34.1744 253.693
34.1717 253.698
34.1392 253.724
34.1059 253.742
34.0906 253.749
34.0555 253.751
34.042 253.745
34.0043 253.724
34.0007 253.72
33.9971 253.717
33.972 253.693
SUA131_0

0
0 60003 69055 69060
0 0 0 1
36
33.9765 253.704
33.9585 253.687
33.9513 253.68
33.8993 253.587
33.9021 253.526
33.9058 253.501
33.9085 253.496
33.9301 253.46
33.9355 253.451
33.9382 253.446
33.9617 253.426
33.9914 253.404
34.0346 253.388
34.0661 253.382
34.1164 253.402
34.12 253.405
34.1236 253.409
34.1272 253.412
34.1452 253.429
34.1523 253.436
34.1595 253.443
34.1748 253.465
34.1828 253.48
34.199 253.51
34.2124 253.544
34.2033 253.607
34.1861 253.654
34.1726 253.677
34.1509 253.714
34.1482 253.718
34.1032 253.747
34.0906 253.749
34.0483 253.744
34.0115 253.73
33.9908 253.718
33.9765 253.704
SUA132_0

0
0 60003 69060 69065
0 0 0 1
34
33.9648 253.686
33.9504 253.672
33.9397 253.662
33.9047 253.607
33.9021 253.526
33.9202 253.486
33.9256 253.477
33.95 253.436
33.9527 253.431
33.9698 253.412
33.9878 253.401
34.0301 253.377
34.067 253.39
34.1146 253.415
34.1317 253.424
34.1353 253.427
34.1532 253.444
34.1712 253.462
34.1748 253.465
34.1873 253.491
34.2043 253.529
34.1997 253.632
34.197 253.636
34.1726 253.677
34.1699 253.682
34.1474 253.71
34.1113 253.733
34.0618 253.75
34.042 253.745
34.0286 253.74
33.9792 253.7
33.9756 253.696
33.972 253.693
33.9648 253.686
SUA133_0

0
0 60003 69065 69070
0 0 0 1
34
33.9711 253.685
33.9603 253.674
33.9567 253.671
33.9056 253.586
33.9256 253.477
33.9283 253.472
33.9364 253.459
33.9527 253.431
33.9554 253.427
34.0211 253.382
34.0733 253.389
34.0867 253.395
34.1182 253.418
34.1218 253.421
34.1362 253.435
34.1541 253.452
34.1577 253.456
34.1909 253.495
34.1989 253.538
34.1988 253.595
34.1916 253.617
34.1762 253.652
34.1708 253.661
34.1681 253.666
34.1627 253.675
34.1546 253.689
34.1438 253.707
34.078 253.751
34.042 253.745
34.0142 253.726
33.9998 253.712
33.9962 253.709
33.9891 253.702
33.9711 253.685
SUA134_0

0
0 60003 69070 69075
0 0 0 1
34
33.9783 253.692
33.9675 253.681
33.9567 253.671
33.902 253.583
33.9084 253.525
33.913 253.508
33.9157 253.503
33.9292 253.48
33.9319 253.476
33.94 253.462
33.9427 253.457
33.9571 253.443
33.9986 253.411
34.0499 253.381
34.076 253.385
34.0931 253.394
34.111 253.411
34.1182 253.418
34.1218 253.421
34.1326 253.432
34.1837 253.488
34.198 253.559
34.1952 253.592
34.188 253.613
34.1726 253.649
34.1672 253.658
34.1456 253.694
34.1402 253.703
34.1195 253.719
34.1014 253.731
34.0771 253.743
33.9998 253.712
33.9962 253.709
33.9783 253.692
SUA135_0

0
0 60003 69075 69080
0 0 0 1
36
33.9603 253.674
33.9495 253.664
33.9048 253.55
33.9165 253.511
33.922 253.502
33.9626 253.434
33.9653 253.429
33.968 253.424
34.0139 253.404
34.0292 253.397
34.0355 253.396
34.0517 253.397
34.0679 253.398
34.0885 253.411
34.0921 253.415
34.0957 253.418
34.146 253.466
34.1783 253.497
34.1917 253.531
34.1944 253.555
34.1926 253.568
34.1908 253.58
34.1889 253.593
34.1826 253.623
34.1799 253.627
34.1772 253.632
34.1555 253.668
34.1474 253.682
34.1447 253.686
34.1303 253.701
34.1186 253.711
34.0609 253.742
34.0205 253.725
33.9891 253.702
33.9783 253.692
33.9603 253.674
SUA136_0

0
0 60003 69080 69085
0 0 0 1
34
33.9621 253.662
33.911 253.577
33.9237 253.518
33.9291 253.509
33.9318 253.504
33.94 253.491
33.9535 253.468
33.9589 253.459
33.9932 253.42
34.0553 253.401
34.0651 253.403
34.0948 253.41
34.1128 253.427
34.1487 253.461
34.1523 253.465
34.1559 253.468
34.1792 253.505
34.1917 253.56
34.1899 253.572
34.1826 253.623
34.1799 253.627
34.1555 253.668
34.1528 253.673
34.1501 253.677
34.1357 253.692
34.1123 253.712
34.088 253.725
34.0754 253.727
34.0529 253.727
34.0367 253.726
34.0017 253.7
33.9945 253.693
33.9837 253.682
33.9621 253.662
SUA137_0

0
0 60003 69085 69090
0 0 0 1
33
33.9657 253.665
33.9621 253.662
33.9227 253.596
33.9137 253.573
33.9183 253.527
33.9237 253.518
33.9264 253.513
33.9373 253.495
33.9481 253.477
33.9589 253.459
33.9913 253.432
34.0121 253.417
34.0597 253.412
34.1056 253.42
34.1128 253.427
34.1307 253.444
34.1379 253.451
34.1415 253.455
34.1487 253.461
34.1711 253.49
34.18 253.541
34.1809 253.549
34.1845 253.581
34.1817 253.615
34.1736 253.628
34.1492 253.669
34.1213 253.707
34.0754 253.727
34.0322 253.715
34.0017 253.7
33.9909 253.689
33.9765 253.676
33.9657 253.665
SUA138_0

0
0 60003 69090 69095
0 0 0 1
33
33.99 253.681
33.9828 253.674
33.9514 253.623
33.9156 253.56
33.9174 253.548
33.9219 253.53
33.93 253.517
33.9571 253.471
33.9625 253.462
33.9823 253.438
34.0372 253.412
34.0732 253.418
34.1065 253.428
34.1101 253.432
34.1244 253.445
34.1316 253.452
34.1496 253.469
34.1765 253.509
34.1792 253.533
34.1809 253.578
34.179 253.591
34.1727 253.62
34.17 253.625
34.1646 253.634
34.1456 253.666
34.1402 253.675
34.1321 253.689
34.0988 253.707
34.0709 253.716
34.0223 253.712
34.0187 253.709
34.0151 253.705
33.99 253.681
SUA139_0

0
0 60003 69095 69100
0 0 0 1
31
33.9873 253.657
33.973 253.644
33.929 253.594
33.92 253.572
33.9237 253.546
33.9327 253.512
33.94 253.491
33.9481 253.477
33.9643 253.45
33.9697 253.44
34.0211 253.411
34.0561 253.409
34.1173 253.439
34.1532 253.473
34.1568 253.476
34.1711 253.519
34.1845 253.581
34.1664 253.621
34.1637 253.626
34.1556 253.64
34.1529 253.644
34.1475 253.653
34.1366 253.671
34.1339 253.676
34.1141 253.7
34.0709 253.716
34.052 253.719
34.0448 253.712
34.0304 253.699
34.0268 253.695
33.9873 253.657
SUA140_0

0
0 60003 69100 69105
0 0 0 1
36
33.9783 253.663
33.964 253.649
33.9604 253.646
33.9209 253.58
33.9174 253.548
33.9201 253.543
33.9336 253.52
33.9553 253.484
33.9769 253.447
34.0192 253.423
34.0498 253.41
34.0768 253.421
34.1082 253.444
34.1118 253.448
34.1154 253.451
34.1298 253.465
34.1406 253.475
34.1442 253.479
34.1478 253.482
34.1514 253.485
34.1666 253.507
34.1675 253.515
34.1755 253.587
34.17 253.596
34.1673 253.601
34.1565 253.619
34.1538 253.624
34.1321 253.66
34.1267 253.669
34.124 253.674
34.1213 253.678
34.0862 253.709
34.0412 253.709
34.0035 253.687
33.9999 253.684
33.9783 253.663
SUA141_0

0
0 60003 69105 69110
0 0 0 1
29
34.0116 253.673
33.9936 253.656
33.9649 253.629
33.9613 253.625
33.9541 253.618
33.938 253.589
33.9255 253.534
33.9282 253.529
33.9336 253.52
33.9417 253.507
33.9688 253.461
33.9715 253.456
34.0219 253.419
34.0858 253.416
34.1217 253.45
34.1253 253.453
34.1558 253.497
34.1612 253.516
34.1701 253.568
34.171 253.576
34.1673 253.601
34.1511 253.628
34.124 253.674
34.1159 253.687
34.0763 253.707
34.0403 253.701
34.0367 253.697
34.026 253.687
34.0116 253.673
SUA142_0

0
0 60003 69110 69115
0 0 0 1
35
33.9936 253.656
33.9865 253.649
33.9829 253.646
33.9263 253.57
33.9444 253.502
33.9472 253.497
33.9526 253.488
33.9553 253.484
33.958 253.479
33.9607 253.475
33.9715 253.456
33.9742 253.452
34.0453 253.427
34.0678 253.427
34.0777 253.429
34.0912 253.435
34.0948 253.438
34.1091 253.452
34.1271 253.469
34.1307 253.473
34.1504 253.506
34.1567 253.533
34.1647 253.577
34.1646 253.605
34.143 253.642
34.1376 253.651
34.1349 253.655
34.1114 253.676
34.0997 253.686
34.0907 253.692
34.0781 253.694
34.0556 253.694
34.0394 253.693
34.0224 253.684
33.9936 253.656
SUA143_0

0
0 60003 69115 69120
0 0 0 1
37
33.99 253.653
33.9757 253.639
33.9721 253.636
33.9649 253.629
33.9407 253.584
33.9291 253.537
33.9318 253.533
33.9372 253.524
33.9426 253.515
33.9562 253.492
33.9589 253.487
33.9841 253.454
34.0021 253.443
34.0327 253.429
34.0516 253.426
34.0992 253.45
34.1028 253.453
34.11 253.46
34.1172 253.467
34.1352 253.484
34.1388 253.488
34.1585 253.521
34.162 253.553
34.1611 253.573
34.1593 253.586
34.1574 253.598
34.1547 253.603
34.1439 253.621
34.1223 253.658
34.1141 253.671
34.106 253.685
34.097 253.691
34.0781 253.694
34.0493 253.695
34.0152 253.677
34.008 253.67
33.99 253.653
SUA144_0

0
0 60003 69120 69125
0 0 0 1
32
34.0044 253.667
33.9757 253.639
33.9721 253.636
33.9389 253.568
33.9381 253.532
33.9597 253.495
33.9733 253.472
33.976 253.468
34.0291 253.426
34.0822 253.441
34.0858 253.444
34.0965 253.454
34.1145 253.472
34.1217 253.479
34.1486 253.519
34.154 253.538
34.1557 253.554
34.1566 253.562
34.1574 253.598
34.1412 253.626
34.1358 253.635
34.1304 253.644
34.1223 253.658
34.1168 253.667
34.1141 253.671
34.1051 253.677
34.0898 253.684
34.0682 253.692
34.0493 253.695
34.0116 253.673
34.008 253.67
34.0044 253.667
SUA145_0

0
0 60003 69125 69130
0 0 0 1
37
34.0143 253.669
33.9784 253.634
33.9748 253.631
33.9667 253.616
33.938 253.56
33.9381 253.532
33.9408 253.527
33.9435 253.523
33.9516 253.509
33.957 253.5
33.9625 253.491
33.9652 253.486
33.9679 253.481
33.9796 253.471
33.9913 253.461
34.0237 253.435
34.0399 253.436
34.066 253.44
34.0929 253.451
34.1001 253.458
34.1037 253.461
34.1325 253.489
34.1432 253.499
34.1495 253.527
34.1575 253.57
34.1566 253.59
34.1493 253.612
34.1466 253.617
34.1223 253.658
34.1196 253.662
34.1051 253.677
34.0862 253.68
34.0736 253.683
34.0575 253.682
34.0413 253.68
34.0278 253.675
34.0143 253.669
SUA146_0

0
0 60003 69130 69135
0 0 0 1
31
33.9775 253.626
33.938 253.56
33.9399 253.548
33.9417 253.535
33.9444 253.531
33.9579 253.508
33.9715 253.485
33.9769 253.476
33.9796 253.471
33.9823 253.467
33.985 253.462
34.0246 253.443
34.0462 253.435
34.0858 253.444
34.0929 253.451
34.1253 253.482
34.1289 253.485
34.1414 253.512
34.1539 253.566
34.152 253.608
34.1277 253.649
34.1196 253.662
34.1141 253.671
34.0889 253.676
34.0764 253.678
34.0539 253.678
34.044 253.676
34.017 253.664
34.0134 253.661
34.0062 253.654
33.9775 253.626
SUA147_0

0
0 60003 69135 69140
0 0 0 1
31
33.9802 253.622
33.973 253.615
33.9372 253.552
33.9498 253.521
33.9525 253.517
33.9715 253.485
33.9823 253.467
33.985 253.462
34.0255 253.451
34.0507 253.446
34.0867 253.452
34.1046 253.469
34.1226 253.487
34.1262 253.49
34.1387 253.516
34.1441 253.536
34.1449 253.544
34.1494 253.584
34.1484 253.604
34.1484 253.604
34.1457 253.609
34.1349 253.627
34.1214 253.65
34.1187 253.654
34.116 253.659
34.1015 253.674
34.061 253.685
34.0161 253.656
34.0125 253.653
34.0053 253.646
33.9802 253.622
SUA148_0

0
0 60003 69140 69145
0 0 0 1
32
33.9865 253.621
33.9829 253.617
33.9793 253.614
33.9479 253.562
33.9471 253.554
33.9471 253.526
33.9525 253.517
33.9715 253.485
33.9769 253.476
33.9859 253.47
34.0345 253.445
34.0507 253.446
34.0812 253.461
34.0848 253.465
34.0956 253.475
34.1207 253.499
34.1324 253.517
34.1467 253.56
34.1494 253.584
34.1476 253.596
34.1421 253.605
34.1394 253.61
34.1205 253.642
34.1178 253.646
34.1124 253.655
34.1007 253.666
34.0818 253.669
34.0692 253.671
34.0566 253.674
34.0503 253.675
34.0188 253.652
33.9865 253.621
SUA149_0

0
0 60003 69145 69150
0 0 0 1
26
33.9721 253.607
33.9685 253.604
33.9515 253.566
33.9453 253.539
33.9588 253.516
33.9642 253.507
33.9723 253.493
33.9805 253.479
33.9859 253.47
34.0345 253.445
34.0444 253.447
34.0749 253.462
34.0857 253.473
34.1037 253.49
34.1252 253.51
34.1288 253.514
34.1359 253.549
34.1448 253.601
34.1421 253.605
34.1367 253.614
34.1097 253.66
34.0629 253.672
34.0458 253.663
34.0116 253.645
33.9937 253.628
33.9721 253.607
SUA150_0

0
0 60003 69150 69155
0 0 0 1
31
33.9964 253.623
33.9928 253.62
33.9892 253.616
33.9775 253.598
33.9462 253.546
33.9453 253.539
33.948 253.534
33.9642 253.507
33.9696 253.497
33.975 253.488
33.9958 253.472
34.0318 253.45
34.0785 253.466
34.0965 253.483
34.1144 253.5
34.1252 253.51
34.1368 253.557
34.1395 253.581
34.1404 253.589
34.1385 253.602
34.1331 253.611
34.125 253.625
34.1115 253.647
34.1088 253.652
34.0935 253.659
34.0656 253.668
34.0557 253.666
34.0458 253.663
34.0287 253.654
34.0144 253.64
33.9964 253.623
SUA151_0

0
0 60003 69155 69160
0 0 0 1
30
33.9955 253.615
33.9847 253.605
33.9775 253.598
33.9489 253.542
33.9516 253.537
33.9705 253.505
33.9732 253.501
33.9786 253.492
33.9813 253.487
34.0264 253.459
34.0327 253.458
34.0722 253.467
34.0857 253.473
34.0893 253.476
34.0965 253.483
34.1073 253.493
34.1216 253.507
34.1252 253.51
34.1332 253.554
34.1368 253.586
34.1341 253.59
34.1124 253.627
34.1043 253.641
34.0962 253.654
34.0647 253.66
34.0584 253.661
34.0485 253.659
34.0278 253.646
34.0063 253.625
33.9955 253.615
SUA152_0

0
0 60003 69160 69165
0 0 0 1
26
34.0027 253.622
33.9847 253.605
33.9811 253.601
33.9489 253.542
33.9651 253.515
33.9732 253.501
33.9786 253.492
33.9966 253.48
34.03 253.462
34.0363 253.461
34.0722 253.467
34.0794 253.474
34.0938 253.488
34.1117 253.505
34.1198 253.52
34.1305 253.558
34.1314 253.595
34.126 253.604
34.1016 253.645
34.0989 253.65
34.0737 253.654
34.0611 253.656
34.0548 253.658
34.0242 253.643
34.0135 253.632
34.0027 253.622
SUA153_0

0
0 60003 69165 69170
0 0 0 1
26
34.0135 253.632
33.9919 253.612
33.9775 253.598
33.974 253.595
33.939 253.54
33.9444 253.531
33.9471 253.526
33.966 253.494
33.9715 253.485
34.0255 253.451
34.0686 253.464
34.0686 253.464
34.0902 253.484
34.1117 253.505
34.1162 253.516
34.1162 253.516
34.1234 253.552
34.1305 253.587
34.1251 253.596
34.098 253.642
34.0953 253.646
34.0953 253.646
34.0611 253.656
34.0512 253.654
34.0206 253.639
34.0135 253.632
SUA154_0

0
0 60003 69170 69175
0 0 0 1
33
33.9937 253.628
33.9793 253.614
33.9685 253.604
33.965 253.6
33.9614 253.597
33.9578 253.593
33.9219 253.53
33.9246 253.526
33.9327 253.512
33.9354 253.508
33.9463 253.489
33.9544 253.476
33.9544 253.476
34.0111 253.437
34.0669 253.448
34.0776 253.458
34.092 253.472
34.1064 253.485
34.1109 253.497
34.1162 253.516
34.1242 253.56
34.1242 253.588
34.1188 253.597
34.0998 253.629
34.0917 253.643
34.0701 253.651
34.0638 253.652
34.0512 253.654
34.0449 253.655
34.0449 253.655
34.0045 253.638
33.9973 253.631
33.9937 253.628
SUA155_0

0
0 60003 69175 69180
0 0 0 1
30
33.9874 253.629
33.9587 253.601
33.9515 253.594
33.9111 253.52
33.9111 253.52
33.9138 253.516
33.9274 253.493
33.9355 253.479
33.9409 253.47
34.0066 253.426
34.0633 253.444
34.0741 253.454
34.0812 253.461
34.0992 253.478
34.11 253.489
34.11 253.489
34.1171 253.524
34.1215 253.564
34.1197 253.577
34.1116 253.59
34.1035 253.604
34.0899 253.627
34.0872 253.631
34.0845 253.636
34.0701 253.651
34.0701 253.651
34.0485 253.659
34.0422 253.66
33.9946 253.636
33.9874 253.629
SUA156_0

0
0 60003 69180 69185
0 0 0 1
37
33.9766 253.618
33.9623 253.605
33.9515 253.594
33.9084 253.525
33.9075 253.517
33.9075 253.517
33.9102 253.512
33.9129 253.508
33.9265 253.485
33.9346 253.471
33.9373 253.467
33.9373 253.467
34.0066 253.426
34.066 253.44
34.066 253.44
34.0696 253.443
34.0875 253.46
34.0983 253.47
34.1055 253.477
34.1091 253.481
34.1144 253.5
34.1171 253.524
34.1198 253.548
34.1224 253.572
34.1197 253.577
34.1116 253.59
34.1062 253.599
34.0953 253.618
34.0845 253.636
34.0674 253.655
34.0485 253.659
34.0359 253.661
33.9982 253.639
33.9946 253.636
33.9874 253.629
33.9838 253.625
33.9766 253.618
SUA157_0

0
0 60003 69185 69190
0 0 0 1
38
33.9551 253.598
33.9515 253.594
33.9048 253.521
33.9102 253.512
33.9129 253.508
33.9157 253.503
33.9292 253.48
33.9373 253.467
34.0066 253.426
34.066 253.44
34.066 253.44
34.0696 253.443
34.0732 253.446
34.0804 253.453
34.0911 253.464
34.1055 253.477
34.1091 253.481
34.1136 253.492
34.1144 253.5
34.1206 253.556
34.1215 253.564
34.1197 253.577
34.1197 253.577
34.117 253.581
34.1143 253.586
34.1089 253.595
34.0899 253.627
34.0872 253.631
34.0845 253.636
34.0674 253.655
34.0674 253.655
34.0458 253.663
34.0395 253.664
33.9982 253.639
33.9946 253.636
33.9874 253.629
33.9766 253.618
33.9551 253.598
SUA158_0

0
0 60003 69190 69195
0 0 0 1
29
33.9694 253.612
33.9587 253.601
33.9551 253.598
33.9111 253.52
33.9138 253.516
33.9247 253.497
33.9382 253.475
33.9409 253.47
33.9589 253.459
34.0102 253.429
34.0696 253.443
34.0732 253.446
34.1019 253.474
34.1091 253.481
34.1091 253.481
34.1136 253.492
34.1233 253.552
34.1197 253.577
34.117 253.581
34.1116 253.59
34.1089 253.595
34.0872 253.631
34.0791 253.645
34.0764 253.65
34.0674 253.655
34.0458 253.663
34.0395 253.664
34.0018 253.643
33.9694 253.612
SUA159_0

0
0 60003 69195 69200
0 0 0 1
33
33.9658 253.608
33.9622 253.605
33.9587 253.601
33.9219 253.53
33.9273 253.521
33.9354 253.508
33.949 253.485
33.9517 253.48
33.9517 253.48
33.9724 253.464
34.0174 253.436
34.0705 253.451
34.0705 253.451
34.0741 253.454
34.0992 253.478
34.11 253.489
34.1136 253.492
34.1144 253.5
34.1162 253.516
34.1171 253.524
34.1215 253.564
34.1197 253.577
34.117 253.581
34.1116 253.59
34.1062 253.599
34.0899 253.627
34.0845 253.636
34.0674 253.655
34.0521 253.662
34.0458 253.663
34.0458 253.663
34.0018 253.643
33.9658 253.608
SUA160_0

0
0 60003 69200 69205
0 0 0 1
32
33.9973 253.631
33.9757 253.611
33.9721 253.607
33.9685 253.604
33.965 253.6
33.965 253.6
33.9255 253.534
33.9282 253.529
33.9417 253.507
33.9444 253.502
33.9526 253.488
33.9553 253.484
34.0219 253.447
34.0219 253.447
34.0713 253.459
34.0785 253.466
34.1001 253.486
34.1037 253.49
34.1109 253.497
34.1144 253.5
34.1233 253.552
34.1224 253.572
34.1224 253.572
34.1062 253.599
34.0872 253.631
34.0791 253.645
34.0764 253.65
34.0674 253.655
34.0521 253.662
34.0081 253.641
34.0045 253.638
33.9973 253.631
SUA161_0

0
0 60003 69205 69210
0 0 0 1
23
33.982 253.609
33.9748 253.603
33.939 253.54
33.9417 253.535
33.966 253.494
33.9688 253.489
34.0255 253.451
34.0722 253.467
34.0758 253.47
34.0866 253.481
34.0974 253.491
34.101 253.494
34.1153 253.508
34.1162 253.516
34.1215 253.564
34.1197 253.577
34.117 253.581
34.0818 253.64
34.0791 253.645
34.0764 253.65
34.0548 253.658
34.0144 253.64
33.982 253.609
SUA162_0

0
0 60003 69210 69215
0 0 0 1
32
34.0063 253.625
33.9847 253.605
33.9811 253.601
33.9811 253.601
33.9489 253.542
33.9516 253.537
33.9678 253.51
33.9732 253.501
33.9786 253.492
34.03 253.462
34.03 253.462
34.0731 253.475
34.0731 253.475
34.0767 253.478
34.0911 253.492
34.0983 253.499
34.1126 253.513
34.1162 253.516
34.118 253.532
34.1215 253.564
34.1197 253.577
34.1143 253.586
34.1116 253.59
34.0818 253.64
34.0791 253.645
34.0791 253.645
34.0701 253.651
34.0611 253.656
34.0611 253.656
34.0548 253.658
34.0242 253.643
34.0063 253.625
SUA163_0

0
0 60003 69215 69220
0 0 0 1
24
34.009 253.621
33.991 253.604
33.9874 253.6
33.9874 253.6
33.9596 253.552
33.9651 253.543
33.9678 253.539
33.9786 253.52
33.9867 253.507
33.9894 253.502
34.0371 253.469
34.074 253.483
34.1027 253.51
34.1171 253.524
34.1189 253.54
34.1215 253.564
34.117 253.581
34.1143 253.586
34.0872 253.631
34.0791 253.645
34.0764 253.65
34.0611 253.656
34.0305 253.641
34.009 253.621
SUA164_0

0
0 60003 69220 69225
0 0 0 1
27
34.0009 253.606
33.9973 253.603
33.9937 253.599
33.9731 253.558
33.9731 253.558
33.9758 253.553
33.9867 253.535
33.9975 253.517
34.0002 253.512
34.0029 253.508
34.0146 253.498
34.0416 253.481
34.0776 253.486
34.0848 253.493
34.1063 253.514
34.1135 253.521
34.1171 253.524
34.118 253.532
34.1215 253.564
34.1197 253.577
34.1143 253.586
34.1062 253.599
34.0791 253.645
34.0764 253.65
34.0638 253.652
34.0368 253.64
34.0009 253.606
SUA165_0

0
0 60003 69225 69230
0 0 0 1
29
34.0324 253.629
34.0072 253.605
34 253.598
33.9794 253.557
33.9821 253.552
34.0038 253.516
34.0092 253.507
34.0452 253.484
34.0785 253.494
34.0821 253.498
34.0857 253.501
34.0964 253.512
34.1036 253.518
34.1108 253.525
34.118 253.532
34.118 253.532
34.1189 253.54
34.1215 253.564
34.1197 253.577
34.117 253.581
34.1116 253.59
34.1089 253.595
34.1035 253.604
34.0791 253.645
34.0791 253.645
34.0665 253.647
34.0665 253.647
34.0431 253.639
34.0324 253.629
SUA166_0

0
0 60003 69230 69235
0 0 0 1
30
34.0387 253.628
34.0135 253.604
34.0099 253.6
34.0063 253.597
33.9929 253.563
33.9929 253.563
33.9956 253.558
34.0037 253.544
34.0173 253.522
34.02 253.517
34.0227 253.512
34.0497 253.495
34.0758 253.499
34.0794 253.502
34.0865 253.509
34.0973 253.52
34.1045 253.526
34.1189 253.54
34.1189 253.54
34.1198 253.548
34.1188 253.569
34.117 253.581
34.117 253.581
34.1116 253.59
34.0872 253.631
34.0818 253.64
34.0755 253.642
34.0692 253.643
34.0458 253.635
34.0387 253.628
SUA167_0

0
0 60003 69235 69240
0 0 0 1
33
34.0405 253.615
34.0225 253.598
34.0153 253.591
34.0001 253.569
34.0028 253.565
34.0244 253.528
34.0299 253.519
34.0326 253.515
34.0533 253.499
34.0533 253.499
34.0632 253.501
34.0767 253.507
34.0803 253.51
34.0838 253.514
34.0874 253.517
34.091 253.521
34.0946 253.524
34.1054 253.534
34.1198 253.548
34.1198 253.548
34.1188 253.569
34.117 253.581
34.117 253.581
34.1116 253.59
34.1008 253.609
34.0872 253.631
34.0845 253.636
34.0818 253.64
34.0755 253.642
34.0584 253.632
34.0548 253.629
34.0477 253.622
34.0405 253.615
SUA168_0

0
0 60003 69240 69245
0 0 0 1
24
34.0477 253.622
34.0405 253.615
34.0297 253.605
34.0189 253.595
34.01 253.572
34.0343 253.531
34.0452 253.513
34.0605 253.506
34.0605 253.506
34.0802 253.51
34.0838 253.514
34.0874 253.517
34.1162 253.545
34.1198 253.548
34.1198 253.548
34.1197 253.577
34.0926 253.622
34.0872 253.631
34.0845 253.636
34.0845 253.636
34.0782 253.637
34.0782 253.637
34.0584 253.632
34.0477 253.622
SUA169_0

0
0 60003 69245 69250
0 0 0 1
32
34.054 253.621
34.0288 253.597
34.0252 253.594
34.0163 253.571
34.019 253.566
34.0271 253.552
34.0406 253.53
34.046 253.521
34.0488 253.516
34.0641 253.509
34.0641 253.509
34.0775 253.515
34.0811 253.518
34.0883 253.525
34.0955 253.532
34.0991 253.536
34.1063 253.542
34.117 253.553
34.1171 253.553
34.1179 253.561
34.1188 253.569
34.1197 253.577
34.117 253.581
34.1035 253.604
34.0926 253.622
34.0872 253.631
34.0845 253.636
34.0845 253.636
34.0782 253.637
34.0782 253.637
34.0647 253.631
34.054 253.621
SUA170_0

0
0 60003 69250 69255
0 0 0 1
20
34.0639 253.623
34.0315 253.592
34.0279 253.589
34.0199 253.574
34.0226 253.57
34.0442 253.533
34.0496 253.524
34.0641 253.509
34.0775 253.515
34.0847 253.522
34.1135 253.549
34.117 253.553
34.1179 253.561
34.1197 253.577
34.0899 253.627
34.0809 253.632
34.0809 253.632
34.071 253.63
34.0674 253.627
34.0639 253.623
SUA171_0

0
0 60003 69255 69260
0 0 0 1
25
34.0414 253.595
34.0342 253.588
34.0298 253.576
34.0325 253.572
34.0541 253.535
34.0595 253.526
34.0622 253.522
34.0685 253.521
34.0748 253.519
34.0784 253.523
34.0892 253.533
34.0928 253.537
34.1108 253.554
34.1143 253.557
34.1143 253.557
34.1188 253.569
34.1161 253.573
34.108 253.587
34.0999 253.601
34.0891 253.619
34.0836 253.628
34.0737 253.626
34.0702 253.622
34.0558 253.608
34.0414 253.595
SUA172_0

0
0 60003 69260 69265
0 0 0 1
22
34.0657 253.611
34.0405 253.587
34.0369 253.583
34.0361 253.575
34.0388 253.571
34.0469 253.557
34.0523 253.548
34.0658 253.525
34.0721 253.524
34.0721 253.524
34.0793 253.531
34.0901 253.541
34.1045 253.555
34.1116 253.562
34.1152 253.565
34.1152 253.565
34.1098 253.574
34.0963 253.597
34.0855 253.615
34.0828 253.62
34.08 253.624
34.0657 253.611
