SUA0_0

0
0 60003 48600 48605
0 0 0 1
23
34.4701 239.489
34.4539 239.462
34.4539 239.462
34.4611 239.455
34.4827 239.434
34.4935 239.424
34.4971 239.421
34.5007 239.417
34.5034 239.422
34.5061 239.426
34.5115 239.435
34.5169 239.445
34.533 239.472
34.5357 239.477
34.5321 239.48
34.5285 239.483
34.5177 239.494
34.5033 239.507
34.4961 239.514
34.4925 239.518
34.4889 239.521
34.4862 239.516
34.4701 239.489
SUA1_0

0
0 60003 48605 48610
0 0 0 1
18
34.4611 239.483
34.453 239.47
34.453 239.47
34.4539 239.462
34.4539 239.462
34.4647 239.451
34.4971 239.421
34.5034 239.422
34.5034 239.422
34.5169 239.445
34.5303 239.467
34.5357 239.477
34.5375 239.489
34.5195 239.506
34.5015 239.523
34.4979 239.527
34.4826 239.52
34.4611 239.483
SUA2_0

0
0 60003 48610 48615
0 0 0 1
25
34.4557 239.474
34.4503 239.465
34.4548 239.454
34.4764 239.433
34.48 239.43
34.4836 239.426
34.4944 239.416
34.5007 239.417
34.5007 239.417
34.5007 239.417
34.5034 239.422
34.5277 239.463
34.533 239.472
34.5357 239.477
34.5402 239.494
34.5294 239.504
34.5114 239.521
34.5042 239.528
34.5006 239.531
34.4853 239.524
34.4826 239.52
34.4718 239.502
34.4692 239.497
34.4665 239.492
34.4557 239.474
SUA3_0

0
0 60003 48615 48620
0 0 0 1
25
34.4772 239.511
34.4638 239.488
34.453 239.47
34.4503 239.465
34.4521 239.449
34.4521 239.449
34.4557 239.446
34.4665 239.435
34.4845 239.418
34.4881 239.415
34.4953 239.408
34.5088 239.431
34.5357 239.477
34.5411 239.486
34.5438 239.49
34.5402 239.494
34.5366 239.497
34.533 239.501
34.5078 239.525
34.5042 239.528
34.5006 239.531
34.5006 239.531
34.4943 239.53
34.4853 239.524
34.4772 239.511
SUA4_0

0
0 60003 48620 48625
0 0 0 1
21
34.4566 239.495
34.4458 239.476
34.4476 239.432
34.4512 239.429
34.4836 239.398
34.4872 239.394
34.5052 239.406
34.5106 239.415
34.5187 239.429
34.5214 239.433
34.5349 239.456
34.5501 239.491
34.5483 239.507
34.5447 239.511
34.5159 239.538
34.5087 239.545
34.4844 239.532
34.4754 239.527
34.4727 239.522
34.4646 239.508
34.4566 239.495
SUA5_0

0
0 60003 48625 48630
0 0 0 1
21
34.4718 239.53
34.4476 239.489
34.4422 239.48
34.4476 239.432
34.4512 239.429
34.4728 239.408
34.4872 239.394
34.5052 239.406
34.5052 239.406
34.5079 239.41
34.5106 239.415
34.516 239.424
34.5187 239.429
34.5349 239.456
34.5501 239.491
34.5501 239.491
34.5483 239.507
34.5303 239.525
34.5087 239.545
34.4772 239.539
34.4718 239.53
SUA6_0

0
0 60003 48630 48635
0 0 0 1
29
34.4386 239.483
34.4395 239.475
34.4449 239.427
34.4449 239.427
34.4485 239.424
34.4521 239.421
34.4593 239.414
34.4809 239.393
34.4845 239.39
34.4846 239.39
34.4846 239.39
34.5025 239.401
34.5106 239.415
34.5214 239.433
34.5268 239.442
34.5349 239.456
34.5349 239.456
34.5501 239.491
34.5456 239.503
34.542 239.506
34.5312 239.517
34.5168 239.53
34.5132 239.534
34.506 239.54
34.4772 239.539
34.4682 239.534
34.4655 239.529
34.444 239.492
34.4386 239.483
SUA7_0

0
0 60003 48635 48640
0 0 0 1
22
34.4467 239.497
34.4359 239.479
34.4449 239.427
34.4773 239.397
34.4845 239.39
34.4881 239.386
34.5025 239.401
34.5025 239.401
34.516 239.424
34.5322 239.452
34.5349 239.456
34.5375 239.461
34.5402 239.465
34.5501 239.491
34.5537 239.517
34.5249 239.544
34.5177 239.551
34.5141 239.554
34.4736 239.543
34.4709 239.538
34.4655 239.529
34.4467 239.497
SUA8_0

0
0 60003 48640 48645
0 0 0 1
28
34.4601 239.52
34.4386 239.483
34.4359 239.479
34.4359 239.479
34.4413 239.431
34.4422 239.423
34.4458 239.419
34.4566 239.409
34.4746 239.392
34.4818 239.385
34.4882 239.386
34.4882 239.386
34.5025 239.401
34.5052 239.406
34.5106 239.415
34.5187 239.429
34.5214 239.433
34.5322 239.452
34.5349 239.456
34.5501 239.491
34.5501 239.491
34.551 239.512
34.5474 239.515
34.5402 239.522
34.533 239.529
34.5114 239.55
34.4736 239.543
34.4601 239.52
SUA9_0

0
0 60003 48645 48650
0 0 0 1
22
34.4682 239.534
34.4359 239.479
34.4332 239.474
34.4386 239.426
34.4422 239.423
34.4711 239.395
34.4782 239.389
34.4818 239.385
34.4855 239.382
34.4855 239.382
34.4855 239.382
34.4998 239.397
34.5025 239.401
34.5402 239.465
34.5501 239.491
34.5645 239.535
34.5609 239.538
34.5357 239.562
34.5249 239.572
34.4736 239.543
34.4709 239.538
34.4682 239.534
SUA10_0

0
0 60003 48650 48655
0 0 0 1
27
34.435 239.487
34.4323 239.482
34.4296 239.478
34.4359 239.422
34.4369 239.414
34.4405 239.41
34.4729 239.379
34.4765 239.376
34.4828 239.377
34.4971 239.392
34.4998 239.397
34.5133 239.42
34.5214 239.433
34.5349 239.456
34.5402 239.465
34.5501 239.491
34.5564 239.521
34.5528 239.525
34.5492 239.528
34.5348 239.542
34.524 239.552
34.5204 239.555
34.5168 239.559
34.4673 239.542
34.4592 239.528
34.4511 239.514
34.435 239.487
SUA11_0

0
0 60003 48655 48660
0 0 0 1
25
34.4395 239.504
34.426 239.481
34.4233 239.476
34.4242 239.468
34.4306 239.413
34.4315 239.405
34.4495 239.387
34.4603 239.377
34.4711 239.367
34.4828 239.377
34.4944 239.388
34.4998 239.397
34.5052 239.406
34.5079 239.41
34.5133 239.42
34.5349 239.456
34.5375 239.461
34.5501 239.491
34.5528 239.525
34.5492 239.528
34.5204 239.555
34.5132 239.562
34.4673 239.542
34.4529 239.527
34.4395 239.504
SUA12_0

0
0 60003 48660 48665
0 0 0 1
31
34.4376 239.52
34.4323 239.511
34.4188 239.488
34.4143 239.471
34.4125 239.458
34.4162 239.426
34.4225 239.399
34.4297 239.392
34.4621 239.361
34.4657 239.358
34.4891 239.378
34.4918 239.383
34.4971 239.392
34.5106 239.415
34.5268 239.442
34.5349 239.456
34.5474 239.487
34.5465 239.495
34.5465 239.495
34.5429 239.498
34.5285 239.512
34.5213 239.519
34.4997 239.539
34.4898 239.542
34.4898 239.542
34.461 239.54
34.4547 239.539
34.4484 239.538
34.4457 239.534
34.4403 239.524
34.4376 239.52
SUA13_0

0
0 60003 48665 48670
0 0 0 1
30
34.4233 239.505
34.4125 239.487
34.4044 239.473
34.4017 239.468
34.3945 239.447
34.4153 239.377
34.4189 239.374
34.4261 239.367
34.4477 239.346
34.4549 239.34
34.4837 239.369
34.4864 239.374
34.4891 239.378
34.4918 239.383
34.5079 239.41
34.516 239.424
34.5214 239.433
34.5241 239.438
34.5268 239.442
34.5474 239.487
34.5393 239.502
34.5213 239.519
34.5033 239.536
34.4997 239.539
34.4862 239.545
34.4547 239.539
34.4484 239.538
34.434 239.523
34.4314 239.519
34.4233 239.505
SUA14_0

0
0 60003 48670 48675
0 0 0 1
33
34.4188 239.516
34.4053 239.494
34.3999 239.484
34.3864 239.462
34.382 239.444
34.4063 239.371
34.4063 239.371
34.4099 239.368
34.4207 239.358
34.4423 239.337
34.4459 239.334
34.4495 239.33
34.4495 239.33
34.4819 239.357
34.4846 239.361
34.4954 239.38
34.5088 239.402
34.5142 239.412
34.5169 239.416
34.5447 239.482
34.5438 239.49
34.5402 239.494
34.5366 239.497
34.5186 239.514
34.5006 239.531
34.4934 239.538
34.4799 239.544
34.4448 239.542
34.4385 239.54
34.4295 239.535
34.4268 239.53
34.4242 239.526
34.4188 239.516
SUA15_0

0
0 60003 48675 48680
0 0 0 1
35
34.3891 239.495
34.3783 239.476
34.3756 239.472
34.3729 239.467
34.3685 239.45
34.3667 239.438
34.3658 239.417
34.4009 239.362
34.4045 239.359
34.4081 239.355
34.4261 239.338
34.4405 239.325
34.4468 239.326
34.4792 239.352
34.4819 239.357
34.4846 239.361
34.49 239.37
34.498 239.384
34.5142 239.412
34.5447 239.482
34.5411 239.486
34.5339 239.493
34.5267 239.499
34.5195 239.506
34.5087 239.517
34.4907 239.534
34.4871 239.537
34.4385 239.54
34.4322 239.539
34.4322 239.539
34.417 239.532
34.4053 239.522
34.4026 239.518
34.3972 239.508
34.3891 239.495
SUA16_0

0
0 60003 48680 48685
0 0 0 1
27
34.3648 239.511
34.3594 239.501
34.3486 239.483
34.3406 239.469
34.3352 239.46
34.3325 239.456
34.3298 239.451
34.3208 239.417
34.3244 239.414
34.3424 239.396
34.346 239.393
34.3604 239.379
34.4405 239.325
34.4405 239.325
34.4819 239.357
34.4846 239.361
34.4927 239.375
34.5115 239.407
34.5384 239.481
34.5312 239.488
34.5168 239.502
34.488 239.529
34.4844 239.532
34.4358 239.536
34.3756 239.529
34.3729 239.524
34.3648 239.511
SUA17_0

0
0 60003 48685 48690
0 0 0 1
31
34.2902 239.489
34.2713 239.457
34.2686 239.452
34.2659 239.448
34.2749 239.425
34.2975 239.396
34.3011 239.393
34.3227 239.372
34.3335 239.362
34.3371 239.359
34.3542 239.35
34.4396 239.333
34.472 239.359
34.4908 239.391
34.4935 239.396
34.5043 239.414
34.5294 239.475
34.5258 239.479
34.5186 239.486
34.5114 239.493
34.4898 239.513
34.4826 239.52
34.4754 239.527
34.4097 239.539
34.3936 239.54
34.3558 239.533
34.3162 239.514
34.3072 239.508
34.2956 239.498
34.2929 239.493
34.2902 239.489
SUA18_0

0
0 60003 48690 48695
0 0 0 1
26
34.2119 239.499
34.185 239.453
34.1823 239.449
34.1796 239.444
34.1985 239.419
34.2021 239.416
34.2345 239.385
34.2381 239.381
34.2696 239.359
34.2966 239.347
34.3326 239.342
34.4288 239.343
34.4612 239.369
34.4666 239.378
34.4693 239.383
34.4935 239.424
34.5133 239.477
34.5096 239.48
34.506 239.483
34.4736 239.514
34.47 239.518
34.4529 239.527
34.4394 239.532
34.3999 239.541
34.3045 239.532
34.2119 239.499
SUA19_0

0
0 60003 48695 48700
0 0 0 1
34
34.0825 239.422
34.0744 239.409
34.0717 239.404
34.1104 239.346
34.114 239.342
34.1212 239.336
34.1464 239.312
34.15 239.308
34.1599 239.306
34.4153 239.349
34.4414 239.374
34.4441 239.378
34.4468 239.383
34.4629 239.41
34.471 239.424
34.4764 239.433
34.4935 239.481
34.4899 239.485
34.4863 239.488
34.4827 239.491
34.4718 239.502
34.4466 239.526
34.443 239.529
34.4394 239.532
34.3873 239.539
34.3648 239.539
34.3648 239.539
34.2407 239.529
34.1624 239.51
34.1013 239.454
34.0986 239.45
34.0959 239.445
34.0932 239.441
34.0825 239.422
SUA20_0

0
0 60003 48700 48705
0 0 0 1
26
33.9628 239.429
33.9494 239.406
33.9827 239.339
33.9863 239.335
34.0223 239.301
34.0682 239.293
34.1644 239.295
34.3892 239.352
34.4153 239.377
34.418 239.382
34.4557 239.446
34.4584 239.45
34.4656 239.472
34.4728 239.494
34.4403 239.524
34.4331 239.531
34.4232 239.534
34.4071 239.535
34.3585 239.538
34.336 239.538
34.3009 239.536
34.0428 239.517
34.0221 239.501
33.979 239.456
33.9736 239.447
33.9628 239.429
SUA21_0

0
0 60003 48705 48710
0 0 0 1
34
33.7848 239.356
33.7821 239.351
33.7767 239.313
33.7875 239.303
33.7947 239.296
33.838 239.255
33.8452 239.248
33.9927 239.251
34.0655 239.26
34.2795 239.328
34.329 239.345
34.3506 239.353
34.3685 239.364
34.3802 239.375
34.3946 239.39
34.3973 239.394
34.4081 239.412
34.4162 239.426
34.4377 239.463
34.4404 239.467
34.4503 239.494
34.4467 239.497
34.4395 239.504
34.4143 239.528
34.4107 239.531
34.4008 239.533
34.3621 239.535
34.2721 239.534
34.0266 239.518
33.8791 239.487
33.8647 239.472
33.8117 239.401
33.809 239.397
33.7848 239.356
SUA22_0

0
0 60003 48710 48715
0 0 0 1
39
33.5788 239.359
33.568 239.34
33.5142 239.22
33.5178 239.217
33.525 239.21
33.5322 239.203
33.5466 239.19
33.5538 239.183
33.6249 239.18
33.883 239.227
34.2166 239.316
34.2723 239.335
34.3092 239.35
34.3541 239.378
34.3829 239.408
34.3883 239.417
34.391 239.422
34.3937 239.426
34.4044 239.444
34.4071 239.449
34.4125 239.458
34.4251 239.489
34.4179 239.496
34.4107 239.503
34.3999 239.513
34.3855 239.527
34.3819 239.53
34.372 239.532
34.3459 239.536
34.3234 239.536
34.1696 239.532
33.7793 239.489
33.773 239.488
33.7667 239.487
33.7604 239.486
33.7541 239.485
33.6121 239.406
33.6031 239.4
33.5788 239.359
SUA23_0

0
0 60003 48715 48720
0 0 0 1
34
33.2299 239.262
33.2084 239.226
33.212 239.222
33.2156 239.219
33.2228 239.212
33.248 239.188
33.2516 239.185
33.2966 239.156
33.4477 239.127
33.6528 239.16
33.7867 239.197
33.9702 239.251
34.1689 239.312
34.2552 239.344
34.337 239.387
34.3487 239.398
34.3568 239.411
34.3676 239.43
34.3784 239.448
34.3864 239.49
34.3828 239.494
34.3792 239.497
34.3612 239.514
34.3432 239.531
34.3333 239.533
34.3234 239.536
34.3009 239.536
34.059 239.516
33.6516 239.482
33.5158 239.461
33.5095 239.46
33.3323 239.407
33.238 239.276
33.2299 239.262
SUA24_0

0
0 60003 48720 48725
0 0 0 1
37
32.8683 239.335
32.8656 239.33
32.8575 239.317
32.8613 239.085
32.8649 239.081
32.8793 239.068
32.8865 239.061
32.9009 239.047
32.9045 239.044
32.9144 239.042
33.0979 239.038
33.3146 239.082
33.5062 239.121
33.9171 239.237
34.0475 239.277
34.2381 239.353
34.284 239.373
34.2867 239.378
34.3002 239.401
34.3109 239.419
34.3136 239.424
34.3441 239.495
34.3405 239.498
34.3369 239.501
34.3225 239.515
34.3153 239.522
34.3081 239.529
34.3045 239.532
34.2757 239.531
34.0878 239.517
33.6426 239.476
33.3125 239.44
32.8997 239.369
32.8934 239.368
32.8871 239.367
32.879 239.353
32.8683 239.335
SUA25_0

0
0 60003 48725 48730
0 0 0 1
35
32.4727 239.14
32.4565 239.113
32.4511 239.104
32.4484 239.099
32.4458 239.094
32.5115 239.025
32.5151 239.021
32.5331 239.004
32.5403 238.998
32.5583 238.98
32.7957 238.983
32.8812 238.995
32.8875 238.996
33.0134 239.019
33.1393 239.042
33.49 239.122
34.1851 239.339
34.2048 239.363
34.2075 239.368
34.2183 239.386
34.2318 239.409
34.2641 239.464
34.2722 239.477
34.2749 239.482
34.2533 239.502
34.2389 239.516
34.2353 239.52
34.2092 239.523
33.817 239.496
33.0643 239.42
32.8664 239.379
32.7639 239.348
32.5383 239.242
32.4754 239.145
32.4727 239.14
SUA26_0

0
0 60003 48730 48735
0 0 0 1
37
32.0491 239.079
32.0356 239.056
32.0302 239.047
32.0276 239.042
32.0312 238.953
32.0348 238.95
32.0492 238.936
32.06 238.926
32.0672 238.919
32.0744 238.912
32.1095 238.886
32.2337 238.868
32.3965 238.877
32.642 238.922
32.8884 238.988
33.3623 239.115
34.0124 239.303
34.1194 239.352
34.1302 239.37
34.141 239.388
34.1436 239.393
34.149 239.402
34.1643 239.466
34.1607 239.469
34.1391 239.49
34.1247 239.503
34.0824 239.508
33.9709 239.5
33.5095 239.46
32.951 239.399
32.4132 239.325
32.4069 239.324
32.4006 239.323
32.165 239.218
32.0626 239.102
32.0599 239.097
32.0491 239.079
SUA27_0

0
0 60003 48735 48740
0 0 0 1
38
31.4582 239.077
31.4528 239.068
31.4474 239.059
31.4439 238.976
31.5024 238.857
31.506 238.853
31.5096 238.85
31.5312 238.829
31.5385 238.823
31.5421 238.819
31.6509 238.766
31.9316 238.784
32.071 238.802
32.0835 238.804
32.6042 238.915
33.3416 239.128
33.7669 239.259
33.8559 239.295
33.9045 239.32
33.9251 239.336
33.9332 239.35
33.9521 239.382
33.9548 239.387
33.9421 239.441
33.9385 239.445
33.9025 239.479
33.7424 239.474
33.6345 239.463
32.825 239.376
32.3538 239.31
32.155 239.278
32.1425 239.275
32.1362 239.274
31.9032 239.232
31.7441 239.19
31.477 239.109
31.4743 239.104
31.4582 239.077
SUA28_0

0
0 60003 48740 48745
0 0 0 1
38
30.9555 238.92
30.9501 238.911
30.8856 238.658
30.8892 238.655
30.9144 238.631
30.9288 238.617
31.2517 238.631
31.5494 238.67
32.0161 238.775
32.0566 238.787
32.7598 238.989
33.3235 239.173
33.524 239.275
33.5267 239.28
33.5375 239.298
33.5456 239.312
33.551 239.321
33.5537 239.326
33.523 239.369
33.5158 239.376
33.5122 239.379
33.4942 239.396
33.487 239.403
33.4834 239.407
33.3998 239.408
33.3548 239.407
32.9402 239.381
32.8448 239.371
32.0723 239.271
31.8825 239.244
31.3465 239.154
31.3403 239.153
31.1137 239.083
31.0669 239.042
30.9798 238.961
30.9771 238.956
30.969 238.943
30.9555 238.92
SUA29_0

0
0 60003 48745 48750
0 0 0 1
32
30.202 238.652
30.1939 238.638
30.1805 238.615
30.1778 238.61
30.1814 238.607
30.203 238.586
30.2174 238.573
30.2993 238.502
30.3776 238.435
30.7463 238.498
31.098 238.571
31.3479 238.633
31.8848 238.772
32.1842 238.851
32.7408 239.071
32.845 239.172
32.8477 239.176
32.8747 239.222
32.8711 239.225
32.8423 239.253
32.8387 239.256
32.8351 239.259
32.71 239.285
32.558 239.294
31.9482 239.232
31.6847 239.204
30.9311 239.078
30.5669 238.975
30.4095 238.918
30.299 238.816
30.2936 238.807
30.202 238.652
SUA30_0

0
0 60003 48750 48755
0 0 0 1
42
29.5022 238.731
29.4941 238.718
29.4914 238.713
29.416 238.528
29.4008 238.436
29.4054 238.367
29.4207 238.346
29.4243 238.342
29.4639 238.304
29.4747 238.294
29.4783 238.291
29.4927 238.277
29.5521 238.264
29.7041 238.255
29.8138 238.25
29.8201 238.251
30.2203 238.349
30.7419 238.481
31.2994 238.636
31.7291 238.87
31.7974 238.947
31.8001 238.952
31.8082 238.966
31.8243 238.993
31.827 238.998
31.8099 239.035
31.8063 239.039
31.7955 239.049
31.7883 239.056
31.7811 239.063
31.7775 239.066
31.7739 239.069
31.7703 239.073
31.6209 239.115
31.3412 239.117
31.2522 239.109
30.8519 239.068
30.4508 239.007
29.8528 238.869
29.5237 238.768
29.521 238.763
29.5022 238.731
SUA31_0

0
0 60003 48755 48760
0 0 0 1
26
28.507 238.158
28.5016 238.149
28.5052 238.145
28.534 238.118
28.5412 238.111
29.3175 238.123
30.3192 238.383
30.9045 238.633
30.9099 238.642
30.9234 238.665
30.9315 238.679
30.9341 238.683
30.8098 238.901
30.8026 238.908
30.7846 238.925
30.7738 238.935
30.7702 238.939
30.5381 238.974
30.1909 238.947
29.673 238.84
29.3123 238.762
28.9958 238.692
28.8645 238.66
28.5313 238.199
28.5232 238.185
28.507 238.158
SUA32_0

0
0 60003 48760 48765
0 0 0 1
30
28.388 238.414
28.3746 238.391
28.3665 238.377
28.3638 238.372
28.3611 238.368
28.3863 238.344
28.3935 238.337
28.3971 238.334
28.4007 238.33
28.5519 238.215
28.7751 238.06
28.973 238.072
28.9793 238.073
28.9856 238.074
29.3471 238.145
29.4837 238.243
29.5997 238.354
29.7578 238.546
29.7632 238.555
29.7766 238.578
29.7847 238.591
29.7874 238.596
29.7378 238.722
29.7342 238.725
29.7234 238.735
29.6982 238.759
29.4293 238.751
28.8052 238.616
28.3907 238.418
28.388 238.414
