SUA0_0

0
0 60003 57600 57605
0 0 0 1
27
33.4735 253.088
33.4735 253.093
33.4645 253.162
33.4645 253.162
33.4555 253.162
33.4375 253.162
33.406 253.162
33.4015 253.162
33.3386 253.156
33.3116 253.122
33.2981 253.099
33.2981 253.053
33.2981 253.031
33.2981 253.019
33.3026 252.991
33.3071 252.985
33.3161 252.979
33.361 252.979
33.379 252.979
33.388 252.979
33.3925 252.979
33.415 252.985
33.469 253.019
33.4735 253.025
33.4735 253.025
33.4735 253.053
33.4735 253.088
SUA1_0

0
0 60003 57605 57610
0 0 0 1
31
33.469 253.082
33.469 253.088
33.469 253.093
33.4555 253.162
33.451 253.162
33.4465 253.162
33.406 253.162
33.397 253.162
33.3925 253.162
33.3925 253.162
33.3296 253.156
33.2846 253.116
33.2801 253.099
33.2801 253.093
33.2801 253.082
33.2801 253.042
33.2801 253.025
33.2846 253.002
33.2891 252.991
33.2936 252.979
33.3206 252.973
33.3251 252.973
33.3341 252.973
33.3565 252.973
33.37 252.973
33.4015 252.985
33.469 253.025
33.469 253.031
33.469 253.036
33.469 253.048
33.469 253.082
SUA2_0

0
0 60003 57610 57615
0 0 0 1
25
33.4555 253.093
33.4465 253.162
33.4195 253.162
33.397 253.162
33.3925 253.162
33.3296 253.156
33.2891 253.128
33.2801 253.105
33.2801 253.099
33.2801 253.088
33.2801 253.082
33.2801 253.031
33.2801 253.025
33.2801 253.019
33.2846 253.002
33.2936 252.979
33.2981 252.973
33.3161 252.968
33.3251 252.968
33.3476 252.968
33.3655 252.968
33.424 252.996
33.4555 253.025
33.4555 253.048
33.4555 253.093
SUA3_0

0
0 60003 57615 57620
0 0 0 1
28
33.4465 253.025
33.4465 253.076
33.4465 253.088
33.4465 253.093
33.4375 253.156
33.424 253.156
33.397 253.156
33.3925 253.156
33.388 253.156
33.3296 253.15
33.3026 253.139
33.2846 253.128
33.2756 253.122
33.2711 253.099
33.2711 253.088
33.2711 253.059
33.2711 253.031
33.2711 253.008
33.2711 252.991
33.2846 252.968
33.2981 252.962
33.3161 252.962
33.3521 252.962
33.388 252.962
33.3925 252.962
33.397 252.962
33.4105 252.979
33.4465 253.025
SUA4_0

0
0 60003 57620 57625
0 0 0 1
30
33.442 253.082
33.442 253.122
33.442 253.128
33.4285 253.145
33.3296 253.15
33.3161 253.15
33.3071 253.15
33.2981 253.15
33.2801 253.15
33.2576 253.116
33.2486 253.093
33.2486 253.076
33.2486 253.042
33.2486 253.036
33.2486 253.031
33.2576 252.979
33.2756 252.962
33.2846 252.956
33.3296 252.951
33.3341 252.951
33.3431 252.951
33.37 252.951
33.379 252.951
33.4105 252.956
33.415 252.962
33.433 252.996
33.4375 253.013
33.442 253.065
33.442 253.071
33.442 253.082
SUA5_0

0
0 60003 57625 57630
0 0 0 1
30
33.442 253.013
33.442 253.071
33.442 253.076
33.4375 253.116
33.4285 253.145
33.415 253.15
33.3296 253.156
33.3251 253.156
33.3116 253.156
33.2846 253.156
33.2801 253.156
33.2306 253.099
33.2306 253.088
33.2306 253.065
33.2306 253.053
33.2306 253.025
33.2306 253.008
33.2306 253.002
33.2621 252.951
33.3251 252.939
33.3341 252.939
33.3431 252.939
33.3611 252.939
33.3835 252.939
33.388 252.939
33.388 252.939
33.4015 252.945
33.433 252.973
33.442 253.008
33.442 253.013
SUA6_0

0
0 60003 57630 57635
0 0 0 1
31
33.4555 253.076
33.4555 253.088
33.4465 253.122
33.4285 253.15
33.406 253.162
33.4015 253.162
33.3116 253.162
33.2711 253.162
33.2621 253.162
33.2531 253.162
33.2486 253.162
33.2171 253.139
33.2126 253.105
33.2126 253.088
33.2126 252.985
33.2126 252.979
33.2216 252.962
33.2351 252.945
33.3206 252.928
33.3251 252.928
33.3341 252.928
33.37 252.928
33.3835 252.928
33.397 252.934
33.4285 252.956
33.442 252.985
33.4465 252.996
33.4555 253.025
33.4555 253.031
33.4555 253.071
33.4555 253.076
SUA7_0

0
0 60003 57635 57640
0 0 0 1
30
33.46 253.082
33.46 253.088
33.4465 253.145
33.406 253.173
33.3071 253.179
33.3026 253.179
33.2756 253.179
33.2666 253.179
33.2576 253.179
33.2126 253.168
33.1677 253.133
33.1677 253.128
33.1677 253.122
33.1677 253.076
33.1677 253.059
33.1767 252.991
33.1856 252.951
33.1991 252.922
33.2171 252.916
33.2261 252.916
33.2351 252.916
33.2576 252.916
33.37 252.916
33.3835 252.916
33.388 252.916
33.415 252.934
33.424 252.945
33.46 253.025
33.46 253.071
33.46 253.082
SUA8_0

0
0 60003 57640 57645
0 0 0 1
34
33.4645 253.048
33.4645 253.065
33.4645 253.076
33.4645 253.082
33.4285 253.156
33.406 253.179
33.3745 253.19
33.37 253.19
33.3386 253.19
33.2396 253.19
33.2216 253.19
33.2036 253.185
33.1587 253.139
33.1182 253.053
33.1182 253.008
33.1182 253.002
33.1182 252.996
33.1182 252.991
33.1182 252.985
33.1452 252.922
33.1722 252.905
33.2081 252.882
33.2216 252.882
33.2306 252.882
33.2486 252.882
33.2531 252.882
33.2576 252.882
33.3566 252.894
33.3925 252.899
33.4465 252.939
33.4645 253.013
33.4645 253.025
33.4645 253.036
33.4645 253.048
SUA9_0

0
0 60003 57645 57650
0 0 0 1
30
33.4915 253.031
33.4915 253.071
33.4735 253.133
33.4555 253.168
33.4105 253.196
33.2396 253.219
33.2306 253.219
33.2126 253.219
33.1991 253.219
33.1901 253.219
33.1227 253.168
33.0777 253.11
33.0777 253.099
33.0777 253.065
33.0777 253.048
33.0822 253.019
33.1002 252.905
33.1092 252.882
33.1497 252.848
33.1587 252.848
33.1677 252.848
33.1991 252.848
33.2441 252.848
33.2531 252.848
33.3745 252.865
33.388 252.871
33.4285 252.899
33.4915 253.008
33.4915 253.013
33.4915 253.031
SUA10_0

0
0 60003 57650 57655
0 0 0 1
34
33.4915 253.025
33.4915 253.042
33.4915 253.071
33.4915 253.076
33.487 253.11
33.433 253.185
33.4195 253.202
33.4015 253.213
33.397 253.213
33.37 253.213
33.3476 253.213
33.3341 253.213
33.1946 253.207
33.0867 253.179
33.0327 253.082
33.0327 253.048
33.0327 253.019
33.0327 252.968
33.0327 252.962
33.0327 252.956
33.0327 252.951
33.0732 252.882
33.1407 252.848
33.1587 252.842
33.1632 252.842
33.1767 252.842
33.1991 252.842
33.2036 252.842
33.2081 252.842
33.3835 252.848
33.4285 252.854
33.487 252.945
33.4915 253.008
33.4915 253.025
SUA11_0

0
0 60003 57655 57660
0 0 0 1
39
33.478 252.991
33.478 253.013
33.478 253.042
33.478 253.053
33.478 253.065
33.4735 253.139
33.4375 253.19
33.397 253.23
33.3925 253.23
33.388 253.23
33.3521 253.23
33.3476 253.23
33.2846 253.225
33.1767 253.207
33.1137 253.19
33.0552 253.145
33.0552 253.122
33.0552 253.088
33.0552 253.082
33.0597 252.991
33.0642 252.968
33.1047 252.888
33.1227 252.865
33.1542 252.837
33.1587 252.837
33.1722 252.837
33.1901 252.837
33.2036 252.837
33.3431 252.842
33.4015 252.848
33.4465 252.859
33.4645 252.899
33.4735 252.939
33.478 252.962
33.478 252.968
33.478 252.973
33.478 252.979
33.478 252.985
33.478 252.991
SUA12_0

0
0 60003 57660 57665
0 0 0 1
24
33.4285 253.002
33.4285 253.008
33.4285 253.025
33.4285 253.031
33.406 253.128
33.37 253.173
33.2351 253.207
33.1901 253.207
33.1857 253.207
33.1272 253.179
33.0957 253.008
33.0957 252.996
33.0957 252.991
33.0957 252.968
33.0957 252.951
33.0957 252.945
33.1407 252.865
33.1452 252.865
33.1587 252.865
33.1767 252.865
33.1857 252.865
33.1902 252.865
33.4285 252.968
33.4285 253.002
SUA22_0

0
0 60003 57710 57715
0 0 0 1
19
33.4105 253.093
33.4105 253.105
33.4105 253.116
33.406 253.116
33.397 253.116
33.37 253.116
33.3611 253.116
33.3341 252.991
33.3341 252.951
33.3341 252.939
33.3341 252.928
33.3386 252.928
33.3431 252.928
33.379 252.928
33.3835 252.928
33.4105 253.053
33.4105 253.059
33.4105 253.071
33.4105 253.093
SUA23_0

0
0 60003 57715 57720
0 0 0 1
22
33.4105 252.991
33.4105 252.996
33.2801 253.139
33.2756 253.139
33.2711 253.139
33.2531 253.139
33.2441 253.139
33.2396 253.139
33.2351 253.139
33.2306 253.139
33.2306 253.128
33.2306 253.082
33.2306 253.076
33.2621 252.968
33.361 252.934
33.37 252.934
33.4015 252.934
33.406 252.934
33.4105 252.934
33.4105 252.939
33.4105 252.956
33.4105 252.991
SUA24_0

0
0 60003 57720 57725
0 0 0 1
23
33.4645 253.042
33.4645 253.093
33.4645 253.105
33.406 253.207
33.397 253.207
33.388 253.207
33.3835 253.207
33.37 253.207
33.3611 253.207
33.3566 253.207
33.1497 253.082
33.1497 253.076
33.1497 253.071
33.1497 253.036
33.1497 253.025
33.1497 253.019
33.1767 252.939
33.2306 252.905
33.2351 252.905
33.3745 252.905
33.379 252.905
33.3835 252.905
33.4645 253.042
SUA25_0

0
0 60003 57725 57730
0 0 0 1
30
33.478 253.042
33.478 253.071
33.478 253.076
33.4285 253.207
33.2036 253.236
33.1991 253.236
33.1902 253.236
33.1857 253.236
33.1677 253.236
33.1632 253.236
33.1587 253.236
33.1542 253.236
33.1182 253.225
33.0732 253.116
33.0327 253.002
33.0327 252.996
33.0327 252.991
33.0327 252.985
33.0327 252.956
33.0327 252.939
33.0867 252.848
33.0912 252.848
33.1047 252.848
33.1092 252.848
33.1362 252.848
33.361 252.859
33.4105 252.888
33.478 253.013
33.478 253.025
33.478 253.042
SUA26_0

0
0 60003 57730 57735
0 0 0 1
31
33.487 253.088
33.487 253.093
33.4825 253.15
33.4375 253.207
33.4285 253.219
33.3925 253.242
33.3835 253.242
33.379 253.242
33.361 253.242
33.3341 253.242
33.3296 253.242
33.1272 253.23
33.0777 253.202
33.0417 252.973
33.0417 252.968
33.0417 252.962
33.0417 252.934
33.0417 252.922
33.0417 252.911
33.0912 252.865
33.3521 252.842
33.4015 252.842
33.406 252.842
33.4375 252.854
33.46 252.888
33.469 252.911
33.4825 252.979
33.487 253.031
33.487 253.048
33.487 253.053
33.487 253.088
SUA27_0

0
0 60003 57735 57740
0 0 0 1
34
33.5095 253.042
33.5095 253.048
33.505 253.093
33.46 253.196
33.424 253.225
33.3835 253.242
33.3521 253.247
33.352 253.247
33.3476 253.247
33.3431 253.247
33.3071 253.247
33.1677 253.247
33.1542 253.247
33.1407 253.247
33.0732 253.207
32.9923 253.099
32.9833 253.059
32.9833 253.053
32.9833 253.042
32.9833 252.996
32.9878 252.945
33.0013 252.916
33.0417 252.882
33.1047 252.831
33.3071 252.825
33.3116 252.825
33.3431 252.825
33.3521 252.825
33.3566 252.825
33.4105 252.837
33.4735 252.905
33.5095 252.985
33.5095 253.002
33.5095 253.042
SUA28_0

0
0 60003 57740 57745
0 0 0 1
35
33.5005 253.048
33.5005 253.088
33.5005 253.093
33.4915 253.133
33.469 253.168
33.4285 253.225
33.3655 253.247
33.3611 253.247
33.3566 253.247
33.3521 253.247
33.3386 253.247
33.3206 253.247
33.3161 253.247
33.1632 253.236
33.0912 253.225
33.0462 253.196
33.0148 253.128
33.0013 253.048
33.0013 253.042
33.0013 253.036
33.0013 253.008
33.0013 252.991
33.0013 252.985
33.0282 252.894
33.1002 252.842
33.1497 252.837
33.2711 252.831
33.3296 252.831
33.3745 252.831
33.379 252.831
33.4555 252.871
33.4825 252.939
33.5005 253.031
33.5005 253.036
33.5005 253.048
SUA29_0

0
0 60003 57745 57750
0 0 0 1
31
33.4915 253.053
33.4915 253.065
33.4915 253.071
33.487 253.11
33.478 253.162
33.46 253.196
33.424 253.225
33.415 253.23
33.3655 253.247
33.3206 253.247
33.3161 253.247
33.1632 253.236
33.0732 253.219
33.0193 253.088
33.0058 253.008
33.0058 253.002
33.0058 252.973
33.0058 252.951
33.0058 252.939
33.0462 252.882
33.1317 252.842
33.2846 252.837
33.2936 252.837
33.2981 252.837
33.3565 252.837
33.4195 252.854
33.469 252.911
33.4915 252.956
33.4915 252.973
33.4915 253.025
33.4915 253.053
SUA30_0

0
0 60003 57750 57755
0 0 0 1
41
33.4915 253.002
33.4915 253.025
33.4915 253.065
33.4915 253.071
33.4915 253.082
33.487 253.11
33.478 253.139
33.451 253.185
33.4375 253.202
33.4285 253.207
33.4105 253.219
33.3835 253.23
33.37 253.236
33.3611 253.236
33.3565 253.236
33.3476 253.236
33.3251 253.236
33.2936 253.236
33.2891 253.236
33.1632 253.23
33.1047 253.225
33.0642 253.185
33.0327 253.15
33.0193 253.11
33.0193 253.099
33.0192 253.076
33.0192 253.048
33.0282 252.956
33.0552 252.888
33.0687 252.871
33.1227 252.842
33.3251 252.842
33.361 252.842
33.3835 252.842
33.4105 252.859
33.4285 252.876
33.469 252.916
33.4825 252.951
33.4915 252.985
33.4915 252.991
33.4915 253.002
SUA31_0

0
0 60003 57755 57760
0 0 0 1
40
33.4915 253.048
33.4915 253.071
33.4915 253.076
33.4735 253.15
33.4555 253.179
33.442 253.196
33.4375 253.202
33.4195 253.213
33.388 253.23
33.3655 253.236
33.361 253.236
33.3341 253.236
33.2981 253.236
33.2891 253.236
33.2801 253.236
33.1722 253.219
33.1092 253.207
33.0822 253.196
33.0417 253.145
33.0148 253.048
33.0148 253.031
33.0148 253.002
33.0148 252.991
33.0148 252.985
33.0912 252.865
33.1227 252.854
33.2846 252.848
33.2936 252.848
33.3476 252.848
33.3745 252.848
33.379 252.848
33.3835 252.848
33.415 252.865
33.442 252.888
33.4825 252.945
33.487 252.973
33.4915 253.013
33.4915 253.019
33.4915 253.025
33.4915 253.048
SUA32_0

0
0 60003 57760 57765
0 0 0 1
38
33.4825 253.013
33.4825 253.048
33.4825 253.065
33.4825 253.071
33.478 253.133
33.442 253.179
33.4285 253.196
33.406 253.219
33.3521 253.23
33.3476 253.23
33.3251 253.23
33.3026 253.23
33.2981 253.23
33.1182 253.225
33.0642 253.173
33.0283 253.065
33.0282 253.059
33.0282 253.042
33.0282 253.036
33.0282 253.013
33.0282 253.002
33.0417 252.951
33.0552 252.916
33.0912 252.876
33.1272 252.854
33.3071 252.848
33.3116 252.848
33.3161 252.848
33.3296 252.848
33.3476 252.848
33.3566 252.848
33.379 252.854
33.415 252.871
33.451 252.911
33.478 252.962
33.4825 252.996
33.4825 253.002
33.4825 253.013
SUA33_0

0
0 60003 57765 57770
0 0 0 1
35
33.478 253.076
33.478 253.099
33.469 253.145
33.4555 253.168
33.442 253.185
33.424 253.207
33.406 253.213
33.37 253.225
33.3655 253.225
33.361 253.225
33.3386 253.225
33.2126 253.225
33.1902 253.225
33.1497 253.225
33.1407 253.225
33.1092 253.207
33.0642 253.173
33.0552 253.128
33.0462 253.082
33.0417 253.042
33.0417 252.973
33.1047 252.888
33.1092 252.882
33.1317 252.859
33.1497 252.859
33.3161 252.859
33.361 252.859
33.37 252.859
33.397 252.865
33.4375 252.894
33.478 252.973
33.478 252.985
33.478 252.996
33.478 253.025
33.478 253.076
SUA34_0

0
0 60003 57770 57775
0 0 0 1
38
33.478 253.053
33.478 253.088
33.478 253.11
33.451 253.156
33.4285 253.19
33.397 253.219
33.37 253.225
33.361 253.225
33.3071 253.225
33.2981 253.225
33.2936 253.225
33.1812 253.213
33.1182 253.196
33.0687 253.145
33.0417 253.099
33.0417 253.093
33.0417 253.082
33.0417 253.042
33.0417 253.025
33.0417 253.013
33.0417 253.002
33.0777 252.922
33.1002 252.894
33.1362 252.871
33.2846 252.859
33.2891 252.859
33.2981 252.859
33.3251 252.859
33.3341 252.859
33.3521 252.859
33.379 252.865
33.4105 252.876
33.4465 252.922
33.4555 252.934
33.46 252.945
33.469 252.968
33.478 253.048
33.478 253.053
SUA35_0

0
0 60003 57775 57780
0 0 0 1
38
33.4645 252.991
33.4645 253.071
33.4645 253.076
33.4645 253.105
33.4645 253.11
33.4555 253.133
33.442 253.168
33.433 253.179
33.406 253.207
33.3835 253.213
33.3566 253.219
33.2261 253.225
33.2171 253.225
33.2081 253.225
33.1767 253.225
33.1272 253.207
33.0732 253.168
33.0642 253.116
33.0552 253.048
33.0552 253.042
33.0552 253.031
33.0552 252.985
33.0552 252.979
33.0912 252.899
33.1002 252.882
33.1452 252.876
33.2621 252.871
33.2666 252.871
33.2801 252.871
33.3116 252.871
33.3386 252.871
33.3565 252.871
33.379 252.876
33.4105 252.888
33.4555 252.928
33.4645 252.979
33.4645 252.985
33.4645 252.991
SUA36_0

0
0 60003 57780 57785
0 0 0 1
37
33.469 252.991
33.469 253.082
33.469 253.105
33.469 253.11
33.451 253.145
33.433 253.173
33.406 253.202
33.37 253.219
33.3655 253.219
33.3296 253.219
33.1902 253.219
33.1812 253.219
33.1722 253.219
33.1137 253.19
33.1092 253.185
33.1002 253.173
33.0732 253.11
33.0642 253.088
33.0642 253.082
33.0642 253.076
33.0642 253.042
33.0642 253.013
33.0642 253.008
33.0687 252.979
33.0867 252.911
33.1272 252.888
33.1632 252.876
33.1767 252.876
33.2936 252.876
33.3655 252.876
33.3745 252.876
33.388 252.876
33.397 252.876
33.406 252.888
33.415 252.899
33.4645 252.962
33.469 252.991
SUA37_0

0
0 60003 57785 57790
0 0 0 1
38
33.4645 253.11
33.4645 253.122
33.4465 253.168
33.4285 253.19
33.3835 253.213
33.379 253.213
33.3476 253.213
33.3386 253.213
33.3161 253.213
33.2936 253.213
33.2801 253.213
33.1812 253.207
33.1587 253.202
33.1317 253.19
33.1227 253.185
33.0732 253.105
33.0732 253.088
33.0732 253.082
33.0732 253.042
33.0732 253.036
33.0867 252.951
33.1137 252.911
33.1182 252.905
33.1407 252.894
33.1632 252.888
33.2801 252.876
33.2846 252.876
33.2981 252.876
33.3116 252.876
33.3386 252.876
33.379 252.882
33.4285 252.916
33.451 252.962
33.46 252.985
33.4645 253.002
33.4645 253.008
33.4645 253.013
33.4645 253.11
SUA38_0

0
0 60003 57790 57795
0 0 0 1
33
33.4555 253.031
33.4555 253.122
33.4555 253.139
33.442 253.173
33.388 253.202
33.3745 253.207
33.3521 253.213
33.3476 253.213
33.3386 253.213
33.3071 253.213
33.3026 253.213
33.1991 253.207
33.1722 253.202
33.1542 253.19
33.0732 253.122
33.0732 253.116
33.0732 253.099
33.0732 253.002
33.0732 252.996
33.1227 252.899
33.1722 252.882
33.1767 252.882
33.1812 252.882
33.2621 252.882
33.3296 252.882
33.3655 252.882
33.3745 252.882
33.4015 252.899
33.442 252.934
33.4465 252.939
33.4555 253.013
33.4555 253.019
33.4555 253.031
SUA39_0

0
0 60003 57795 57800
0 0 0 1
39
33.4645 253.048
33.4645 253.082
33.4645 253.088
33.4645 253.099
33.451 253.133
33.4375 253.156
33.415 253.185
33.397 253.202
33.3611 253.213
33.3565 253.213
33.3341 253.213
33.3161 253.213
33.3026 253.213
33.2891 253.213
33.2846 253.213
33.1812 253.202
33.1182 253.168
33.1137 253.162
33.0957 253.122
33.0912 253.082
33.0912 253.065
33.0912 253.042
33.0912 253.008
33.0912 252.991
33.0957 252.951
33.1497 252.888
33.1542 252.888
33.1632 252.888
33.1722 252.888
33.1946 252.888
33.1991 252.888
33.3655 252.894
33.397 252.905
33.4105 252.911
33.433 252.928
33.451 252.968
33.4645 253.031
33.4645 253.036
33.4645 253.048
SUA40_0

0
0 60003 57800 57805
0 0 0 1
43
33.451 253.082
33.451 253.088
33.451 253.105
33.442 253.133
33.424 253.173
33.388 253.202
33.3521 253.207
33.3476 253.207
33.3431 253.207
33.3071 253.207
33.3026 253.207
33.2936 253.207
33.1946 253.196
33.1632 253.179
33.1542 253.173
33.1362 253.145
33.1272 253.128
33.1047 253.076
33.1047 253.071
33.1047 253.042
33.1047 253.002
33.1047 252.996
33.1137 252.968
33.1182 252.956
33.1362 252.928
33.1452 252.916
33.1542 252.911
33.1902 252.905
33.2981 252.888
33.3026 252.888
33.3206 252.888
33.3296 252.888
33.3431 252.888
33.3476 252.888
33.361 252.894
33.4015 252.911
33.424 252.934
33.4375 252.962
33.4465 253.008
33.451 253.042
33.451 253.053
33.451 253.071
33.451 253.082
SUA41_0

0
0 60003 57805 57810
0 0 0 1
35
33.4465 253.076
33.4465 253.088
33.4465 253.093
33.4465 253.099
33.4195 253.168
33.397 253.19
33.3745 253.202
33.361 253.207
33.3476 253.207
33.3431 253.207
33.3296 253.207
33.3116 253.207
33.1632 253.196
33.1047 253.116
33.0957 253.071
33.0957 253.065
33.0957 253.036
33.0957 253.025
33.0957 253.008
33.1092 252.968
33.1362 252.922
33.1857 252.905
33.2126 252.899
33.2846 252.894
33.2936 252.894
33.3026 252.894
33.3296 252.894
33.3341 252.894
33.3835 252.899
33.4015 252.922
33.424 252.951
33.4285 252.956
33.442 252.991
33.4465 253.031
33.4465 253.076
SUA42_0

0
0 60003 57810 57815
0 0 0 1
36
33.4375 253.065
33.4375 253.076
33.4375 253.088
33.433 253.116
33.415 253.162
33.3835 253.196
33.3476 253.202
33.3431 253.202
33.3341 253.202
33.2981 253.202
33.2261 253.196
33.1812 253.185
33.1272 253.145
33.1092 253.11
33.1092 253.099
33.1092 253.048
33.1092 253.042
33.1092 253.036
33.1137 252.968
33.1497 252.922
33.1722 252.905
33.2846 252.894
33.2936 252.894
33.2981 252.894
33.3296 252.894
33.3341 252.894
33.361 252.905
33.388 252.916
33.4015 252.922
33.415 252.939
33.4285 252.962
33.433 252.985
33.4375 253.008
33.4375 253.013
33.4375 253.048
33.4375 253.065
SUA43_0

0
0 60003 57815 57820
0 0 0 1
35
33.442 253.082
33.442 253.105
33.4105 253.185
33.388 253.19
33.3251 253.196
33.3206 253.196
33.3161 253.196
33.3116 253.196
33.2891 253.196
33.2801 253.196
33.2756 253.196
33.2171 253.19
33.1946 253.185
33.1452 253.162
33.1317 253.139
33.1272 253.065
33.1272 253.059
33.1272 253.036
33.1272 253.031
33.1272 253.008
33.1272 253.002
33.1452 252.934
33.1991 252.911
33.2846 252.905
33.2891 252.905
33.2936 252.905
33.3161 252.905
33.3251 252.905
33.3386 252.905
33.3925 252.916
33.433 252.979
33.442 253.042
33.442 253.048
33.442 253.076
33.442 253.082
SUA44_0

0
0 60003 57820 57825
0 0 0 1
36
33.442 253.002
33.442 253.031
33.442 253.053
33.4375 253.116
33.424 253.15
33.4015 253.185
33.3566 253.19
33.3476 253.19
33.3341 253.19
33.3026 253.19
33.2846 253.19
33.2801 253.19
33.1857 253.185
33.1632 253.173
33.1452 253.145
33.1407 253.133
33.1272 253.088
33.1272 253.082
33.1272 253.071
33.1272 253.036
33.1272 253.025
33.1272 253.019
33.1407 252.968
33.1497 252.945
33.1857 252.916
33.2846 252.905
33.3071 252.905
33.3206 252.905
33.3341 252.905
33.3431 252.905
33.3476 252.905
33.352 252.905
33.4015 252.939
33.424 252.962
33.442 252.991
33.442 253.002
SUA45_0

0
0 60003 57825 57830
0 0 0 1
35
33.4375 253.076
33.4375 253.099
33.4195 253.133
33.388 253.179
33.3835 253.179
33.37 253.179
33.3566 253.179
33.3251 253.179
33.2981 253.179
33.2801 253.179
33.2216 253.173
33.1767 253.162
33.1452 253.133
33.1362 253.082
33.1362 253.076
33.1362 253.059
33.1362 253.042
33.1362 253.036
33.1362 253.031
33.1362 253.019
33.1407 253.002
33.1497 252.973
33.1722 252.939
33.1946 252.916
33.2846 252.911
33.2936 252.911
33.3026 252.911
33.3206 252.911
33.3341 252.911
33.3566 252.916
33.3745 252.922
33.406 252.951
33.433 253.008
33.4375 253.036
33.4375 253.076
SUA46_0

0
0 60003 57830 57835
0 0 0 1
38
33.424 253.065
33.424 253.093
33.424 253.099
33.424 253.105
33.4195 253.15
33.3835 253.173
33.3745 253.179
33.3521 253.185
33.3026 253.185
33.1902 253.168
33.1812 253.162
33.1632 253.122
33.1542 253.099
33.1497 253.088
33.1497 253.059
33.1497 253.025
33.1497 253.019
33.1497 253.013
33.1677 252.956
33.1722 252.951
33.1947 252.934
33.2036 252.928
33.2801 252.922
33.2891 252.922
33.2936 252.922
33.3071 252.922
33.3341 252.922
33.3431 252.922
33.3655 252.928
33.388 252.934
33.3925 252.939
33.397 252.945
33.415 252.979
33.4195 252.991
33.424 253.019
33.424 253.025
33.424 253.048
33.424 253.065
SUA47_0

0
0 60003 57835 57840
0 0 0 1
34
33.4285 253.031
33.4285 253.053
33.4195 253.099
33.4105 253.133
33.397 253.162
33.379 253.173
33.3655 253.179
33.361 253.179
33.3476 253.179
33.3341 253.179
33.3251 253.179
33.3206 253.179
33.3161 253.179
33.2306 253.173
33.1946 253.168
33.1497 253.088
33.1497 253.082
33.1497 253.059
33.1497 253.036
33.1497 253.013
33.1767 252.956
33.2126 252.922
33.2171 252.922
33.2261 252.922
33.2486 252.922
33.2531 252.922
33.2576 252.922
33.2621 252.922
33.3565 252.928
33.3835 252.945
33.3925 252.951
33.4285 252.991
33.4285 253.019
33.4285 253.031
SUA48_0

0
0 60003 57840 57845
0 0 0 1
32
33.4195 252.996
33.4195 253.11
33.4195 253.116
33.4195 253.122
33.388 253.168
33.37 253.173
33.3611 253.173
33.3251 253.173
33.2981 253.173
33.2666 253.173
33.2621 253.173
33.2576 253.173
33.2216 253.168
33.2036 253.162
33.1722 253.122
33.1632 253.105
33.1632 253.099
33.1632 253.093
33.1632 253.053
33.1632 253.025
33.1632 253.008
33.1632 252.991
33.1677 252.979
33.1857 252.956
33.2171 252.934
33.2936 252.922
33.3026 252.922
33.3386 252.922
33.3431 252.922
33.3835 252.945
33.4195 252.991
33.4195 252.996
SUA49_0

0
0 60003 57845 57850
0 0 0 1
27
33.4105 253.019
33.4105 253.082
33.4105 253.116
33.4105 253.122
33.379 253.168
33.37 253.173
33.3476 253.173
33.3386 253.173
33.3341 253.173
33.3071 253.173
33.2711 253.168
33.2081 253.156
33.1722 253.11
33.1722 253.093
33.1722 253.082
33.1722 253.048
33.1722 253.042
33.1767 252.985
33.2126 252.951
33.2216 252.945
33.2396 252.934
33.2486 252.934
33.2711 252.934
33.3476 252.934
33.3566 252.934
33.4015 252.968
33.4105 253.019
SUA50_0

0
0 60003 57850 57855
0 0 0 1
37
33.406 253.065
33.406 253.076
33.406 253.088
33.406 253.099
33.4015 253.128
33.397 253.145
33.3925 253.156
33.3835 253.168
33.3655 253.168
33.3026 253.168
33.2936 253.168
33.2846 253.168
33.2801 253.168
33.2441 253.162
33.2216 253.156
33.2036 253.139
33.1991 253.133
33.1857 253.071
33.1857 253.065
33.1856 253.048
33.1856 253.002
33.1901 252.985
33.1946 252.968
33.2216 252.939
33.2261 252.939
33.2306 252.939
33.3386 252.939
33.3431 252.939
33.3476 252.939
33.3476 252.939
33.3655 252.951
33.3835 252.968
33.397 252.985
33.4015 252.996
33.406 253.013
33.406 253.019
33.406 253.065
SUA51_0

0
0 60003 57855 57860
0 0 0 1
33
33.4105 253.059
33.4105 253.071
33.4105 253.076
33.406 253.099
33.3925 253.15
33.37 253.162
33.3655 253.162
33.3161 253.162
33.2936 253.162
33.2891 253.162
33.2756 253.162
33.2261 253.15
33.2081 253.122
33.1901 253.093
33.1901 253.076
33.1901 253.031
33.1901 253.008
33.1902 253.002
33.1946 252.991
33.2081 252.973
33.2261 252.951
33.2351 252.945
33.2396 252.945
33.2711 252.945
33.2981 252.945
33.3476 252.945
33.361 252.945
33.3655 252.945
33.388 252.973
33.4105 253.013
33.4105 253.019
33.4105 253.025
33.4105 253.059
SUA52_0

0
0 60003 57860 57865
0 0 0 1
32
33.406 253.082
33.406 253.122
33.406 253.128
33.406 253.133
33.4015 253.145
33.3745 253.156
33.3655 253.156
33.3566 253.156
33.2981 253.156
33.2711 253.156
33.2576 253.156
33.2531 253.156
33.2171 253.139
33.2036 253.105
33.1991 253.082
33.1991 253.076
33.1991 253.071
33.1991 253.036
33.1991 253.019
33.2036 252.985
33.2216 252.956
33.2261 252.951
33.2396 252.951
33.3116 252.951
33.3476 252.951
33.3611 252.956
33.37 252.962
33.3925 252.979
33.397 252.985
33.406 253.036
33.406 253.048
33.406 253.082
SUA53_0

0
0 60003 57865 57870
0 0 0 1
32
33.4015 253.025
33.4015 253.053
33.4015 253.076
33.4015 253.093
33.4015 253.099
33.3925 253.128
33.3835 253.15
33.3745 253.156
33.37 253.156
33.3296 253.156
33.3206 253.156
33.2531 253.15
33.2216 253.128
33.2081 253.11
33.2036 253.099
33.2036 253.093
33.2036 253.076
33.2036 253.025
33.2081 252.985
33.2126 252.979
33.2396 252.951
33.2486 252.951
33.2756 252.951
33.3251 252.951
33.3341 252.951
33.3386 252.951
33.3566 252.956
33.3835 252.979
33.388 252.985
33.397 252.996
33.4015 253.019
33.4015 253.025
SUA54_0

0
0 60003 57870 57875
0 0 0 1
33
33.397 253.071
33.397 253.088
33.397 253.099
33.397 253.105
33.3925 253.128
33.388 253.133
33.37 253.145
33.3341 253.156
33.3251 253.156
33.2981 253.156
33.2936 253.156
33.2846 253.156
33.2531 253.15
33.2216 253.122
33.2171 253.11
33.2081 253.059
33.2081 253.048
33.2081 253.008
33.2081 252.996
33.2126 252.985
33.2261 252.973
33.2396 252.962
33.2576 252.956
33.2621 252.956
33.2891 252.956
33.3386 252.956
33.3476 252.956
33.37 252.973
33.3745 252.979
33.3925 253.002
33.397 253.042
33.397 253.048
33.397 253.071
SUA55_0

0
0 60003 57875 57880
0 0 0 1
33
33.3925 253.076
33.3925 253.122
33.3925 253.128
33.3835 253.139
33.379 253.145
33.3431 253.15
33.3251 253.15
33.2981 253.15
33.2936 253.15
33.2666 253.145
33.2351 253.133
33.2261 253.122
33.2171 253.105
33.2171 253.099
33.2171 253.093
33.2171 253.053
33.2171 253.048
33.2171 253.042
33.2171 253.036
33.2171 253.031
33.2261 252.979
33.2486 252.962
33.2531 252.962
33.2981 252.962
33.3206 252.962
33.3341 252.962
33.3386 252.962
33.361 252.968
33.3835 252.985
33.388 253.002
33.3925 253.042
33.3925 253.048
33.3925 253.076
SUA56_0

0
0 60003 57880 57885
0 0 0 1
34
33.388 253.11
33.388 253.116
33.388 253.122
33.3745 253.139
33.3476 253.145
33.3341 253.145
33.3026 253.145
33.2936 253.145
33.2891 253.145
33.2846 253.145
33.2486 253.139
33.2306 253.116
33.2171 253.099
33.2171 253.093
33.2171 253.082
33.2171 253.048
33.2171 253.042
33.2171 253.036
33.2216 253.008
33.2261 252.996
33.2351 252.985
33.2441 252.973
33.2936 252.962
33.3026 252.962
33.3161 252.962
33.3296 252.962
33.3386 252.962
33.3431 252.962
33.37 252.985
33.3745 252.991
33.388 253.013
33.388 253.019
33.388 253.065
33.388 253.11
SUA57_0

0
0 60003 57885 57890
0 0 0 1
33
33.388 253.048
33.388 253.065
33.388 253.071
33.388 253.076
33.3745 253.128
33.37 253.139
33.37 253.139
33.361 253.145
33.3476 253.145
33.3026 253.145
33.2936 253.145
33.2891 253.145
33.2531 253.139
33.2441 253.128
33.2306 253.099
33.2306 253.093
33.2306 253.088
33.2306 253.082
33.2306 253.059
33.2306 253.019
33.2306 253.013
33.2306 253.008
33.2351 252.996
33.2396 252.985
33.2531 252.968
33.2666 252.968
33.3161 252.968
33.3296 252.968
33.3341 252.968
33.3655 252.985
33.3745 252.991
33.388 253.013
33.388 253.048
SUA58_0

0
0 60003 57890 57895
0 0 0 1
27
33.388 253.048
33.388 253.082
33.37 253.128
33.361 253.145
33.3566 253.145
33.3521 253.145
33.3476 253.145
33.3341 253.145
33.3116 253.145
33.2576 253.139
33.2486 253.133
33.2441 253.128
33.2351 253.11
33.2306 253.088
33.2306 253.076
33.2306 253.031
33.2306 253.025
33.2396 252.985
33.2486 252.973
33.2756 252.973
33.3206 252.973
33.3296 252.973
33.3341 252.973
33.3521 252.979
33.388 253.019
33.388 253.025
33.388 253.048
SUA59_0

0
0 60003 57895 57900
0 0 0 1
32
33.3611 253.065
33.3611 253.071
33.3521 253.122
33.3431 253.139
33.3386 253.139
33.3296 253.139
33.3116 253.139
33.3026 253.139
33.2801 253.139
33.2756 253.139
33.2306 253.133
33.2171 253.116
33.2081 253.088
33.2081 253.082
33.2081 253.071
33.2081 253.042
33.2081 253.019
33.2081 253.013
33.2126 253.002
33.2261 252.985
33.2306 252.979
33.2531 252.973
33.2576 252.973
33.2621 252.973
33.2801 252.973
33.3116 252.973
33.3251 252.979
33.3565 253.002
33.361 253.008
33.3611 253.013
33.3611 253.031
33.3611 253.065
SUA60_0

0
0 60003 57900 57905
0 0 0 1
37
33.3521 253.025
33.3521 253.053
33.3521 253.082
33.3521 253.088
33.3476 253.11
33.3431 253.133
33.3251 253.139
33.3206 253.139
33.3161 253.139
33.3116 253.139
33.2981 253.139
33.2711 253.139
33.2216 253.133
33.1947 253.116
33.1902 253.11
33.1856 253.105
33.1767 253.088
33.1767 253.076
33.1767 253.071
33.1767 253.042
33.1767 253.036
33.1767 253.013
33.1812 252.996
33.1946 252.979
33.2081 252.973
33.2126 252.973
33.2216 252.973
33.2396 252.973
33.2801 252.973
33.2846 252.973
33.3071 252.979
33.3206 252.985
33.3386 252.996
33.3476 253.002
33.3521 253.013
33.3521 253.019
33.3521 253.025
SUA61_0

0
0 60003 57905 57910
0 0 0 1
30
33.3386 253.036
33.3386 253.076
33.3386 253.082
33.3296 253.128
33.3116 253.139
33.3026 253.139
33.2576 253.139
33.2171 253.139
33.2126 253.139
33.1857 253.122
33.1632 253.105
33.1542 253.088
33.1542 253.036
33.1542 253.031
33.1542 253.019
33.1587 253.008
33.1767 252.979
33.1857 252.973
33.1902 252.973
33.1991 252.973
33.2171 252.973
33.2306 252.973
33.2441 252.973
33.2531 252.973
33.2891 252.979
33.3116 252.985
33.3251 252.996
33.3341 253.008
33.3386 253.019
33.3386 253.036
SUA62_0

0
0 60003 57910 57915
0 0 0 1
31
33.3251 253.071
33.3251 253.082
33.3206 253.122
33.3116 253.133
33.2981 253.139
33.2936 253.139
33.2891 253.139
33.2756 253.139
33.2621 253.139
33.2441 253.139
33.1901 253.133
33.1632 253.128
33.1452 253.11
33.1452 253.105
33.1452 253.071
33.1452 253.048
33.1452 253.031
33.1452 253.019
33.1452 253.008
33.1497 252.985
33.1677 252.973
33.1722 252.973
33.1767 252.973
33.2441 252.973
33.2531 252.973
33.2936 252.985
33.2936 252.985
33.3116 252.996
33.3206 253.008
33.3251 253.019
33.3251 253.071
SUA63_0

0
0 60003 57915 57920
0 0 0 1
26
33.3161 253.036
33.3161 253.076
33.3071 253.133
33.3026 253.139
33.2981 253.139
33.2936 253.139
33.2756 253.139
33.2621 253.139
33.2396 253.139
33.1767 253.133
33.1677 253.128
33.1587 253.116
33.1542 253.11
33.1497 253.099
33.1497 252.996
33.1497 252.985
33.1812 252.968
33.1856 252.968
33.1947 252.968
33.2036 252.968
33.2216 252.968
33.2306 252.968
33.2891 252.985
33.3161 253.013
33.3161 253.019
33.3161 253.036
SUA64_0

0
0 60003 57920 57925
0 0 0 1
31
33.3116 253.059
33.3116 253.122
33.3116 253.128
33.3071 253.133
33.3026 253.139
33.2891 253.145
33.2801 253.145
33.2396 253.145
33.1991 253.139
33.1767 253.133
33.1542 253.116
33.1407 253.088
33.1407 253.082
33.1407 253.065
33.1407 253.036
33.1407 253.025
33.1452 253.002
33.1542 252.985
33.1677 252.973
33.1857 252.973
33.1946 252.973
33.2441 252.973
33.2531 252.973
33.2621 252.973
33.2981 252.996
33.3026 253.002
33.3071 253.008
33.3116 253.013
33.3116 253.013
33.3116 253.031
33.3116 253.059
SUA65_0

0
0 60003 57925 57930
0 0 0 1
32
33.3116 253.076
33.3116 253.082
33.3116 253.088
33.3026 253.133
33.2891 253.145
33.2846 253.145
33.2801 253.145
33.2576 253.145
33.2396 253.145
33.1856 253.139
33.1632 253.122
33.1407 253.105
33.1362 253.088
33.1362 253.076
33.1362 253.053
33.1362 253.036
33.1362 253.025
33.1362 253.019
33.1452 253.002
33.1587 252.979
33.1902 252.968
33.1991 252.968
33.2306 252.968
33.2351 252.968
33.2396 252.968
33.2576 252.973
33.3026 253.008
33.3071 253.013
33.3116 253.025
33.3116 253.036
33.3116 253.048
33.3116 253.076
SUA66_0

0
0 60003 57930 57935
0 0 0 1
29
33.3026 253.031
33.3026 253.059
33.3026 253.082
33.3026 253.088
33.2936 253.139
33.2891 253.145
33.2846 253.145
33.2396 253.145
33.1857 253.139
33.1767 253.133
33.1497 253.116
33.1407 253.105
33.1407 253.099
33.1407 253.019
33.1452 253.002
33.1497 252.996
33.1542 252.991
33.1587 252.985
33.1767 252.973
33.1857 252.973
33.1991 252.973
33.2081 252.973
33.2351 252.973
33.2441 252.973
33.2486 252.973
33.2936 253.002
33.3026 253.013
33.3026 253.025
33.3026 253.031
SUA67_0

0
0 60003 57935 57940
0 0 0 1
29
33.2981 253.065
33.2981 253.082
33.2981 253.088
33.2936 253.139
33.2846 253.145
33.2756 253.145
33.2666 253.145
33.2306 253.145
33.1812 253.139
33.1632 253.122
33.1542 253.099
33.1542 253.093
33.1542 253.071
33.1542 253.059
33.1542 253.025
33.1632 252.991
33.1677 252.979
33.1767 252.968
33.1812 252.968
33.1902 252.968
33.2171 252.968
33.2216 252.968
33.2261 252.968
33.2486 252.973
33.2621 252.979
33.2801 252.991
33.2981 253.008
33.2981 253.013
33.2981 253.065
SUA68_0

0
0 60003 57940 57945
0 0 0 1
37
33.3071 253.076
33.3071 253.082
33.3071 253.088
33.2936 253.145
33.2891 253.145
33.2666 253.145
33.2486 253.145
33.2351 253.145
33.2306 253.145
33.1812 253.139
33.1722 253.133
33.1632 253.122
33.1587 253.11
33.1542 253.093
33.1542 253.088
33.1542 253.065
33.1542 253.048
33.1542 253.025
33.1542 253.019
33.1587 253.002
33.1632 252.991
33.1677 252.985
33.1767 252.973
33.1857 252.973
33.1902 252.973
33.2171 252.973
33.2261 252.973
33.2306 252.973
33.2396 252.973
33.2441 252.973
33.2936 253.002
33.2981 253.008
33.3026 253.013
33.3071 253.025
33.3071 253.042
33.3071 253.053
33.3071 253.076
SUA69_0

0
0 60003 57945 57950
0 0 0 1
31
33.2981 253.076
33.2981 253.088
33.2891 253.145
33.2891 253.145
33.2846 253.145
33.2801 253.145
33.2396 253.145
33.1991 253.145
33.1946 253.145
33.1901 253.145
33.1767 253.139
33.1587 253.122
33.1497 253.099
33.1497 253.099
33.1497 253.076
33.1497 253.031
33.1497 253.025
33.1542 253.002
33.1677 252.973
33.1767 252.973
33.1857 252.973
33.2261 252.973
33.2351 252.973
33.2396 252.973
33.2576 252.973
33.2621 252.973
33.2846 252.991
33.2981 253.013
33.2981 253.019
33.2981 253.025
33.2981 253.076
SUA70_0

0
0 60003 57950 57955
0 0 0 1
34
33.2981 253.071
33.2981 253.088
33.2936 253.122
33.2891 253.139
33.2891 253.139
33.2846 253.145
33.2801 253.145
33.2576 253.145
33.1946 253.145
33.1812 253.145
33.1767 253.145
33.1677 253.133
33.1587 253.122
33.1497 253.105
33.1497 253.088
33.1497 253.076
33.1497 253.071
33.1497 253.025
33.1497 253.019
33.1497 253.013
33.1542 252.996
33.1632 252.973
33.1677 252.973
33.2261 252.973
33.2351 252.973
33.2396 252.973
33.2441 252.973
33.2486 252.973
33.2576 252.979
33.2981 253.013
33.2981 253.019
33.2981 253.048
33.2981 253.053
33.2981 253.071
SUA71_0

0
0 60003 57955 57960
0 0 0 1
27
33.2936 253.025
33.2936 253.076
33.2936 253.088
33.2936 253.093
33.2891 253.122
33.2846 253.15
33.2801 253.15
33.2666 253.15
33.2486 253.15
33.2306 253.15
33.1722 253.145
33.1497 253.105
33.1452 253.088
33.1452 253.082
33.1452 253.036
33.1452 253.025
33.1497 252.996
33.1542 252.991
33.1587 252.985
33.1722 252.973
33.1767 252.973
33.2216 252.973
33.2486 252.979
33.2936 253.008
33.2936 253.013
33.2936 253.019
33.2936 253.025
SUA72_0

0
0 60003 57960 57965
0 0 0 1
29
33.2936 253.036
33.2936 253.065
33.2936 253.082
33.2936 253.088
33.2936 253.093
33.2846 253.145
33.2801 253.15
33.2801 253.15
33.2756 253.15
33.2621 253.15
33.2306 253.15
33.2216 253.15
33.1677 253.145
33.1542 253.116
33.1497 253.099
33.1497 253.088
33.1497 253.031
33.1497 253.025
33.1497 253.002
33.1632 252.979
33.1857 252.973
33.2036 252.973
33.2306 252.973
33.2351 252.973
33.2486 252.979
33.2576 252.985
33.2936 253.019
33.2936 253.025
33.2936 253.036
SUA73_0

0
0 60003 57965 57970
0 0 0 1
30
33.2891 253.082
33.2891 253.093
33.2846 253.145
33.2801 253.15
33.2576 253.15
33.2081 253.15
33.1722 253.15
33.1722 253.15
33.1677 253.145
33.1497 253.11
33.1452 253.099
33.1452 253.093
33.1452 253.088
33.1452 253.071
33.1452 253.065
33.1452 253.059
33.1452 253.031
33.1497 253.002
33.1632 252.973
33.1677 252.973
33.1767 252.973
33.2126 252.973
33.2441 252.979
33.2666 252.996
33.2801 253.008
33.2891 253.019
33.2891 253.025
33.2891 253.031
33.2891 253.036
33.2891 253.082
SUA74_0

0
0 60003 57970 57975
0 0 0 1
24
33.2891 253.059
33.2891 253.088
33.2891 253.093
33.2801 253.156
33.2756 253.156
33.2576 253.156
33.2351 253.156
33.2261 253.156
33.1632 253.15
33.1452 253.105
33.1452 253.093
33.1452 253.031
33.1452 253.008
33.1497 252.991
33.1587 252.979
33.1857 252.973
33.1946 252.973
33.2216 252.973
33.2351 252.973
33.2846 253.013
33.2891 253.019
33.2891 253.025
33.2891 253.031
33.2891 253.059
SUA75_0

0
0 60003 57975 57980
0 0 0 1
28
33.2891 253.093
33.2801 253.15
33.2756 253.156
33.2711 253.156
33.2351 253.156
33.2261 253.156
33.2216 253.156
33.1632 253.15
33.1542 253.128
33.1407 253.093
33.1407 253.088
33.1407 253.076
33.1407 253.071
33.1407 253.031
33.1407 253.019
33.1407 253.013
33.1497 252.991
33.1542 252.985
33.1632 252.979
33.1812 252.979
33.2081 252.979
33.2216 252.979
33.2396 252.979
33.2846 253.013
33.2891 253.025
33.2891 253.031
33.2891 253.071
33.2891 253.093
SUA76_0

0
0 60003 57980 57985
0 0 0 1
36
33.2846 253.048
33.2846 253.071
33.2846 253.088
33.2846 253.093
33.2756 253.156
33.2756 253.156
33.2711 253.156
33.2306 253.156
33.1857 253.156
33.1722 253.156
33.1677 253.156
33.1677 253.156
33.1632 253.15
33.1587 253.145
33.1407 253.105
33.1407 253.099
33.1407 253.093
33.1407 253.082
33.1407 253.076
33.1407 253.048
33.1407 253.042
33.1407 253.036
33.1452 252.996
33.1542 252.985
33.1587 252.979
33.1632 252.979
33.1901 252.979
33.2081 252.979
33.2261 252.979
33.2351 252.979
33.2621 252.996
33.2801 253.013
33.2846 253.019
33.2846 253.019
33.2846 253.025
33.2846 253.048
SUA77_0

0
0 60003 57985 57990
0 0 0 1
33
33.2846 253.031
33.2846 253.059
33.2846 253.093
33.2846 253.093
33.2756 253.156
33.2711 253.162
33.2666 253.162
33.2441 253.162
33.2396 253.162
33.2216 253.162
33.1632 253.156
33.1632 253.156
33.1587 253.15
33.1362 253.093
33.1362 253.088
33.1362 253.082
33.1362 253.076
33.1362 253.042
33.1362 253.031
33.1407 253.013
33.1497 252.991
33.1542 252.985
33.1542 252.985
33.1632 252.979
33.1722 252.979
33.1767 252.979
33.2126 252.979
33.2261 252.979
33.2306 252.979
33.2711 253.008
33.2801 253.019
33.2846 253.025
33.2846 253.031
SUA78_0

0
0 60003 57990 57995
0 0 0 1
35
33.2846 253.025
33.2846 253.071
33.2846 253.082
33.2846 253.088
33.2846 253.093
33.2756 253.162
33.2711 253.162
33.2666 253.162
33.2576 253.162
33.2351 253.162
33.2261 253.162
33.2216 253.162
33.1587 253.156
33.1587 253.156
33.1407 253.099
33.1407 253.093
33.1407 253.059
33.1407 253.025
33.1407 253.019
33.1407 253.013
33.1452 252.991
33.1587 252.979
33.1632 252.979
33.1767 252.979
33.1857 252.979
33.2036 252.979
33.2171 252.979
33.2216 252.979
33.2261 252.979
33.2621 253.002
33.2711 253.008
33.2756 253.013
33.2801 253.019
33.2846 253.025
33.2846 253.025
SUA79_0

0
0 60003 57995 58000
0 0 0 1
33
33.2846 253.048
33.2846 253.071
33.2846 253.082
33.2846 253.088
33.2846 253.093
33.2711 253.162
33.2666 253.162
33.2306 253.162
33.2261 253.162
33.2171 253.162
33.1587 253.156
33.1587 253.156
33.1587 253.156
33.1497 253.133
33.1362 253.093
33.1362 253.082
33.1362 253.076
33.1362 253.036
33.1362 253.025
33.1452 252.985
33.1677 252.979
33.1722 252.979
33.1991 252.979
33.2081 252.979
33.2171 252.979
33.2216 252.979
33.2261 252.979
33.2756 253.013
33.2801 253.019
33.2846 253.025
33.2846 253.025
33.2846 253.036
33.2846 253.048
SUA80_0

0
0 60003 58000 58005
0 0 0 1
29
33.2801 253.048
33.2801 253.088
33.2801 253.093
33.2711 253.162
33.2621 253.162
33.2441 253.162
33.2216 253.162
33.2171 253.162
33.1542 253.156
33.1542 253.156
33.1362 253.099
33.1362 253.048
33.1362 253.025
33.1362 253.013
33.1452 252.985
33.1452 252.985
33.1587 252.979
33.1632 252.979
33.1722 252.979
33.1946 252.979
33.2036 252.979
33.2171 252.979
33.2306 252.985
33.2621 253.008
33.2756 253.019
33.2801 253.025
33.2801 253.025
33.2801 253.031
33.2801 253.048
SUA81_0

0
0 60003 58005 58010
0 0 0 1
33
33.2801 253.025
33.2801 253.076
33.2801 253.088
33.2801 253.093
33.2711 253.162
33.2711 253.162
33.2666 253.162
33.2621 253.162
33.2486 253.162
33.2351 253.162
33.2261 253.162
33.2171 253.162
33.2171 253.162
33.1542 253.156
33.1452 253.128
33.1362 253.099
33.1362 253.093
33.1362 253.082
33.1362 253.071
33.1362 253.059
33.1362 253.031
33.1362 253.025
33.1362 253.013
33.1407 253.002
33.1452 252.991
33.1497 252.985
33.1497 252.985
33.1677 252.979
33.2126 252.979
33.2171 252.979
33.2216 252.979
33.2711 253.013
33.2801 253.025
SUA82_0

0
0 60003 58010 58015
0 0 0 1
28
33.2801 253.065
33.2801 253.088
33.2666 253.162
33.2666 253.162
33.2621 253.162
33.2531 253.162
33.2396 253.162
33.2171 253.162
33.2126 253.162
33.1497 253.156
33.1317 253.105
33.1317 253.093
33.1317 253.071
33.1317 253.059
33.1317 253.025
33.1317 253.019
33.1407 252.991
33.1497 252.979
33.1587 252.979
33.1767 252.979
33.2081 252.979
33.2171 252.979
33.2711 253.013
33.2801 253.025
33.2801 253.031
33.2801 253.048
33.2801 253.059
33.2801 253.065
SUA83_0

0
0 60003 58015 58020
0 0 0 1
28
33.2756 253.053
33.2756 253.071
33.2756 253.082
33.2756 253.088
33.2666 253.162
33.2621 253.162
33.2531 253.162
33.2441 253.162
33.2216 253.162
33.2171 253.162
33.2126 253.162
33.1497 253.156
33.1272 253.088
33.1272 253.065
33.1272 253.025
33.1272 253.019
33.1407 252.985
33.1677 252.979
33.1722 252.979
33.1946 252.979
33.2126 252.979
33.2216 252.979
33.2666 253.013
33.2711 253.019
33.2756 253.025
33.2756 253.025
33.2756 253.031
33.2756 253.053
