SUA12_0

0
0 60003 83760 83765
0 0 0 1
14
32.0465 238.135
32.0506 238.157
31.9672 238.206
31.9322 238.216
31.8972 238.227
31.8797 238.232
31.8714 238.187
31.8632 238.143
31.8591 238.121
31.9342 238.028
32.0043 238.007
32.0218 238.002
32.03 238.046
32.0465 238.135
SUA13_0

0
0 60003 83765 83770
0 0 0 1
20
32.269 237.74
32.2896 237.851
32.2762 237.879
32.13 238.087
31.9971 238.267
31.8333 238.48
31.8158 238.485
31.7808 238.496
31.7283 238.512
31.7108 238.517
31.6541 238.51
31.6417 238.444
31.6335 238.399
31.7797 238.191
31.9126 238.011
32.1515 237.705
32.2041 237.689
32.2216 237.684
32.2391 237.679
32.269 237.74
SUA14_0

0
0 60003 83770 83775
0 0 0 1
31
32.2731 237.762
32.2855 237.829
32.2896 237.851
32.2628 237.906
32.2051 237.994
31.8334 238.48
31.8025 238.513
31.7716 238.546
31.7231 238.583
31.7056 238.589
31.6531 238.604
31.6356 238.61
31.5831 238.625
31.5789 238.603
31.5748 238.581
31.5707 238.559
31.5624 238.514
31.5892 238.459
31.6026 238.432
31.616 238.404
31.6603 238.344
32.1206 237.738
32.1515 237.705
32.1515 237.705
32.2041 237.689
32.2216 237.684
32.2391 237.679
32.2391 237.679
32.2391 237.679
32.269 237.74
32.2731 237.762
SUA15_0

0
0 60003 83775 83780
0 0 0 1
26
32.2731 237.762
32.2896 237.851
32.2762 237.879
32.2494 237.934
31.9528 238.327
31.7139 238.633
31.6521 238.698
31.6212 238.731
31.5244 238.807
31.4368 238.833
31.4193 238.838
31.4111 238.794
31.3987 238.727
31.4121 238.7
31.4255 238.672
31.4831 238.585
31.616 238.404
31.9569 237.951
32.1206 237.738
32.1206 237.738
32.1515 237.705
32.169 237.7
32.2216 237.684
32.2391 237.679
32.269 237.74
32.2731 237.762
SUA16_0

0
0 60003 83780 83785
0 0 0 1
27
32.2855 237.829
32.2762 237.879
32.2494 237.934
31.9971 238.267
31.7891 238.54
31.6253 238.753
31.4307 238.999
31.3689 239.065
31.2813 239.091
31.2422 239.079
31.238 239.057
31.2298 239.012
31.2216 238.968
31.2483 238.913
31.306 238.825
31.3637 238.738
31.408 238.678
31.4522 238.617
32.0012 237.891
32.1206 237.738
32.1381 237.732
32.1557 237.727
32.1907 237.717
32.2082 237.711
32.2257 237.706
32.2648 237.718
32.2855 237.829
SUA17_0

0
0 60003 83785 83790
0 0 0 1
30
32.2731 237.762
32.2855 237.829
32.2896 237.851
32.2762 237.879
32.2628 237.906
32.2185 237.966
32.0857 238.147
31.9971 238.267
31.9528 238.327
31.5058 238.906
31.3864 239.059
31.3071 239.13
31.1845 239.167
31.167 239.172
31.1629 239.15
31.1464 239.061
31.1423 239.038
31.1556 239.011
31.2885 238.831
31.3328 238.77
31.9569 237.951
32.1206 237.738
32.1515 237.705
32.1515 237.705
32.169 237.7
32.2216 237.684
32.2391 237.679
32.2391 237.679
32.269 237.74
32.2731 237.762
SUA18_0

0
0 60003 83790 83795
0 0 0 1
23
32.2813 237.807
32.2855 237.829
32.2896 237.851
32.2762 237.879
32.2628 237.906
32.0723 238.174
31.7448 238.6
31.3421 239.119
31.1917 239.305
31.1567 239.316
31.1042 239.331
31.0475 239.325
31.0393 239.28
31.031 239.236
31.0228 239.191
31.0805 239.104
31.169 238.984
31.9569 237.951
32.1206 237.738
32.1515 237.705
32.2391 237.679
32.2566 237.674
32.2813 237.807
SUA19_0

0
0 60003 83795 83800
0 0 0 1
29
32.2597 237.79
32.2721 237.857
32.2762 237.879
32.2628 237.906
32.13 238.087
32.0857 238.147
31.7448 238.6
31.4616 238.966
31.3421 239.119
31.2669 239.212
31.0856 239.431
31.0681 239.436
31.0331 239.446
30.9806 239.462
30.9456 239.472
30.9281 239.478
30.9198 239.433
30.9157 239.411
30.9074 239.367
30.9208 239.339
30.9476 239.284
31.0053 239.197
31.0496 239.137
32.0012 237.891
32.1515 237.705
32.2391 237.679
32.2391 237.679
32.2515 237.745
32.2597 237.79
SUA20_0

0
0 60003 83800 83805
0 0 0 1
31
32.2772 237.785
32.2855 237.829
32.2896 237.851
32.2937 237.874
32.1609 238.054
31.5367 238.874
31.4173 239.027
31.1032 239.425
31.028 239.518
31.028 239.518
30.9796 239.556
30.8961 239.605
30.8786 239.61
30.8261 239.625
30.8086 239.631
30.8045 239.608
30.8003 239.586
30.788 239.52
30.8281 239.437
30.8858 239.35
30.9301 239.289
31.9569 237.951
32.0764 237.798
32.1515 237.705
32.169 237.7
32.2216 237.684
32.2391 237.679
32.2391 237.679
32.269 237.74
32.2731 237.762
32.2772 237.785
SUA21_0

0
0 60003 83805 83810
0 0 0 1
26
32.2731 237.762
32.2855 237.829
32.2896 237.851
32.2762 237.879
32.2628 237.906
32.2051 237.994
31.9085 238.387
31.7005 238.661
31.5367 238.874
31.1341 239.393
30.8776 239.704
30.8601 239.709
30.72 239.751
30.6953 239.618
30.7087 239.59
30.7663 239.503
30.8106 239.442
31.9569 237.951
32.0764 237.798
32.1515 237.705
32.1866 237.694
32.2216 237.684
32.2391 237.679
32.2391 237.679
32.269 237.74
32.2731 237.762
SUA22_0

0
0 60003 83810 83815
0 0 0 1
27
32.2772 237.785
32.2855 237.829
32.2896 237.851
32.2762 237.879
32.2628 237.906
32.2185 237.966
32.1742 238.026
31.9971 238.267
31.9528 238.327
31.7005 238.661
31.4173 239.027
30.9837 239.578
30.9085 239.671
30.8333 239.764
30.7674 239.807
30.7499 239.812
30.6448 239.844
30.6325 239.777
30.6201 239.71
30.6912 239.595
30.6912 239.595
32.1206 237.738
32.1515 237.705
32.2216 237.684
32.2391 237.679
32.269 237.74
32.2772 237.785
SUA23_0

0
0 60003 83815 83820
0 0 0 1
35
32.2731 237.762
32.2772 237.785
32.2855 237.829
32.2896 237.851
32.2762 237.879
32.2494 237.934
32.1609 238.054
31.9085 238.387
31.7448 238.6
31.4173 239.027
31.2978 239.18
31.1783 239.333
31.0589 239.486
30.9085 239.671
30.8333 239.764
30.7715 239.829
30.7097 239.895
30.6922 239.9
30.6222 239.921
30.5521 239.942
30.548 239.92
30.5356 239.853
30.5315 239.831
30.5717 239.748
30.616 239.688
32.0012 237.891
32.1206 237.738
32.1515 237.705
32.1515 237.705
32.169 237.7
32.2216 237.684
32.2391 237.679
32.2566 237.674
32.2648 237.718
32.2731 237.762
SUA24_0

0
0 60003 83820 83825
0 0 0 1
32
32.2855 237.829
32.2762 237.879
32.2628 237.906
32.1742 238.026
32.13 238.087
31.9085 238.387
31.4173 239.027
31.2978 239.18
31.1783 239.333
30.9837 239.578
30.9085 239.671
30.8333 239.764
30.6964 239.922
30.6655 239.955
30.6346 239.988
30.617 239.993
30.547 240.014
30.4903 240.007
30.4739 239.918
30.4697 239.896
30.4831 239.869
30.4965 239.841
32.0012 237.891
32.1206 237.738
32.1515 237.705
32.169 237.7
32.2216 237.684
32.2391 237.679
32.2566 237.674
32.2648 237.718
32.269 237.74
32.2855 237.829
SUA25_0

0
0 60003 83825 83830
0 0 0 1
24
32.2648 237.718
32.2813 237.807
32.2896 237.851
32.2762 237.879
32.2628 237.906
32.2051 237.994
32.028 238.234
31.581 238.814
31.2978 239.18
30.9837 239.578
30.789 239.824
30.683 239.95
30.5903 240.048
30.5552 240.058
30.5027 240.074
30.4327 240.095
30.4079 239.961
30.5408 239.781
32.1206 237.738
32.1515 237.705
32.169 237.7
32.2391 237.679
32.2566 237.674
32.2648 237.718
SUA26_0

0
0 60003 83830 83835
0 0 0 1
29
32.2772 237.785
32.2855 237.829
32.2896 237.851
32.2896 237.851
32.2628 237.906
32.2051 237.994
31.7448 238.6
31.581 238.814
31.4173 239.027
31.1341 239.393
30.9394 239.638
30.8642 239.731
30.683 239.95
30.546 240.108
30.4759 240.129
30.4409 240.139
30.4234 240.144
30.3884 240.155
30.3719 240.066
30.3637 240.022
30.4213 239.934
32.1206 237.738
32.1515 237.705
32.2041 237.689
32.2391 237.679
32.2391 237.679
32.269 237.74
32.2731 237.762
32.2772 237.785
SUA27_0

0
0 60003 83835 83840
0 0 0 1
31
32.2813 237.807
32.2896 237.851
32.2762 237.879
32.2628 237.906
32.1608 238.054
31.9085 238.387
31.373 239.087
30.9394 239.638
30.789 239.824
30.7139 239.917
30.5769 240.075
30.546 240.108
30.5151 240.141
30.4842 240.173
30.4667 240.178
30.3441 240.215
30.34 240.193
30.3194 240.082
30.3328 240.054
30.3461 240.027
32.0012 237.891
32.1206 237.738
32.1515 237.705
32.1515 237.705
32.169 237.7
32.1866 237.694
32.2216 237.684
32.2391 237.679
32.269 237.74
32.2731 237.762
32.2813 237.807
SUA28_0

0
0 60003 83840 83845
0 0 0 1
34
32.2515 237.745
32.2597 237.79
32.2721 237.857
32.2762 237.879
32.2628 237.906
32.2185 237.966
31.9528 238.327
31.5367 238.874
31.373 239.087
30.8642 239.731
30.789 239.824
30.7139 239.917
30.5769 240.075
30.5151 240.141
30.4842 240.173
30.4533 240.206
30.4358 240.211
30.3657 240.232
30.3307 240.243
30.3132 240.248
30.3091 240.226
30.2926 240.137
30.3194 240.082
30.3328 240.054
30.3461 240.027
32.0455 237.83
32.1515 237.705
32.169 237.7
32.2041 237.689
32.2216 237.684
32.2391 237.679
32.2432 237.701
32.2473 237.723
32.2515 237.745
SUA29_0

0
0 60003 83845 83850
0 0 0 1
30
32.2638 237.812
32.268 237.834
32.2721 237.857
32.2587 237.884
32.2185 237.966
31.9528 238.327
31.7448 238.6
31.5367 238.874
30.9394 239.638
30.7139 239.917
30.6078 240.042
30.5017 240.168
30.409 240.266
30.3215 240.292
30.2823 240.28
30.2658 240.192
30.2617 240.169
30.271 240.12
32.0012 237.891
32.0764 237.798
32.1073 237.765
32.1381 237.732
32.1557 237.727
32.1907 237.717
32.2082 237.711
32.2257 237.706
32.2257 237.706
32.2515 237.745
32.2556 237.768
32.2638 237.812
SUA30_0

0
0 60003 83850 83855
0 0 0 1
29
32.2597 237.79
32.2762 237.879
32.2762 237.879
32.2494 237.934
31.9085 238.387
31.581 238.814
31.2978 239.18
30.8642 239.731
30.7139 239.917
30.4708 240.201
30.4399 240.233
30.409 240.266
30.3915 240.271
30.3565 240.282
30.3215 240.292
30.3039 240.297
30.2864 240.303
30.2689 240.308
30.2689 240.308
30.2648 240.286
30.2442 240.175
30.271 240.12
30.271 240.12
32.1206 237.738
32.1381 237.732
32.2082 237.711
32.2515 237.745
32.2556 237.768
32.2597 237.79
SUA31_0

0
0 60003 83855 83860
0 0 0 1
32
32.2422 237.795
32.2463 237.817
32.2412 237.889
32.2185 237.966
32.1742 238.026
32.0857 238.147
31.7448 238.6
31.5367 238.874
31.1341 239.393
30.8642 239.731
30.7139 239.917
30.6078 240.042
30.4708 240.201
30.3781 240.299
30.3781 240.299
30.3606 240.304
30.2906 240.325
30.2555 240.335
30.238 240.341
30.238 240.341
30.2339 240.318
30.2215 240.252
30.2174 240.229
30.2133 240.207
30.271 240.12
32.0012 237.891
32.1073 237.765
32.1382 237.732
32.1907 237.717
32.2257 237.706
32.2339 237.751
32.2422 237.795
SUA32_0

0
0 60003 83860 83865
0 0 0 1
29
32.1135 237.998
32.1217 238.042
32.1258 238.064
32.1124 238.092
32.0857 238.147
32.0414 238.207
31.9528 238.327
31.581 238.814
31.4173 239.027
31.1341 239.393
30.8642 239.731
30.7139 239.917
30.5017 240.168
30.3647 240.326
30.3472 240.331
30.2772 240.352
30.2597 240.358
30.2205 240.346
30.2164 240.324
30.1999 240.235
30.2133 240.207
30.2267 240.18
30.271 240.12
31.9126 238.011
31.9435 237.978
32.0053 237.913
32.0403 237.902
32.0928 237.887
32.1135 237.998
SUA33_0

0
0 60003 83865 83870
0 0 0 1
30
32.0084 238.029
32.0125 238.051
32.0208 238.096
32.029 238.14
32.0331 238.162
32.0239 238.212
31.9662 238.3
31.9219 238.36
31.7448 238.6
31.7005 238.661
31.2535 239.24
30.8642 239.731
30.7139 239.917
30.5017 240.168
30.3647 240.326
30.3338 240.359
30.3163 240.364
30.2638 240.38
30.2288 240.39
30.2071 240.373
30.1989 240.329
30.1906 240.284
30.1865 240.262
30.1824 240.24
30.1958 240.212
31.8683 238.071
31.9167 238.033
31.9517 238.023
32.0043 238.007
32.0084 238.029
SUA34_0

0
0 60003 83870 83875
0 0 0 1
28
31.9456 238.189
31.9497 238.211
31.9487 238.305
31.9353 238.332
31.7448 238.6
31.5367 238.874
31.1783 239.333
30.9394 239.638
30.7139 239.917
30.3956 240.293
30.3338 240.359
30.3338 240.359
30.2463 240.385
30.2288 240.39
30.1937 240.401
30.1896 240.378
30.169 240.267
30.1824 240.24
30.1958 240.212
30.3152 240.06
31.7355 238.251
31.8415 238.126
31.8941 238.11
31.9116 238.105
31.9291 238.1
31.9332 238.122
31.9373 238.144
31.9456 238.189
SUA35_0

0
0 60003 83875 83880
0 0 0 1
34
31.857 238.309
31.8694 238.376
31.8735 238.398
31.8776 238.42
31.7448 238.6
31.2535 239.24
31.0589 239.486
30.8642 239.731
30.789 239.824
30.7139 239.917
30.3956 240.293
30.3647 240.326
30.3338 240.359
30.3029 240.392
30.2679 240.402
30.2329 240.412
30.2154 240.418
30.1979 240.423
30.1762 240.406
30.1762 240.406
30.1721 240.384
30.168 240.361
30.1639 240.339
30.1597 240.317
30.1515 240.273
30.1958 240.212
30.2401 240.152
31.616 238.404
31.7221 238.279
31.7571 238.268
31.7921 238.258
31.8096 238.253
31.8529 238.287
31.857 238.309
SUA36_0

0
0 60003 83880 83885
0 0 0 1
35
31.7324 238.534
31.7365 238.556
31.7407 238.578
31.7139 238.633
31.5367 238.874
31.373 239.087
31.2535 239.24
31.0589 239.486
30.8642 239.731
30.789 239.824
30.7139 239.917
30.5017 240.168
30.3956 240.293
30.3647 240.326
30.3338 240.359
30.3029 240.392
30.2154 240.418
30.1628 240.433
30.1453 240.439
30.1412 240.416
30.133 240.372
30.1247 240.328
30.1515 240.273
30.2401 240.152
30.3595 239.999
31.4522 238.617
31.5274 238.525
31.5583 238.492
31.5892 238.459
31.6417 238.444
31.6593 238.438
31.6768 238.433
31.72 238.467
31.7242 238.489
31.7324 238.534
SUA37_0

0
0 60003 83885 83890
0 0 0 1
31
31.5913 238.67
31.5954 238.692
31.5996 238.714
31.6037 238.736
31.5944 238.786
31.5058 238.906
31.4616 238.966
31.1783 239.333
31.0589 239.486
30.789 239.824
30.7139 239.917
30.2895 240.419
30.2545 240.429
30.237 240.435
30.2195 240.44
30.202 240.445
30.167 240.456
30.1453 240.439
30.133 240.372
30.1288 240.35
30.1247 240.328
30.1381 240.3
30.1649 240.245
30.2843 240.092
31.3637 238.738
31.3946 238.705
31.478 238.657
31.4955 238.651
31.5831 238.625
31.5872 238.648
31.5913 238.67
SUA38_0

0
0 60003 83890 83895
0 0 0 1
24
31.4718 238.823
31.4883 238.912
31.4173 239.027
30.9394 239.638
30.7139 239.917
30.5017 240.168
30.2895 240.419
30.2586 240.452
30.2411 240.457
30.2061 240.467
30.1711 240.478
30.1495 240.461
30.1278 240.444
30.1237 240.422
30.1072 240.333
30.1206 240.305
30.1649 240.245
30.2843 240.092
31.2442 238.891
31.306 238.825
31.341 238.815
31.3936 238.799
31.4677 238.8
31.4718 238.823
SUA39_0

0
0 60003 83895 83900
0 0 0 1
28
31.304 239.014
31.3163 239.08
31.3246 239.125
31.2978 239.18
31.1783 239.333
30.8642 239.731
30.789 239.824
30.7139 239.917
30.2895 240.419
30.2586 240.452
30.2411 240.457
30.1711 240.478
30.1536 240.483
30.1144 240.471
30.1062 240.427
30.0979 240.382
30.0938 240.36
30.1072 240.333
30.1206 240.305
30.1649 240.245
30.2092 240.185
31.1247 239.044
31.1865 238.978
31.204 238.973
31.2216 238.968
31.2741 238.952
31.2998 238.991
31.304 239.014
SUA40_0

0
0 60003 83900 83905
0 0 0 1
30
31.1752 239.216
31.1835 239.261
31.1876 239.283
31.1608 239.338
31.1474 239.365
31.1032 239.425
30.9837 239.578
30.8642 239.731
30.789 239.824
30.7139 239.917
30.6078 240.042
30.2895 240.419
30.2586 240.452
30.1361 240.488
30.1186 240.494
30.1186 240.494
30.1144 240.471
30.1021 240.405
30.0938 240.36
30.1072 240.333
30.1206 240.305
30.2092 240.185
30.961 239.257
31.0403 239.186
31.0753 239.176
31.1103 239.165
31.1278 239.16
31.167 239.172
31.1711 239.194
31.1752 239.216
SUA41_0

0
0 60003 83905 83910
0 0 0 1
25
31.0434 239.303
31.0516 239.347
31.0558 239.369
31.0548 239.463
31.028 239.518
30.9837 239.578
30.8642 239.731
30.7139 239.917
30.2453 240.479
30.2453 240.479
30.2277 240.484
30.1577 240.505
30.1227 240.516
30.1052 240.521
30.0846 240.41
30.0804 240.388
30.0763 240.365
30.2092 240.185
30.2843 240.092
30.9167 239.317
30.9476 239.284
30.9651 239.279
31.0001 239.269
31.0352 239.258
31.0434 239.303
SUA42_0

0
0 60003 83910 83915
0 0 0 1
31
30.9497 239.495
30.9579 239.539
30.9662 239.584
30.9528 239.611
30.789 239.824
30.7139 239.917
30.2453 240.479
30.2144 240.512
30.1968 240.517
30.1618 240.528
30.1443 240.533
30.1268 240.538
30.0918 240.548
30.0701 240.531
30.066 240.509
30.0578 240.465
30.0495 240.42
30.0629 240.393
30.0763 240.365
30.0897 240.338
30.0897 240.338
30.2092 240.185
30.3595 239.999
30.6912 239.595
30.7972 239.47
30.8281 239.437
30.8632 239.427
30.8807 239.421
30.9157 239.411
30.9332 239.406
30.9497 239.495
SUA43_0

0
0 60003 83915 83920
0 0 0 1
27
30.8714 239.471
30.8879 239.56
30.9003 239.627
30.9044 239.649
30.891 239.676
30.8776 239.704
30.789 239.824
30.7139 239.917
30.201 240.539
30.1835 240.545
30.1309 240.56
30.1134 240.565
30.0959 240.571
30.0784 240.576
30.0568 240.559
30.0361 240.448
30.032 240.426
30.0454 240.398
30.0897 240.338
30.2092 240.185
30.2843 240.092
30.3595 239.999
30.7663 239.503
30.8014 239.492
30.8364 239.482
30.8539 239.476
30.8714 239.471
SUA44_0

0
0 60003 83920 83925
0 0 0 1
29
30.8302 239.648
30.8426 239.714
30.8467 239.737
30.8333 239.764
30.789 239.824
30.7139 239.917
30.201 240.539
30.1701 240.572
30.135 240.582
30.1175 240.588
30.0825 240.598
30.065 240.603
30.0259 240.592
30.0217 240.569
30.0135 240.525
30.0052 240.48
30.032 240.426
30.0454 240.398
30.0897 240.338
30.2092 240.185
30.3595 239.999
30.5408 239.781
30.6469 239.656
30.6778 239.623
30.7087 239.59
30.7612 239.574
30.7962 239.564
30.8261 239.625
30.8302 239.648
SUA45_0

0
0 60003 83925 83930
0 0 0 1
29
30.7726 239.735
30.7767 239.757
30.7849 239.802
30.7715 239.829
30.7581 239.857
30.7139 239.917
30.1876 240.567
30.1567 240.599
30.1217 240.61
30.0516 240.631
30.0341 240.636
30.03 240.614
30.0259 240.592
30.0094 240.503
30.0052 240.48
30.0052 240.48
30.032 240.426
30.0454 240.398
30.0897 240.338
30.2092 240.185
30.2843 240.092
30.3595 239.999
30.5408 239.781
30.6026 239.716
30.6644 239.65
30.7344 239.629
30.7519 239.624
30.7561 239.646
30.7726 239.735
SUA46_0

0
0 60003 83930 83935
0 0 0 1
25
30.754 239.835
30.7272 239.89
30.7139 239.917
30.1433 240.627
30.1258 240.632
30.0558 240.653
29.9991 240.647
29.995 240.624
29.9867 240.58
29.9826 240.558
29.9744 240.513
29.9877 240.486
30.0011 240.458
30.0897 240.338
30.2535 240.125
30.5408 239.781
30.5717 239.748
30.6026 239.716
30.6376 239.705
30.6726 239.695
30.6901 239.69
30.7334 239.723
30.7417 239.768
30.7499 239.812
30.754 239.835
SUA47_0

0
0 60003 83935 83940
0 0 0 1
28
30.7149 239.823
30.7231 239.867
30.7272 239.889
30.7139 239.917
30.1608 240.622
30.1433 240.627
30.1083 240.637
30.0207 240.663
30.0032 240.669
29.9857 240.674
29.9816 240.652
29.9775 240.63
29.9692 240.585
29.9651 240.563
29.961 240.541
29.9743 240.513
29.9877 240.486
30.0011 240.458
30.0454 240.398
30.0897 240.338
30.2092 240.185
30.2843 240.092
30.3595 239.999
30.5717 239.748
30.6592 239.722
30.6768 239.717
30.7066 239.778
30.7149 239.823
SUA48_0

0
0 60003 83940 83945
0 0 0 1
31
30.6747 239.905
30.6788 239.927
30.6788 239.927
30.6521 239.982
30.6078 240.042
30.1474 240.649
30.1299 240.654
30.1124 240.66
30.0249 240.686
30.0073 240.691
29.9682 240.679
29.9641 240.657
29.9599 240.635
29.9558 240.613
29.9476 240.568
29.961 240.541
30.0011 240.458
30.0897 240.338
30.2092 240.185
30.2843 240.092
30.3595 239.999
30.4656 239.874
30.5274 239.808
30.5799 239.793
30.5974 239.788
30.6325 239.777
30.6582 239.816
30.6582 239.816
30.6665 239.861
30.6706 239.883
30.6747 239.905
SUA49_0

0
0 60003 83945 83950
0 0 0 1
25
30.6438 239.938
30.6521 239.982
30.6078 240.042
30.134 240.677
30.1165 240.682
30.099 240.687
30.0815 240.692
30.029 240.708
29.9939 240.718
29.9548 240.707
29.9466 240.662
29.9383 240.618
29.9342 240.596
29.9435 240.546
29.9435 240.546
29.9568 240.518
29.9702 240.491
30.2535 240.125
30.3595 239.999
30.4656 239.874
30.4965 239.841
30.5841 239.815
30.6057 239.832
30.6315 239.871
30.6438 239.938
SUA50_0

0
0 60003 83950 83955
0 0 0 1
25
30.6037 240.02
30.5769 240.075
30.1206 240.704
30.1031 240.709
30.0681 240.72
30.0331 240.73
30.0156 240.735
29.9981 240.741
29.9764 240.724
29.9548 240.707
29.9507 240.684
29.9383 240.618
29.9301 240.573
29.9435 240.546
29.9702 240.491
30.2535 240.125
30.3595 239.999
30.4831 239.869
30.5181 239.858
30.5357 239.853
30.5532 239.848
30.5707 239.842
30.5748 239.865
30.5913 239.954
30.6037 240.02
SUA51_0

0
0 60003 83955 83960
0 0 0 1
27
30.5769 240.075
30.1207 240.704
30.1031 240.709
30.0856 240.714
29.9981 240.741
29.9806 240.746
29.9806 240.746
29.9414 240.734
29.9414 240.734
29.9373 240.712
29.9332 240.69
29.9208 240.623
29.9167 240.601
29.9301 240.573
29.9702 240.491
30.0897 240.338
30.2092 240.185
30.2843 240.092
30.3595 239.999
30.3904 239.967
30.4213 239.934
30.4563 239.924
30.5089 239.908
30.5264 239.903
30.5521 239.942
30.5604 239.986
30.5769 240.075
SUA52_0

0
0 60003 83960 83965
0 0 0 1
27
30.5079 240.002
30.5161 240.046
30.5202 240.069
30.5151 240.141
30.5151 240.141
30.1073 240.731
30.1073 240.731
30.0898 240.737
30.0197 240.758
30.0197 240.758
29.9631 240.751
29.9631 240.751
29.9239 240.739
29.9157 240.695
29.9074 240.65
29.9033 240.628
29.9126 240.579
29.9259 240.551
29.9702 240.491
30.2535 240.125
30.2843 240.092
30.377 239.994
30.4121 239.984
30.4646 239.968
30.4996 239.958
30.5037 239.98
30.5079 240.002
SUA53_0

0
0 60003 83965 83970
0 0 0 1
32
30.4852 240.079
30.4976 240.146
30.4842 240.173
30.4708 240.201
30.1073 240.731
30.1073 240.731
30.0898 240.737
30.0547 240.747
30.0022 240.763
29.9847 240.768
29.9847 240.768
29.9239 240.739
29.9239 240.739
29.9239 240.739
29.9115 240.673
29.9033 240.628
29.8992 240.606
29.9259 240.551
29.9702 240.491
30.0897 240.338
30.2092 240.185
30.2843 240.092
30.3152 240.06
30.3461 240.027
30.3637 240.022
30.3812 240.016
30.3987 240.011
30.4337 240.001
30.4512 239.995
30.4512 239.995
30.477 240.035
30.4852 240.079
SUA54_0

0
0 60003 83970 83975
0 0 0 1
25
30.4286 240.073
30.4492 240.184
30.4533 240.206
30.4399 240.233
30.1073 240.731
30.0022 240.763
29.9847 240.768
29.9672 240.773
29.9064 240.745
29.8899 240.656
29.8858 240.633
29.9126 240.579
29.9259 240.551
29.9702 240.491
30.0897 240.338
30.2092 240.185
30.2844 240.092
30.3328 240.054
30.3503 240.049
30.3853 240.039
30.4028 240.033
30.4203 240.028
30.4203 240.028
30.4244 240.05
30.4286 240.073
SUA55_0

0
0 60003 83975 83980
0 0 0 1
26
30.3977 240.105
30.41 240.172
30.4142 240.194
30.4183 240.216
30.4224 240.239
30.4224 240.239
30.409 240.266
30.1073 240.731
30.0547 240.747
29.9847 240.768
29.9672 240.773
29.9672 240.773
29.9064 240.745
29.9023 240.722
29.894 240.678
29.8899 240.656
29.8858 240.633
29.8858 240.633
29.9259 240.551
29.9702 240.491
30.2092 240.185
30.271 240.12
30.341 240.099
30.376 240.088
30.3935 240.083
30.3977 240.105
SUA56_0

0
0 60003 83980 83985
0 0 0 1
27
30.3884 240.155
30.3966 240.199
30.4049 240.244
30.3781 240.299
30.1073 240.731
30.0897 240.737
30.0197 240.758
29.9672 240.773
29.9497 240.779
29.9497 240.779
29.9064 240.745
29.9023 240.722
29.8899 240.656
29.8858 240.633
29.8858 240.633
29.895 240.584
29.895 240.584
30.2092 240.185
30.2401 240.152
30.2401 240.152
30.2576 240.147
30.2751 240.142
30.3276 240.126
30.3451 240.121
30.3626 240.116
30.3843 240.133
30.3884 240.155
SUA57_0

0
0 60003 83985 83990
0 0 0 1
26
30.34 240.193
30.3482 240.237
30.3524 240.259
30.3565 240.282
30.3606 240.304
30.3338 240.359
30.1073 240.731
30.1073 240.731
30.0898 240.737
30.0197 240.758
29.9497 240.779
29.928 240.762
29.9064 240.745
29.9064 240.745
29.9023 240.722
29.8981 240.7
29.8858 240.633
29.8817 240.611
29.8817 240.611
29.895 240.584
30.1649 240.245
30.2267 240.18
30.2442 240.175
30.3317 240.148
30.3359 240.171
30.34 240.193
SUA58_0

0
0 60003 83990 83995
0 0 0 1
22
30.3307 240.243
30.3472 240.331
30.3338 240.359
30.3338 240.359
30.1073 240.731
30.0898 240.737
29.9672 240.773
29.9497 240.779
29.8889 240.75
29.8683 240.639
29.8817 240.611
29.895 240.584
30.1649 240.245
30.1958 240.212
30.1958 240.212
30.2133 240.207
30.2483 240.197
30.2658 240.192
30.2833 240.186
30.3008 240.181
30.3225 240.198
30.3307 240.243
SUA59_0

0
0 60003 83995 84000
0 0 0 1
26
30.2957 240.253
30.3122 240.342
30.3029 240.392
30.2895 240.419
30.1073 240.731
30.0547 240.747
29.9672 240.773
29.9497 240.779
29.9105 240.767
29.8889 240.75
29.8889 240.75
29.8848 240.728
29.8765 240.683
29.8724 240.661
29.8683 240.639
29.8683 240.639
29.8817 240.611
29.895 240.584
29.895 240.584
30.1649 240.245
30.1824 240.24
30.2174 240.229
30.2524 240.219
30.2699 240.214
30.2875 240.209
30.2957 240.253
SUA60_0

0
0 60003 84000 84005
0 0 0 1
28
30.2648 240.286
30.2813 240.375
30.2854 240.397
30.2895 240.419
30.1073 240.731
30.1073 240.731
30.0372 240.752
29.9497 240.779
29.9497 240.779
29.9105 240.767
29.9105 240.767
29.8889 240.75
29.8889 240.75
29.8848 240.728
29.8765 240.683
29.8724 240.661
29.8683 240.639
29.8683 240.639
29.895 240.584
30.0454 240.398
30.1206 240.305
30.1515 240.273
30.1515 240.273
30.204 240.257
30.239 240.246
30.2566 240.241
30.2566 240.241
30.2648 240.286
SUA61_0

0
0 60003 84005 84010
0 0 0 1
20
30.2504 240.407
30.2586 240.452
30.2453 240.479
30.1073 240.731
30.1073 240.731
30.0547 240.747
29.9497 240.779
29.9497 240.779
29.9105 240.767
29.8889 240.75
29.8806 240.705
29.8724 240.661
29.8683 240.639
29.8683 240.639
29.8817 240.611
29.895 240.584
30.1206 240.305
30.2081 240.279
30.2257 240.274
30.2504 240.407
SUA62_0

0
0 60003 84010 84015
0 0 0 1
26
30.237 240.435
30.2411 240.457
30.2144 240.512
30.201 240.539
30.1073 240.731
30.1073 240.731
30.0722 240.742
29.9672 240.773
29.9497 240.779
29.9105 240.767
29.8889 240.75
29.8889 240.75
29.8848 240.728
29.8806 240.705
29.8724 240.661
29.8683 240.639
29.8683 240.639
29.895 240.584
29.9702 240.491
30.0454 240.398
30.0763 240.365
30.1072 240.333
30.1773 240.312
30.2123 240.301
30.2164 240.324
30.237 240.435
SUA63_0

0
0 60003 84015 84020
0 0 0 1
28
30.2061 240.467
30.2102 240.49
30.2144 240.512
30.201 240.539
30.1608 240.622
30.1073 240.731
30.0897 240.737
30.0722 240.742
30.0547 240.747
29.9497 240.779
29.9497 240.779
29.9105 240.767
29.9105 240.767
29.8889 240.75
29.8806 240.705
29.8724 240.661
29.8683 240.639
29.895 240.584
29.895 240.584
30.0454 240.398
30.0763 240.365
30.0938 240.36
30.1464 240.345
30.1814 240.334
30.1814 240.334
30.1855 240.356
30.202 240.445
30.2061 240.467
SUA64_0

0
0 60003 84020 84025
0 0 0 1
24
30.1804 240.428
30.1886 240.473
30.1927 240.495
30.1968 240.517
30.1876 240.567
30.1474 240.649
30.1073 240.731
30.0547 240.747
30.0372 240.752
29.9672 240.773
29.9497 240.779
29.9105 240.767
29.8889 240.75
29.8765 240.683
29.8683 240.639
29.8641 240.616
29.8641 240.616
29.9702 240.491
30.032 240.426
30.0629 240.393
30.1154 240.377
30.1505 240.367
30.168 240.362
30.1804 240.428
SUA65_0

0
0 60003 84025 84030
0 0 0 1
22
30.1618 240.528
30.166 240.55
30.1701 240.572
30.1608 240.622
30.1474 240.649
30.134 240.677
30.1073 240.731
30.0722 240.742
29.9847 240.768
29.9672 240.773
29.9497 240.779
29.9105 240.767
29.8889 240.75
29.8848 240.728
29.8765 240.683
29.8641 240.616
29.9702 240.491
30.032 240.426
30.0495 240.42
30.1021 240.405
30.1371 240.394
30.1618 240.528
SUA66_0

0
0 60003 84030 84035
0 0 0 1
27
30.1484 240.555
30.1567 240.599
30.1567 240.599
30.134 240.677
30.1206 240.704
30.1073 240.731
30.1073 240.731
30.0898 240.737
29.9847 240.768
29.9672 240.773
29.9497 240.779
29.9105 240.767
29.8889 240.75
29.8889 240.75
29.8848 240.728
29.8641 240.616
29.9702 240.491
30.0011 240.458
30.0011 240.458
30.0186 240.453
30.0361 240.448
30.0712 240.437
30.1062 240.427
30.1237 240.422
30.1237 240.422
30.1319 240.466
30.1484 240.555
SUA67_0

0
0 60003 84035 84040
0 0 0 1
27
30.1351 240.582
30.1392 240.605
30.1433 240.627
30.1206 240.704
30.1073 240.731
30.1073 240.731
30.1073 240.731
30.0722 240.742
29.9847 240.768
29.9497 240.779
29.9105 240.767
29.8889 240.75
29.8848 240.728
29.8806 240.705
29.8683 240.639
29.8641 240.616
29.8641 240.616
29.9702 240.491
30.0011 240.458
30.0011 240.458
30.0186 240.453
30.0537 240.443
30.1062 240.427
30.1062 240.427
30.1103 240.449
30.1144 240.471
30.1351 240.582
SUA68_0

0
0 60003 84040 84045
0 0 0 1
20
30.1268 240.538
30.1299 240.654
30.1207 240.704
30.1073 240.731
30.0898 240.737
30.0722 240.742
29.9497 240.779
29.9105 240.767
29.9105 240.767
29.8889 240.75
29.8889 240.75
29.8848 240.728
29.8641 240.616
29.9702 240.491
30.0011 240.458
30.0186 240.453
30.0887 240.432
30.1062 240.427
30.1144 240.471
30.1268 240.538
SUA69_0

0
0 60003 84045 84050
0 0 0 1
24
30.1011 240.499
30.1052 240.521
30.1134 240.565
30.1207 240.704
30.1073 240.731
30.1073 240.731
30.0722 240.742
30.0547 240.747
29.9847 240.768
29.9672 240.773
29.9497 240.779
29.9105 240.767
29.8889 240.75
29.8848 240.728
29.8641 240.616
29.9702 240.491
29.9702 240.491
29.9877 240.486
30.0228 240.475
30.0403 240.47
30.0753 240.46
30.0928 240.454
30.0928 240.454
30.1011 240.499
SUA70_0

0
0 60003 84050 84055
0 0 0 1
25
30.1165 240.682
30.1206 240.704
30.1206 240.704
30.1073 240.731
30.0897 240.737
30.0547 240.747
30.0372 240.752
30.0022 240.763
29.9847 240.768
29.9672 240.773
29.9497 240.779
29.9105 240.767
29.9105 240.767
29.8889 240.75
29.8848 240.728
29.8806 240.705
29.8683 240.639
29.8641 240.616
29.9702 240.491
29.9877 240.486
30.0052 240.48
30.0228 240.475
30.0403 240.47
30.0753 240.46
30.1165 240.682
SUA71_0

0
0 60003 84055 84060
0 0 0 1
23
30.0702 240.531
30.1031 240.709
30.1073 240.731
30.1073 240.731
30.1073 240.731
30.0897 240.737
30.0547 240.747
30.0197 240.758
29.9672 240.773
29.9497 240.779
29.9105 240.767
29.8889 240.75
29.8848 240.728
29.8724 240.661
29.8683 240.639
29.8642 240.616
29.9259 240.551
29.9568 240.518
29.9744 240.513
29.9919 240.508
30.0444 240.492
30.0619 240.487
30.0702 240.531
SUA72_0

0
0 60003 84060 84065
0 0 0 1
23
30.0866 240.62
30.099 240.687
30.1031 240.709
30.1073 240.731
30.1073 240.731
30.0722 240.742
30.0197 240.758
29.9672 240.773
29.9497 240.779
29.9105 240.767
29.9105 240.767
29.8889 240.75
29.8889 240.75
29.8848 240.728
29.8724 240.661
29.8641 240.616
29.8641 240.616
29.9259 240.551
29.9568 240.518
29.9919 240.508
30.0444 240.492
30.0825 240.598
30.0866 240.62
SUA73_0

0
0 60003 84065 84070
0 0 0 1
18
30.099 240.687
30.1073 240.731
30.0722 240.742
29.9497 240.779
29.9497 240.779
29.9105 240.767
29.8889 240.75
29.8848 240.728
29.8683 240.639
29.8641 240.616
29.9259 240.551
29.9259 240.551
29.996 240.53
30.031 240.52
30.031 240.52
30.0866 240.62
30.0908 240.643
30.099 240.687
SUA74_0

0
0 60003 84070 84075
0 0 0 1
27
30.0733 240.648
30.0774 240.67
30.0815 240.692
30.0856 240.714
30.0898 240.737
30.0898 240.737
30.0897 240.737
30.0722 240.742
30.0547 240.747
29.9672 240.773
29.9497 240.779
29.9497 240.779
29.9105 240.767
29.8889 240.75
29.8848 240.728
29.8806 240.705
29.8683 240.639
29.8641 240.616
29.895 240.584
29.9259 240.551
29.9435 240.546
29.996 240.53
30.0135 240.525
30.0393 240.564
30.065 240.603
30.0691 240.626
30.0733 240.648
SUA75_0

0
0 60003 84075 84080
0 0 0 1
18
30.0856 240.714
30.0897 240.737
30.0722 240.742
30.0547 240.747
30.0372 240.752
30.0022 240.763
29.9497 240.779
29.9105 240.767
29.8889 240.75
29.8683 240.639
29.8641 240.616
29.895 240.584
29.895 240.584
29.9126 240.579
30.0001 240.552
30.0176 240.547
30.0691 240.626
30.0856 240.714
SUA76_0

0
0 60003 84080 84085
0 0 0 1
24
30.064 240.697
30.0722 240.742
30.0722 240.742
30.0722 240.742
30.0547 240.747
30.0372 240.752
30.0197 240.758
29.9672 240.773
29.9497 240.779
29.9105 240.767
29.8889 240.75
29.8848 240.728
29.8641 240.616
29.8641 240.616
29.8641 240.616
29.895 240.584
29.9126 240.579
29.9826 240.558
30.0001 240.552
30.0001 240.552
30.0217 240.569
30.0516 240.631
30.0599 240.675
30.064 240.697
SUA77_0

0
0 60003 84085 84090
0 0 0 1
24
30.0424 240.68
30.0547 240.747
30.0372 240.752
29.9847 240.768
29.9672 240.773
29.9497 240.779
29.9497 240.779
29.9497 240.779
29.9105 240.767
29.9105 240.767
29.8889 240.75
29.8765 240.683
29.8683 240.639
29.8641 240.616
29.8641 240.616
29.895 240.584
29.8951 240.584
29.9126 240.579
29.9651 240.563
29.9826 240.558
30.0001 240.552
30.0001 240.552
30.03 240.614
30.0424 240.68
SUA78_0

0
0 60003 84090 84095
0 0 0 1
18
30.0506 240.725
30.0547 240.747
30.0372 240.752
29.9672 240.773
29.9497 240.779
29.9105 240.767
29.8889 240.75
29.8889 240.75
29.8683 240.639
29.8641 240.616
29.895 240.584
29.9301 240.573
29.9651 240.563
29.9826 240.558
30.0042 240.575
30.03 240.614
30.0341 240.636
30.0506 240.725
SUA79_0

0
0 60003 84095 84100
0 0 0 1
19
30.0166 240.641
30.0331 240.73
30.0156 240.735
29.9981 240.741
29.9631 240.751
29.9105 240.767
29.8889 240.75
29.8889 240.75
29.8848 240.728
29.8724 240.661
29.8683 240.639
29.8641 240.616
29.8817 240.611
29.9517 240.59
29.9692 240.585
29.9867 240.58
30.0084 240.597
30.0125 240.619
30.0166 240.641
SUA80_0

0
0 60003 84100 84105
0 0 0 1
21
30.0249 240.686
30.0331 240.73
30.0156 240.735
29.9631 240.751
29.9105 240.767
29.8889 240.75
29.8806 240.705
29.8683 240.639
29.8641 240.616
29.8641 240.616
29.8992 240.606
29.9167 240.601
29.9517 240.59
29.9692 240.585
29.9867 240.58
29.9867 240.58
29.9867 240.58
30.0125 240.619
30.0125 240.619
30.0166 240.641
30.0249 240.686
SUA81_0

0
0 60003 84105 84110
0 0 0 1
22
29.995 240.624
30.0073 240.691
30.0115 240.713
30.0156 240.735
29.9806 240.746
29.9455 240.756
29.928 240.762
29.9105 240.767
29.9105 240.767
29.8889 240.75
29.8889 240.75
29.8765 240.683
29.8724 240.661
29.8641 240.616
29.8642 240.616
29.9167 240.601
29.9517 240.59
29.9692 240.585
29.9692 240.585
29.9908 240.602
29.9909 240.602
29.995 240.624
SUA82_0

0
0 60003 84110 84115
0 0 0 1
22
30.0115 240.713
30.0156 240.735
30.0156 240.735
30.0156 240.735
29.9981 240.741
29.9806 240.746
29.9455 240.756
29.928 240.762
29.9105 240.767
29.9105 240.767
29.8889 240.75
29.8806 240.705
29.8683 240.639
29.8641 240.616
29.8817 240.611
29.8992 240.606
29.9517 240.59
29.9692 240.585
29.9692 240.585
29.9908 240.602
29.9908 240.602
30.0115 240.713
SUA83_0

0
0 60003 84115 84120
0 0 0 1
21
30.0115 240.713
30.0156 240.735
30.0156 240.735
29.9806 240.746
29.9631 240.751
29.9455 240.756
29.928 240.762
29.8889 240.75
29.8889 240.75
29.8889 240.75
29.8765 240.683
29.8641 240.616
29.8641 240.616
29.8641 240.616
29.8817 240.611
29.9517 240.59
29.9692 240.585
29.9692 240.585
29.9908 240.602
29.9991 240.646
30.0115 240.713
SUA84_0

0
0 60003 84120 84125
0 0 0 1
16
30.0032 240.669
30.0115 240.713
29.994 240.718
29.9589 240.729
29.9064 240.745
29.8889 240.75
29.8848 240.728
29.8806 240.705
29.8724 240.661
29.8642 240.616
29.8817 240.611
29.9517 240.59
29.9692 240.585
29.9908 240.602
29.995 240.624
30.0032 240.669
