units SI
begin
velocity  666.0
time   0
#numPieces     weightIndividual         weightTotal    aref                     beta                     impulseVel          CD        CL        
100            [  2.206,  55.42]         2881.4        [0.01255,  2.128]        [  86.81,  146.5]        [    0.0,  100.0]          0.6      0.04
end

begin
velocity  666.0
time   5
#numPieces     weightIndividual         weightTotal    aref                     beta                     impulseVel          CD        CL        
end

begin
velocity  666.0
time   10
#numPieces     weightIndividual         weightTotal    aref                     beta                     impulseVel          CD        CL        
50             [0.0004581,0.01151]      0.29912        [0.0001564, 0.1571]      [ 0.2441,  2.441]        [    0.0,  100.0]          0.6      0.04
100            [  0.755,  18.96]         985.93        [0.007247,  1.295]       [  48.82,  86.81]        [    0.0,  100.0]          0.6      0.04
300            [  2.206,  55.42]         8644.1        [0.01255,  2.128]        [  86.81,  146.5]        [    0.0,  100.0]          0.6      0.04
end

begin
velocity  666.0
time   15
#numPieces     weightIndividual         weightTotal    aref                     beta                     impulseVel          CD        CL        
100            [0.0004581,0.01151]      0.59824        [0.0001564, 0.1571]      [ 0.2441,  2.441]        [    0.0,  100.0]          0.6      0.04
200            [  0.755,  18.96]         1971.9        [0.007247,  1.295]       [  48.82,  86.81]        [    0.0,  100.0]          0.6      0.04
400            [  2.206,  55.42]        1.1525e+04     [0.01255,  2.128]        [  86.81,  146.5]        [    0.0,  100.0]          0.6      0.04
20             [  7.369,  185.1]         1924.7        [0.02237,  4.212]        [  146.5,  274.5]        [    0.0,  100.0]          0.6      0.04
end

begin
velocity  666.0
time   20
#numPieces     weightIndividual         weightTotal    aref                     beta                     impulseVel          CD        CL        
150            [0.0004581,0.01151]      0.89737        [0.0001564, 0.1571]      [ 0.2441,  2.441]        [    0.0,  100.0]          0.6      0.04
100            [0.007562,   0.19]        9.8761        [0.0007251, 0.1297]      [  4.882,  8.691]        [    0.0,  100.0]          0.6      0.04
71             [0.02587, 0.6497]         23.984        [0.001326, 0.2492]       [  8.691,  16.26]        [    0.0,  100.0]          0.6      0.04
300            [  0.755,  18.96]         2957.8        [0.007247,  1.295]       [  48.82,  86.81]        [    0.0,  100.0]          0.6      0.04
300            [  2.206,  55.42]         8644.1        [0.01255,  2.128]        [  86.81,  146.5]        [    0.0,  100.0]          0.6      0.04
20             [  7.369,  185.1]         1924.7        [0.02237,  4.212]        [  146.5,  274.5]        [    0.0,  100.0]          0.6      0.04
end

begin
velocity  666.0
time   25
#numPieces     weightIndividual         weightTotal    aref                     beta                     impulseVel          CD        CL        
25             [0.0004581,0.01151]      0.14956        [0.0001564, 0.1571]      [ 0.2441,  2.441]        [    0.0,  100.0]          0.6      0.04
125            [0.002268,0.05696]         3.702        [0.0003871,0.07778]      [  2.441,  4.882]        [    0.0,  100.0]          0.6      0.04
200            [0.007562,   0.19]        19.752        [0.0007251, 0.1297]      [  4.882,  8.691]        [    0.0,  100.0]          0.6      0.04
143            [0.02587, 0.6497]         48.305        [0.001326, 0.2492]       [  8.691,  16.26]        [    0.0,  100.0]          0.6      0.04
100            [0.07701,  1.934]         100.57        [0.002347, 0.3966]       [  16.26,  27.34]        [    0.0,  100.0]          0.6      0.04
25             [ 0.2383,  5.986]         77.807        [0.004068, 0.7298]       [  27.34,  48.82]        [    0.0,  100.0]          0.6      0.04
50             [  0.755,  18.96]         492.96        [0.007247,  1.295]       [  48.82,  86.81]        [    0.0,  100.0]          0.6      0.04
50             [  2.206,  55.42]         1440.7        [0.01255,  2.128]        [  86.81,  146.5]        [    0.0,  100.0]          0.6      0.04
20             [  7.369,  185.1]         1924.7        [0.02237,  4.212]        [  146.5,  274.5]        [    0.0,  100.0]          0.6      0.04
end

begin
velocity  666.0
time   30
#numPieces     weightIndividual         weightTotal    aref                     beta                     impulseVel          CD        CL        
250            [0.0004581,0.01151]       1.4956        [0.0001564, 0.1571]      [ 0.2441,  2.441]        [    0.0,  100.0]          0.6      0.04
313            [0.002268,0.05696]        9.2698        [0.0003871,0.07778]      [  2.441,  4.882]        [    0.0,  100.0]          0.6      0.04
300            [0.007562,   0.19]        29.628        [0.0007251, 0.1297]      [  4.882,  8.691]        [    0.0,  100.0]          0.6      0.04
214            [0.02587, 0.6497]         72.288        [0.001326, 0.2492]       [  8.691,  16.26]        [    0.0,  100.0]          0.6      0.04
250            [0.07701,  1.934]         251.43        [0.002347, 0.3966]       [  16.26,  27.34]        [    0.0,  100.0]          0.6      0.04
63             [ 0.2383,  5.986]         196.07        [0.004068, 0.7298]       [  27.34,  48.82]        [    0.0,  100.0]          0.6      0.04
500            [  0.755,  18.96]         4929.6        [0.007247,  1.295]       [  48.82,  86.81]        [    0.0,  100.0]          0.6      0.04
400            [  2.206,  55.42]        1.1525e+04     [0.01255,  2.128]        [  86.81,  146.5]        [    0.0,  100.0]          0.6      0.04
20             [  7.369,  185.1]         1924.7        [0.02237,  4.212]        [  146.5,  274.5]        [    0.0,  100.0]          0.6      0.04
end

begin
velocity  666.0
time   35
#numPieces     weightIndividual         weightTotal    aref                     beta                     impulseVel          CD        CL        
250            [0.0004581,0.01151]       1.4956        [0.0001564, 0.1571]      [ 0.2441,  2.441]        [    0.0,  100.0]          0.6      0.04
625            [0.002268,0.05696]         18.51        [0.0003871,0.07778]      [  2.441,  4.882]        [    0.0,  100.0]          0.6      0.04
400            [0.007562,   0.19]        39.505        [0.0007251, 0.1297]      [  4.882,  8.691]        [    0.0,  100.0]          0.6      0.04
286            [0.02587, 0.6497]          96.61        [0.001326, 0.2492]       [  8.691,  16.26]        [    0.0,  100.0]          0.6      0.04
500            [0.07701,  1.934]         502.87        [0.002347, 0.3966]       [  16.26,  27.34]        [    0.0,  100.0]          0.6      0.04
125            [ 0.2383,  5.986]         389.04        [0.004068, 0.7298]       [  27.34,  48.82]        [    0.0,  100.0]          0.6      0.04
500            [  0.755,  18.96]         4929.6        [0.007247,  1.295]       [  48.82,  86.81]        [    0.0,  100.0]          0.6      0.04
400            [  2.206,  55.42]        1.1525e+04     [0.01255,  2.128]        [  86.81,  146.5]        [    0.0,  100.0]          0.6      0.04
20             [  7.369,  185.1]         1924.7        [0.02237,  4.212]        [  146.5,  274.5]        [    0.0,  100.0]          0.6      0.04
end

begin
velocity  666.0
time   40
#numPieces     weightIndividual         weightTotal    aref                     beta                     impulseVel          CD        CL        
250            [0.0004581,0.01151]       1.4956        [0.0001564, 0.1571]      [ 0.2441,  2.441]        [    0.0,  100.0]          0.6      0.04
1250           [0.002268,0.05696]         37.02        [0.0003871,0.07778]      [  2.441,  4.882]        [    0.0,  100.0]          0.6      0.04
500            [0.007562,   0.19]        49.381        [0.0007251, 0.1297]      [  4.882,  8.691]        [    0.0,  100.0]          0.6      0.04
357            [0.02587, 0.6497]         120.59        [0.001326, 0.2492]       [  8.691,  16.26]        [    0.0,  100.0]          0.6      0.04
1000           [0.07701,  1.934]         1005.7        [0.002347, 0.3966]       [  16.26,  27.34]        [    0.0,  100.0]          0.6      0.04
250            [ 0.2383,  5.986]         778.07        [0.004068, 0.7298]       [  27.34,  48.82]        [    0.0,  100.0]          0.6      0.04
500            [  0.755,  18.96]         4929.6        [0.007247,  1.295]       [  48.82,  86.81]        [    0.0,  100.0]          0.6      0.04
50             [  2.206,  55.42]         1440.7        [0.01255,  2.128]        [  86.81,  146.5]        [    0.0,  100.0]          0.6      0.04
20             [  7.369,  185.1]         1924.7        [0.02237,  4.212]        [  146.5,  274.5]        [    0.0,  100.0]          0.6      0.04
end

begin
velocity  666.0
time   45
#numPieces     weightIndividual         weightTotal    aref                     beta                     impulseVel          CD        CL        
250            [0.0004581,0.01151]       1.4956        [0.0001564, 0.1571]      [ 0.2441,  2.441]        [    0.0,  100.0]          0.6      0.04
1250           [0.002268,0.05696]         37.02        [0.0003871,0.07778]      [  2.441,  4.882]        [    0.0,  100.0]          0.6      0.04
750            [0.007562,   0.19]        74.071        [0.0007251, 0.1297]      [  4.882,  8.691]        [    0.0,  100.0]          0.6      0.04
536            [0.02587, 0.6497]         181.06        [0.001326, 0.2492]       [  8.691,  16.26]        [    0.0,  100.0]          0.6      0.04
1000           [0.07701,  1.934]         1005.7        [0.002347, 0.3966]       [  16.26,  27.34]        [    0.0,  100.0]          0.6      0.04
250            [ 0.2383,  5.986]         778.07        [0.004068, 0.7298]       [  27.34,  48.82]        [    0.0,  100.0]          0.6      0.04
500            [  0.755,  18.96]         4929.6        [0.007247,  1.295]       [  48.82,  86.81]        [    0.0,  100.0]          0.6      0.04
400            [  2.206,  55.42]        1.1525e+04     [0.01255,  2.128]        [  86.81,  146.5]        [    0.0,  100.0]          0.6      0.04
20             [  7.369,  185.1]         1924.7        [0.02237,  4.212]        [  146.5,  274.5]        [    0.0,  100.0]          0.6      0.04
end

begin
velocity  666.0
time   50
#numPieces     weightIndividual         weightTotal    aref                     beta                     impulseVel          CD        CL        
250            [0.0004581,0.01151]       1.4956        [0.0001564, 0.1571]      [ 0.2441,  2.441]        [    0.0,  100.0]          0.6      0.04
1250           [0.002268,0.05696]         37.02        [0.0003871,0.07778]      [  2.441,  4.882]        [    0.0,  100.0]          0.6      0.04
1300           [0.007562,   0.19]        128.39        [0.0007251, 0.1297]      [  4.882,  8.691]        [    0.0,  100.0]          0.6      0.04
929            [0.02587, 0.6497]         313.81        [0.001326, 0.2492]       [  8.691,  16.26]        [    0.0,  100.0]          0.6      0.04
1000           [0.07701,  1.934]         1005.7        [0.002347, 0.3966]       [  16.26,  27.34]        [    0.0,  100.0]          0.6      0.04
250            [ 0.2383,  5.986]         778.07        [0.004068, 0.7298]       [  27.34,  48.82]        [    0.0,  100.0]          0.6      0.04
500            [  0.755,  18.96]         4929.6        [0.007247,  1.295]       [  48.82,  86.81]        [    0.0,  100.0]          0.6      0.04
400            [  2.206,  55.42]        1.1525e+04     [0.01255,  2.128]        [  86.81,  146.5]        [    0.0,  100.0]          0.6      0.04
20             [  7.369,  185.1]         1924.7        [0.02237,  4.212]        [  146.5,  274.5]        [    0.0,  100.0]          0.6      0.04
end

begin
velocity  666.0
time   55
#numPieces     weightIndividual         weightTotal    aref                     beta                     impulseVel          CD        CL        
200            [0.0004581,0.01151]       1.1965        [0.0001564, 0.1571]      [ 0.2441,  2.441]        [    0.0,  100.0]          0.6      0.04
1250           [0.002268,0.05696]         37.02        [0.0003871,0.07778]      [  2.441,  4.882]        [    0.0,  100.0]          0.6      0.04
1300           [0.007562,   0.19]        128.39        [0.0007251, 0.1297]      [  4.882,  8.691]        [    0.0,  100.0]          0.6      0.04
929            [0.02587, 0.6497]         313.81        [0.001326, 0.2492]       [  8.691,  16.26]        [    0.0,  100.0]          0.6      0.04
1000           [0.07701,  1.934]         1005.7        [0.002347, 0.3966]       [  16.26,  27.34]        [    0.0,  100.0]          0.6      0.04
250            [ 0.2383,  5.986]         778.07        [0.004068, 0.7298]       [  27.34,  48.82]        [    0.0,  100.0]          0.6      0.04
400            [  0.755,  18.96]         3943.7        [0.007247,  1.295]       [  48.82,  86.81]        [    0.0,  100.0]          0.6      0.04
50             [  2.206,  55.42]         1440.7        [0.01255,  2.128]        [  86.81,  146.5]        [    0.0,  100.0]          0.6      0.04
20             [  7.369,  185.1]         1924.7        [0.02237,  4.212]        [  146.5,  274.5]        [    0.0,  100.0]          0.6      0.04
end

begin
velocity  666.0
time   60
#numPieces     weightIndividual         weightTotal    aref                     beta                     impulseVel          CD        CL        
50             [0.0004581,0.01151]      0.29912        [0.0001564, 0.1571]      [ 0.2441,  2.441]        [    0.0,  100.0]          0.6      0.04
1250           [0.002268,0.05696]         37.02        [0.0003871,0.07778]      [  2.441,  4.882]        [    0.0,  100.0]          0.6      0.04
1800           [0.007562,   0.19]        177.77        [0.0007251, 0.1297]      [  4.882,  8.691]        [    0.0,  100.0]          0.6      0.04
1286           [0.02587, 0.6497]         434.41        [0.001326, 0.2492]       [  8.691,  16.26]        [    0.0,  100.0]          0.6      0.04
1000           [0.07701,  1.934]         1005.7        [0.002347, 0.3966]       [  16.26,  27.34]        [    0.0,  100.0]          0.6      0.04
250            [ 0.2383,  5.986]         778.07        [0.004068, 0.7298]       [  27.34,  48.82]        [    0.0,  100.0]          0.6      0.04
100            [  0.755,  18.96]         985.93        [0.007247,  1.295]       [  48.82,  86.81]        [    0.0,  100.0]          0.6      0.04
400            [  2.206,  55.42]        1.1525e+04     [0.01255,  2.128]        [  86.81,  146.5]        [    0.0,  100.0]          0.6      0.04
20             [  7.369,  185.1]         1924.7        [0.02237,  4.212]        [  146.5,  274.5]        [    0.0,  100.0]          0.6      0.04
end

begin
velocity  666.0
time   65
#numPieces     weightIndividual         weightTotal    aref                     beta                     impulseVel          CD        CL        
250            [0.0004581,0.01151]       1.4956        [0.0001564, 0.1571]      [ 0.2441,  2.441]        [    0.0,  100.0]          0.6      0.04
1250           [0.002268,0.05696]         37.02        [0.0003871,0.07778]      [  2.441,  4.882]        [    0.0,  100.0]          0.6      0.04
1800           [0.007562,   0.19]        177.77        [0.0007251, 0.1297]      [  4.882,  8.691]        [    0.0,  100.0]          0.6      0.04
1286           [0.02587, 0.6497]         434.41        [0.001326, 0.2492]       [  8.691,  16.26]        [    0.0,  100.0]          0.6      0.04
1000           [0.07701,  1.934]         1005.7        [0.002347, 0.3966]       [  16.26,  27.34]        [    0.0,  100.0]          0.6      0.04
250            [ 0.2383,  5.986]         778.07        [0.004068, 0.7298]       [  27.34,  48.82]        [    0.0,  100.0]          0.6      0.04
500            [  0.755,  18.96]         4929.6        [0.007247,  1.295]       [  48.82,  86.81]        [    0.0,  100.0]          0.6      0.04
500            [  2.206,  55.42]        1.4407e+04     [0.01255,  2.128]        [  86.81,  146.5]        [    0.0,  100.0]          0.6      0.04
20             [  7.369,  185.1]         1924.7        [0.02237,  4.212]        [  146.5,  274.5]        [    0.0,  100.0]          0.6      0.04
end

begin
velocity  666.0
time   70
#numPieces     weightIndividual         weightTotal    aref                     beta                     impulseVel          CD        CL        
250            [0.0004581,0.01151]       1.4956        [0.0001564, 0.1571]      [ 0.2441,  2.441]        [    0.0,  100.0]          0.6      0.04
2375           [0.002268,0.05696]        70.338        [0.0003871,0.07778]      [  2.441,  4.882]        [    0.0,  100.0]          0.6      0.04
1300           [0.007562,   0.19]        128.39        [0.0007251, 0.1297]      [  4.882,  8.691]        [    0.0,  100.0]          0.6      0.04
929            [0.02587, 0.6497]         313.81        [0.001326, 0.2492]       [  8.691,  16.26]        [    0.0,  100.0]          0.6      0.04
1900           [0.07701,  1.934]         1910.9        [0.002347, 0.3966]       [  16.26,  27.34]        [    0.0,  100.0]          0.6      0.04
475            [ 0.2383,  5.986]         1478.3        [0.004068, 0.7298]       [  27.34,  48.82]        [    0.0,  100.0]          0.6      0.04
500            [  0.755,  18.96]         4929.6        [0.007247,  1.295]       [  48.82,  86.81]        [    0.0,  100.0]          0.6      0.04
50             [  2.206,  55.42]         1440.7        [0.01255,  2.128]        [  86.81,  146.5]        [    0.0,  100.0]          0.6      0.04
20             [  7.369,  185.1]         1924.7        [0.02237,  4.212]        [  146.5,  274.5]        [    0.0,  100.0]          0.6      0.04
end

begin
velocity  666.0
time   75
#numPieces     weightIndividual         weightTotal    aref                     beta                     impulseVel          CD        CL        
375            [0.0004581,0.01151]       2.2434        [0.0001564, 0.1571]      [ 0.2441,  2.441]        [    0.0,  100.0]          0.6      0.04
1000           [0.002268,0.05696]        29.616        [0.0003871,0.07778]      [  2.441,  4.882]        [    0.0,  100.0]          0.6      0.04
1100           [0.007562,   0.19]        108.64        [0.0007251, 0.1297]      [  4.882,  8.691]        [    0.0,  100.0]          0.6      0.04
786            [0.02587, 0.6497]         265.51        [0.001326, 0.2492]       [  8.691,  16.26]        [    0.0,  100.0]          0.6      0.04
800            [0.07701,  1.934]         804.59        [0.002347, 0.3966]       [  16.26,  27.34]        [    0.0,  100.0]          0.6      0.04
200            [ 0.2383,  5.986]         622.46        [0.004068, 0.7298]       [  27.34,  48.82]        [    0.0,  100.0]          0.6      0.04
750            [  0.755,  18.96]         7394.5        [0.007247,  1.295]       [  48.82,  86.81]        [    0.0,  100.0]          0.6      0.04
1000           [  2.206,  55.42]        2.8814e+04     [0.01255,  2.128]        [  86.81,  146.5]        [    0.0,  100.0]          0.6      0.04
20             [  7.369,  185.1]         1924.7        [0.02237,  4.212]        [  146.5,  274.5]        [    0.0,  100.0]          0.6      0.04
end

begin
velocity  666.0
time   80
#numPieces     weightIndividual         weightTotal    aref                     beta                     impulseVel          CD        CL        
500            [0.0004581,0.01151]       2.9912        [0.0001564, 0.1571]      [ 0.2441,  2.441]        [    0.0,  100.0]          0.6      0.04
1250           [0.002268,0.05696]         37.02        [0.0003871,0.07778]      [  2.441,  4.882]        [    0.0,  100.0]          0.6      0.04
3500           [0.007562,   0.19]        345.66        [0.0007251, 0.1297]      [  4.882,  8.691]        [    0.0,  100.0]          0.6      0.04
2500           [0.02587, 0.6497]         844.49        [0.001326, 0.2492]       [  8.691,  16.26]        [    0.0,  100.0]          0.6      0.04
1000           [0.07701,  1.934]         1005.7        [0.002347, 0.3966]       [  16.26,  27.34]        [    0.0,  100.0]          0.6      0.04
250            [ 0.2383,  5.986]         778.07        [0.004068, 0.7298]       [  27.34,  48.82]        [    0.0,  100.0]          0.6      0.04
1000           [  0.755,  18.96]         9859.3        [0.007247,  1.295]       [  48.82,  86.81]        [    0.0,  100.0]          0.6      0.04
600            [  2.206,  55.42]        1.7288e+04     [0.01255,  2.128]        [  86.81,  146.5]        [    0.0,  100.0]          0.6      0.04
20             [  7.369,  185.1]         1924.7        [0.02237,  4.212]        [  146.5,  274.5]        [    0.0,  100.0]          0.6      0.04
end

begin
velocity  666.0
time   85
#numPieces     weightIndividual         weightTotal    aref                     beta                     impulseVel          CD        CL        
375            [0.0004581,0.01151]       2.2434        [0.0001564, 0.1571]      [ 0.2441,  2.441]        [    0.0,  100.0]          0.6      0.04
1000           [0.002268,0.05696]        29.616        [0.0003871,0.07778]      [  2.441,  4.882]        [    0.0,  100.0]          0.6      0.04
2250           [0.007562,   0.19]        222.21        [0.0007251, 0.1297]      [  4.882,  8.691]        [    0.0,  100.0]          0.6      0.04
1607           [0.02587, 0.6497]         542.84        [0.001326, 0.2492]       [  8.691,  16.26]        [    0.0,  100.0]          0.6      0.04
800            [0.07701,  1.934]         804.59        [0.002347, 0.3966]       [  16.26,  27.34]        [    0.0,  100.0]          0.6      0.04
200            [ 0.2383,  5.986]         622.46        [0.004068, 0.7298]       [  27.34,  48.82]        [    0.0,  100.0]          0.6      0.04
750            [  0.755,  18.96]         7394.5        [0.007247,  1.295]       [  48.82,  86.81]        [    0.0,  100.0]          0.6      0.04
200            [  2.206,  55.42]         5762.7        [0.01255,  2.128]        [  86.81,  146.5]        [    0.0,  100.0]          0.6      0.04
end

begin
velocity  666.0
time   90
#numPieces     weightIndividual         weightTotal    aref                     beta                     impulseVel          CD        CL        
125            [0.0004581,0.01151]      0.74781        [0.0001564, 0.1571]      [ 0.2441,  2.441]        [    0.0,  100.0]          0.6      0.04
625            [0.002268,0.05696]         18.51        [0.0003871,0.07778]      [  2.441,  4.882]        [    0.0,  100.0]          0.6      0.04
1500           [0.007562,   0.19]        148.14        [0.0007251, 0.1297]      [  4.882,  8.691]        [    0.0,  100.0]          0.6      0.04
1071           [0.02587, 0.6497]         361.78        [0.001326, 0.2492]       [  8.691,  16.26]        [    0.0,  100.0]          0.6      0.04
500            [0.07701,  1.934]         502.87        [0.002347, 0.3966]       [  16.26,  27.34]        [    0.0,  100.0]          0.6      0.04
125            [ 0.2383,  5.986]         389.04        [0.004068, 0.7298]       [  27.34,  48.82]        [    0.0,  100.0]          0.6      0.04
250            [  0.755,  18.96]         2464.8        [0.007247,  1.295]       [  48.82,  86.81]        [    0.0,  100.0]          0.6      0.04
end

begin
velocity  666.0
time   95
#numPieces     weightIndividual         weightTotal    aref                     beta                     impulseVel          CD        CL        
125            [0.002268,0.05696]         3.702        [0.0003871,0.07778]      [  2.441,  4.882]        [    0.0,  100.0]          0.6      0.04
500            [0.007562,   0.19]        49.381        [0.0007251, 0.1297]      [  4.882,  8.691]        [    0.0,  100.0]          0.6      0.04
357            [0.02587, 0.6497]         120.59        [0.001326, 0.2492]       [  8.691,  16.26]        [    0.0,  100.0]          0.6      0.04
100            [0.07701,  1.934]         100.57        [0.002347, 0.3966]       [  16.26,  27.34]        [    0.0,  100.0]          0.6      0.04
25             [ 0.2383,  5.986]         77.807        [0.004068, 0.7298]       [  27.34,  48.82]        [    0.0,  100.0]          0.6      0.04
20             [  2.206,  55.42]         576.27        [0.01255,  2.128]        [  86.81,  146.5]        [    0.0,  100.0]          0.6      0.04
end

begin
velocity  666.0
time   100
#numPieces     weightIndividual         weightTotal    aref                     beta                     impulseVel          CD        CL        
50             [0.007562,   0.19]        4.9381        [0.0007251, 0.1297]      [  4.882,  8.691]        [    0.0,  100.0]          0.6      0.04
36             [0.02587, 0.6497]         12.161        [0.001326, 0.2492]       [  8.691,  16.26]        [    0.0,  100.0]          0.6      0.04
end

begin
velocity  666.0
time   105
#numPieces     weightIndividual         weightTotal    aref                     beta                     impulseVel          CD        CL        
end

begin
velocity  666.0
time   110
#numPieces     weightIndividual         weightTotal    aref                     beta                     impulseVel          CD        CL        
end

begin
velocity  666.0
time   115
#numPieces     weightIndividual         weightTotal    aref                     beta                     impulseVel          CD        CL        
end

begin
velocity  666.0
time   120
#numPieces     weightIndividual         weightTotal    aref                     beta                     impulseVel          CD        CL        
end

begin
velocity  666.0
time   125
#numPieces     weightIndividual         weightTotal    aref                     beta                     impulseVel          CD        CL        
end

begin
velocity  666.0
time   130
#numPieces     weightIndividual         weightTotal    aref                     beta                     impulseVel          CD        CL        
end

begin
velocity  666.0
time   135
#numPieces     weightIndividual         weightTotal    aref                     beta                     impulseVel          CD        CL        
end

begin
velocity  666.0
time   140
#numPieces     weightIndividual         weightTotal    aref                     beta                     impulseVel          CD        CL        
end

begin
velocity  666.0
time   145
#numPieces     weightIndividual         weightTotal    aref                     beta                     impulseVel          CD        CL        
end

