SUA0_0

0
0 15000 85500 85560
0 0 0 1
29
39.7585 255.521
39.7559 255.516
39.7569 255.508
39.7579 255.501
39.7817 255.464
39.7889 255.458
39.8144 255.434
39.8217 255.428
39.8217 255.428
39.8217 255.428
39.8243 255.432
39.8296 255.441
39.8376 255.455
39.8428 255.464
39.8481 255.474
39.8508 255.478
39.8508 255.478
39.8508 255.478
39.8524 255.491
39.8514 255.499
39.8468 255.51
39.8286 255.527
39.8213 255.534
39.8068 255.547
39.7922 255.561
39.7886 255.564
39.7823 255.563
39.777 255.553
39.7585 255.521
SUA1_0

0
0 15000 85560 85620
0 0 0 1
33
39.6722 255.594
39.6695 255.589
39.6705 255.581
39.6715 255.573
39.6762 255.562
39.6881 255.544
39.7036 255.522
39.7145 255.512
39.7254 255.502
39.7291 255.499
39.8025 255.452
39.8025 255.452
39.8204 255.464
39.823 255.469
39.8389 255.496
39.8441 255.506
39.8432 255.514
39.8431 255.514
39.8395 255.517
39.8286 255.527
39.8068 255.547
39.7886 255.564
39.7704 255.581
39.7631 255.587
39.7595 255.591
39.7595 255.591
39.735 255.606
39.7251 255.608
39.7152 255.61
39.7052 255.613
39.699 255.611
39.6748 255.598
39.6722 255.594
SUA1_1

0
15000 30001 85560 85620
0 0 0 1
35
39.6414 255.608
39.6388 255.603
39.6398 255.595
39.6418 255.579
39.6418 255.579
39.6464 255.568
39.651 255.557
39.6639 255.531
39.6712 255.524
39.6748 255.521
39.6785 255.517
39.692 255.512
39.7886 255.486
39.7886 255.486
39.7913 255.491
39.7939 255.495
39.7939 255.495
39.8124 255.528
39.8177 255.537
39.8177 255.537
39.8177 255.537
39.814 255.54
39.8068 255.547
39.7849 255.567
39.7376 255.611
39.734 255.614
39.7304 255.618
39.7168 255.623
39.7069 255.625
39.687 255.629
39.6771 255.631
39.6609 255.632
39.6546 255.631
39.652 255.626
39.6414 255.608
SUA1_2

0
30001 45002 85560 85620
0 0 0 1
31
39.6593 255.62
39.6566 255.615
39.6487 255.601
39.6497 255.593
39.6507 255.585
39.6517 255.577
39.6527 255.569
39.6573 255.558
39.6609 255.555
39.6755 255.541
39.6953 255.537
39.7377 255.533
39.743 255.542
39.7667 255.584
39.7667 255.584
39.7631 255.587
39.7595 255.591
39.7522 255.597
39.7486 255.601
39.7376 255.611
39.7304 255.618
39.7231 255.624
39.7085 255.638
39.7049 255.641
39.7013 255.644
39.6913 255.646
39.6851 255.645
39.6788 255.644
39.6672 255.633
39.6646 255.629
39.6593 255.62
SUA2_0

0
0 15000 85620 85680
0 0 0 1
14
39.7727 255.536
39.7701 255.532
39.7621 255.518
39.7658 255.514
39.781 255.521
39.7863 255.531
39.7969 255.549
39.7995 255.554
39.7886 255.564
39.7886 255.564
39.7859 255.559
39.7833 255.555
39.7806 255.55
39.7727 255.536
SUA2_1

0
15000 30001 85620 85680
0 0 0 1
24
39.6358 255.627
39.6331 255.623
39.6315 255.61
39.6325 255.602
39.6381 255.583
39.6428 255.571
39.6583 255.55
39.6619 255.547
39.6692 255.54
39.6729 255.537
39.7777 255.496
39.7856 255.51
39.7883 255.515
39.7995 255.554
39.7959 255.557
39.7922 255.561
39.774 255.577
39.7668 255.584
39.7595 255.591
39.7413 255.607
39.7376 255.611
39.6672 255.633
39.6474 255.638
39.6358 255.627
SUA2_2

0
30001 45002 85620 85680
0 0 0 1
32
39.6202 255.649
39.6176 255.644
39.6159 255.631
39.6169 255.623
39.6199 255.599
39.6199 255.599
39.6292 255.577
39.6328 255.573
39.6365 255.57
39.6401 255.567
39.651 255.557
39.6619 255.547
39.6791 255.538
39.7377 255.533
39.7403 255.538
39.7456 255.547
39.7509 255.556
39.7535 255.561
39.7641 255.579
39.7667 255.584
39.7667 255.584
39.7631 255.587
39.7449 255.604
39.7122 255.634
39.7049 255.641
39.7013 255.644
39.6569 255.664
39.647 255.666
39.6371 255.668
39.6282 255.662
39.6255 255.658
39.6202 255.649
SUA2_3

0
45002 60003 85620 85680
0 0 0 1
28
39.6434 255.67
39.6275 255.642
39.6249 255.637
39.6259 255.629
39.6305 255.618
39.6378 255.611
39.656 255.594
39.6596 255.591
39.6841 255.576
39.7013 255.567
39.7013 255.567
39.7013 255.567
39.7013 255.567
39.7039 255.571
39.7198 255.599
39.7251 255.608
39.7304 255.618
39.7304 255.618
39.7304 255.618
39.7304 255.618
39.7231 255.624
39.7158 255.631
39.7049 255.641
39.6649 255.678
39.6612 255.681
39.6576 255.685
39.6487 255.679
39.6434 255.67
SUA3_1

0
15000 30001 85680 85740
0 0 0 1
21
39.7112 255.565
39.7086 255.56
39.7086 255.56
39.7122 255.557
39.7413 255.53
39.7449 255.527
39.7486 255.523
39.7731 255.508
39.7757 255.512
39.7836 255.526
39.7889 255.535
39.7942 255.545
39.7995 255.554
39.7922 255.561
39.7886 255.564
39.7376 255.611
39.7376 255.611
39.7323 255.602
39.7297 255.597
39.7244 255.588
39.7112 255.565
SUA3_2

0
30001 45002 85680 85740
0 0 0 1
23
39.6785 255.595
39.6758 255.59
39.6758 255.59
39.6758 255.59
39.6758 255.59
39.6794 255.587
39.7013 255.567
39.7267 255.543
39.7377 255.533
39.7377 255.533
39.7403 255.538
39.7482 255.552
39.7615 255.575
39.7667 255.584
39.7667 255.584
39.7631 255.587
39.7158 255.631
39.7085 255.638
39.7049 255.641
39.7049 255.641
39.7049 255.641
39.7049 255.641
39.6785 255.595
SUA3_3

0
45002 60003 85680 85740
0 0 0 1
29
39.6493 255.622
39.6467 255.617
39.6467 255.617
39.6467 255.617
39.6467 255.617
39.6613 255.604
39.6867 255.58
39.6976 255.57
39.7013 255.567
39.7013 255.567
39.7013 255.567
39.7013 255.567
39.7039 255.571
39.7172 255.594
39.7224 255.604
39.7277 255.613
39.7304 255.618
39.7304 255.618
39.7231 255.624
39.7013 255.644
39.6831 255.661
39.6794 255.665
39.6758 255.668
39.6758 255.668
39.6758 255.668
39.6758 255.668
39.6731 255.663
39.6546 255.631
39.6493 255.622
SUA4_1

0
15000 30001 85740 85800
0 0 0 1
16
39.7112 255.565
39.7086 255.56
39.7122 255.557
39.7158 255.553
39.7195 255.55
39.7231 255.547
39.7258 255.551
39.7284 255.556
39.731 255.56
39.7337 255.565
39.7353 255.578
39.7281 255.584
39.7244 255.588
39.7218 255.583
39.7191 255.579
39.7112 255.565
SUA4_2

0
30001 45002 85740 85800
0 0 0 1
21
39.6811 255.599
39.6758 255.59
39.6758 255.59
39.6758 255.59
39.6794 255.587
39.6831 255.584
39.7158 255.553
39.7195 255.55
39.7274 255.564
39.7327 255.573
39.7353 255.578
39.738 255.582
39.7449 255.604
39.7376 255.611
39.7267 255.621
39.7085 255.638
39.7049 255.641
39.7049 255.641
39.7022 255.636
39.6996 255.632
39.6811 255.599
SUA4_3

0
45002 60003 85740 85800
0 0 0 1
22
39.6758 255.668
39.652 255.626
39.6493 255.622
39.6467 255.617
39.6467 255.617
39.6467 255.617
39.6503 255.614
39.6613 255.604
39.7013 255.567
39.7039 255.571
39.7066 255.576
39.7092 255.581
39.7145 255.59
39.7251 255.608
39.7304 255.618
39.7304 255.618
39.7267 255.621
39.6794 255.665
39.6758 255.668
39.6758 255.668
39.6758 255.668
39.6758 255.668
SUA5_3

0
45002 60003 85800 85860
0 0 0 1
12
39.6626 255.645
39.6493 255.622
39.6467 255.617
39.654 255.61
39.6576 255.607
39.6755 255.619
39.6781 255.623
39.6834 255.633
39.694 255.651
39.6758 255.668
39.6705 255.659
39.6626 255.645
SUA6_1

0
15000 30001 85860 85920
0 0 0 1
20
39.4139 255.832
39.4112 255.827
39.4122 255.819
39.4132 255.811
39.4277 255.798
39.435 255.791
39.4387 255.788
39.4549 255.787
39.4575 255.792
39.4602 255.796
39.4628 255.801
39.4582 255.812
39.4535 255.823
39.4499 255.827
39.4426 255.833
39.4353 255.84
39.4317 255.844
39.4254 255.842
39.4165 255.836
39.4139 255.832
SUA6_2

0
30001 45002 85860 85920
0 0 0 1
27
39.4181 255.849
39.4129 255.84
39.4049 255.826
39.4059 255.818
39.4106 255.807
39.4178 255.8
39.4324 255.786
39.436 255.783
39.4397 255.78
39.4469 255.773
39.4605 255.768
39.4704 255.766
39.4704 255.766
39.4793 255.771
39.482 255.776
39.4846 255.781
39.4926 255.794
39.4952 255.799
39.4942 255.807
39.4932 255.815
39.4777 255.836
39.4704 255.843
39.4558 255.857
39.4386 255.865
39.4324 255.864
39.4261 255.863
39.4181 255.849
SUA6_3

0
45002 60003 85860 85920
0 0 0 1
32
39.4271 255.855
39.4191 255.841
39.4139 255.832
39.4148 255.824
39.4195 255.812
39.4304 255.802
39.434 255.799
39.4595 255.776
39.4668 255.769
39.4704 255.766
39.4704 255.766
39.4803 255.763
39.4803 255.763
39.4866 255.765
39.4929 255.766
39.4955 255.771
39.4982 255.775
39.5088 255.794
39.5114 255.798
39.514 255.803
39.5131 255.811
39.5121 255.819
39.5121 255.819
39.5038 255.834
39.5038 255.834
39.4929 255.844
39.482 255.854
39.4747 255.86
39.4538 255.873
39.4439 255.875
39.4376 255.873
39.4271 255.855
SUA7_0

0
0 15000 85920 85980
0 0 0 1
22
39.2072 255.888
39.1992 255.874
39.1966 255.87
39.2002 255.866
39.2039 255.863
39.2075 255.86
39.3292 255.839
39.3616 255.838
39.3642 255.842
39.3487 255.864
39.3451 255.867
39.3414 255.87
39.317 255.886
39.2789 255.907
39.269 255.909
39.2492 255.913
39.2429 255.912
39.2303 255.909
39.2151 255.902
39.2125 255.898
39.2098 255.893
39.2072 255.888
SUA7_1

0
15000 30001 85920 85980
0 0 0 1
34
39.1827 255.904
39.1801 255.899
39.1774 255.895
39.1748 255.89
39.1748 255.89
39.1741 255.869
39.1771 255.845
39.1781 255.838
39.19 255.819
39.1936 255.816
39.2009 255.809
39.2108 255.807
39.4178 255.8
39.4304 255.802
39.433 255.807
39.4357 255.812
39.44 255.829
39.439 255.837
39.4353 255.84
39.4317 255.844
39.4171 255.857
39.4099 255.864
39.3755 255.881
39.3312 255.901
39.2868 255.921
39.2733 255.926
39.2597 255.932
39.2399 255.936
39.2111 255.934
39.2022 255.928
39.1933 255.922
39.1906 255.918
39.1853 255.908
39.1827 255.904
SUA7_2

0
30001 45002 85920 85980
0 0 0 1
36
39.191 255.889
39.1883 255.885
39.184 255.867
39.185 255.859
39.186 255.851
39.1907 255.84
39.2016 255.83
39.2052 255.827
39.2088 255.823
39.2125 255.82
39.2261 255.814
39.3253 255.794
39.3352 255.791
39.355 255.787
39.4397 255.78
39.4522 255.782
39.4575 255.792
39.4707 255.815
39.4724 255.827
39.4714 255.835
39.4595 255.853
39.4522 255.86
39.4486 255.863
39.4277 255.875
39.3798 255.898
39.3011 255.936
39.2875 255.941
39.2776 255.943
39.2515 255.946
39.2515 255.946
39.23 255.938
39.221 255.932
39.221 255.932
39.2095 255.921
39.1963 255.898
39.191 255.889
SUA7_3

0
45002 60003 85920 85980
0 0 0 1
26
39.2925 255.901
39.2819 255.883
39.2819 255.883
39.2819 255.883
39.2855 255.88
39.3183 255.849
39.3292 255.839
39.3573 255.82
39.3745 255.812
39.4559 255.779
39.4621 255.78
39.4711 255.786
39.4816 255.805
39.4869 255.814
39.4922 255.823
39.4939 255.836
39.4902 255.839
39.4757 255.852
39.4502 255.876
39.433 255.885
39.3579 255.919
39.3209 255.932
39.311 255.934
39.3083 255.929
39.3057 255.924
39.2925 255.901
SUA8_1

0
15000 30001 85980 86040
0 0 0 1
29
39.185 255.859
39.1797 255.85
39.1807 255.842
39.1817 255.834
39.1864 255.823
39.1936 255.816
39.2046 255.806
39.2145 255.804
39.2145 255.804
39.2208 255.805
39.227 255.806
39.227 255.806
39.2323 255.816
39.2323 255.816
39.2376 255.825
39.2403 255.83
39.2403 255.83
39.2419 255.842
39.2409 255.85
39.2399 255.858
39.2326 255.865
39.229 255.868
39.2254 255.872
39.2181 255.878
39.2144 255.882
39.2082 255.88
39.1956 255.878
39.193 255.873
39.185 255.859
SUA8_2

0
30001 45002 85980 86040
0 0 0 1
26
39.2088 255.901
39.2035 255.892
39.2009 255.887
39.1982 255.882
39.1877 255.864
39.186 255.851
39.1907 255.84
39.1943 255.837
39.2016 255.83
39.2161 255.817
39.2198 255.813
39.2333 255.808
39.2495 255.807
39.3084 255.851
39.3084 255.851
39.311 255.856
39.311 255.856
39.311 255.856
39.3027 255.871
39.2955 255.877
39.27 255.901
39.2627 255.908
39.222 255.924
39.2194 255.919
39.2115 255.906
39.2088 255.901
