SUA0_0

0
0 15000 72900 72960
0 0 0 1
29
31.928 257.849
31.9244 257.846
31.9235 257.838
31.9226 257.83
31.9371 257.787
31.9425 257.777
31.9614 257.746
31.9669 257.736
31.9669 257.736
31.9669 257.736
31.9705 257.74
31.9776 257.747
31.9884 257.757
31.9956 257.764
32.0028 257.771
32.0064 257.774
32.0064 257.774
32.0064 257.774
32.0109 257.786
32.0117 257.794
32.0099 257.806
31.9964 257.829
31.991 257.838
31.9801 257.856
31.9693 257.875
31.9666 257.879
31.9603 257.88
31.9531 257.873
31.928 257.849
SUA1_0

0
0 15000 72960 73020
0 0 0 1
33
31.8621 257.951
31.8586 257.947
31.8577 257.939
31.8568 257.931
31.8586 257.919
31.8658 257.897
31.8758 257.871
31.8839 257.857
31.892 257.844
31.8947 257.839
31.9542 257.767
31.9542 257.767
31.974 257.772
31.9776 257.775
31.9991 257.796
32.0063 257.803
32.0072 257.811
32.0072 257.811
32.0045 257.815
31.9964 257.829
31.9801 257.856
31.9666 257.879
31.9531 257.902
31.9477 257.911
31.945 257.916
31.945 257.916
31.9251 257.939
31.9161 257.945
31.9071 257.951
31.8981 257.957
31.8918 257.958
31.8657 257.954
31.8621 257.951
SUA1_1

0
15000 30001 72960 73020
0 0 0 1
35
31.836 257.976
31.8324 257.972
31.8315 257.964
31.8298 257.948
31.8298 257.948
31.8316 257.936
31.8334 257.923
31.8398 257.894
31.8452 257.884
31.8479 257.88
31.8506 257.875
31.8623 257.865
31.9487 257.805
31.9488 257.805
31.9523 257.808
31.9559 257.812
31.9559 257.812
31.9811 257.836
31.9883 257.843
31.9883 257.843
31.9883 257.843
31.9856 257.847
31.9801 257.856
31.9639 257.884
31.9287 257.943
31.926 257.947
31.9233 257.952
31.9116 257.962
31.9026 257.968
31.8846 257.979
31.8756 257.985
31.8603 257.992
31.854 257.993
31.8504 257.99
31.836 257.976
SUA1_2

0
30001 45002 72960 73020
0 0 0 1
31
31.8558 257.98
31.8522 257.977
31.8414 257.967
31.8405 257.959
31.8397 257.951
31.8388 257.943
31.8379 257.935
31.8397 257.922
31.8424 257.918
31.8532 257.899
31.8712 257.888
31.9109 257.869
31.918 257.876
31.9504 257.906
31.9504 257.906
31.9477 257.911
31.945 257.916
31.9395 257.925
31.9368 257.929
31.9287 257.943
31.9233 257.952
31.9179 257.961
31.9071 257.979
31.9044 257.984
31.9017 257.989
31.8926 257.994
31.8864 257.995
31.8801 257.996
31.8666 257.991
31.863 257.987
31.8558 257.98
SUA2_0

0
0 15000 73020 73080
0 0 0 1
14
31.9451 257.859
31.9415 257.855
31.9307 257.845
31.9334 257.84
31.9496 257.841
31.9568 257.848
31.9711 257.862
31.9747 257.865
31.9666 257.879
31.9666 257.879
31.963 257.876
31.9594 257.872
31.9558 257.869
31.9451 257.859
SUA2_1

0
15000 30001 73020 73080
0 0 0 1
24
31.8351 257.996
31.8315 257.993
31.827 257.981
31.8261 257.973
31.8271 257.953
31.8289 257.94
31.8388 257.914
31.8415 257.91
31.8469 257.9
31.8497 257.896
31.9406 257.819
31.9514 257.829
31.955 257.832
31.9747 257.865
31.972 257.87
31.9693 257.875
31.9558 257.897
31.9504 257.906
31.945 257.916
31.9314 257.938
31.9287 257.943
31.8666 257.991
31.8486 258.002
31.8351 257.996
SUA2_2

0
30001 45002 73020 73080
0 0 0 1
32
31.8251 258.023
31.8215 258.019
31.8171 258.008
31.8162 258
31.8135 257.976
31.8135 257.976
31.8172 257.951
31.8199 257.946
31.8226 257.941
31.8253 257.937
31.8334 257.923
31.8415 257.91
31.8559 257.895
31.9109 257.869
31.9145 257.872
31.9216 257.879
31.9288 257.886
31.9324 257.889
31.9468 257.903
31.9504 257.906
31.9504 257.906
31.9477 257.911
31.9341 257.934
31.9098 257.975
31.9044 257.984
31.9017 257.989
31.8638 258.024
31.8548 258.029
31.8458 258.035
31.8359 258.033
31.8323 258.029
31.8251 258.023
SUA2_3

0
45002 60003 73020 73080
0 0 0 1
28
31.8521 258.034
31.8305 258.013
31.827 258.01
31.8261 258.002
31.8279 257.989
31.8333 257.98
31.8468 257.958
31.8495 257.953
31.8694 257.929
31.8838 257.914
31.8838 257.914
31.8838 257.914
31.8838 257.914
31.8874 257.918
31.9089 257.938
31.9161 257.945
31.9233 257.952
31.9233 257.952
31.9233 257.952
31.9233 257.952
31.9179 257.961
31.9125 257.97
31.9044 257.984
31.8746 258.034
31.8719 258.039
31.8692 258.043
31.8593 258.041
31.8521 258.034
SUA3_1

0
15000 30001 73080 73140
0 0 0 1
21
31.8928 257.909
31.8892 257.905
31.8892 257.905
31.8919 257.901
31.9136 257.864
31.9163 257.86
31.919 257.855
31.9388 257.831
31.9424 257.835
31.9532 257.845
31.9604 257.852
31.9675 257.859
31.9747 257.865
31.9693 257.875
31.9666 257.879
31.9287 257.943
31.9287 257.943
31.9215 257.936
31.9179 257.933
31.9108 257.926
31.8928 257.909
SUA3_2

0
30001 45002 73080 73140
0 0 0 1
23
31.8684 257.95
31.8648 257.946
31.8648 257.946
31.8648 257.946
31.8648 257.946
31.8675 257.942
31.8838 257.914
31.9027 257.882
31.9109 257.869
31.9109 257.869
31.9145 257.872
31.9252 257.882
31.9432 257.9
31.9504 257.906
31.9504 257.906
31.9477 257.911
31.9125 257.97
31.9071 257.979
31.9044 257.984
31.9044 257.984
31.9044 257.984
31.9044 257.984
31.8684 257.95
SUA3_3

0
45002 60003 73080 73140
0 0 0 1
29
31.8468 257.986
31.8432 257.983
31.8432 257.983
31.8432 257.983
31.8432 257.983
31.854 257.964
31.873 257.932
31.8811 257.919
31.8838 257.914
31.8838 257.914
31.8838 257.914
31.8838 257.914
31.8874 257.918
31.9054 257.935
31.9125 257.942
31.9197 257.949
31.9233 257.952
31.9233 257.952
31.9179 257.961
31.9017 257.989
31.8881 258.011
31.8854 258.016
31.8827 258.02
31.8827 258.02
31.8827 258.02
31.8827 258.02
31.8791 258.017
31.854 257.993
31.8468 257.986
SUA4_1

0
15000 30001 73140 73200
0 0 0 1
16
31.8928 257.909
31.8892 257.905
31.8919 257.901
31.8946 257.896
31.8973 257.891
31.9 257.887
31.9036 257.89
31.9072 257.894
31.9108 257.897
31.9144 257.901
31.9189 257.912
31.9135 257.921
31.9108 257.926
31.9072 257.922
31.9036 257.919
31.8928 257.909
SUA4_2

0
30001 45002 73140 73200
0 0 0 1
21
31.872 257.953
31.8648 257.946
31.8648 257.946
31.8648 257.946
31.8676 257.942
31.8703 257.937
31.8946 257.896
31.8973 257.891
31.9081 257.902
31.9153 257.909
31.9189 257.912
31.9225 257.916
31.9341 257.934
31.9287 257.943
31.9206 257.957
31.9071 257.979
31.9044 257.984
31.9044 257.984
31.9008 257.981
31.8972 257.977
31.872 257.953
SUA4_3

0
45002 60003 73140 73200
0 0 0 1
22
31.8827 258.02
31.8504 257.99
31.8468 257.986
31.8432 257.983
31.8432 257.983
31.8432 257.983
31.8459 257.978
31.854 257.964
31.8838 257.914
31.8874 257.918
31.891 257.921
31.8946 257.925
31.9018 257.931
31.9161 257.945
31.9233 257.952
31.9233 257.952
31.9206 257.957
31.8854 258.016
31.8827 258.02
31.8827 258.02
31.8827 258.02
31.8827 258.02
SUA5_3

0
45002 60003 73200 73260
0 0 0 1
12
31.8647 258.003
31.8468 257.986
31.8432 257.983
31.8486 257.974
31.8513 257.969
31.8711 257.974
31.8747 257.977
31.8819 257.984
31.8962 257.998
31.8827 258.02
31.8755 258.014
31.8647 258.003
SUA6_1

0
15000 30001 73260 73320
0 0 0 1
20
31.67 258.274
31.6664 258.271
31.6655 258.263
31.6646 258.255
31.6754 258.237
31.6809 258.228
31.6836 258.223
31.6989 258.216
31.7025 258.22
31.706 258.223
31.7096 258.227
31.7078 258.239
31.706 258.252
31.7033 258.256
31.6979 258.265
31.6925 258.274
31.6898 258.279
31.6835 258.28
31.6736 258.278
31.67 258.274
SUA6_2

0
30001 45002 73260 73320
0 0 0 1
27
31.678 258.289
31.6709 258.282
31.6601 258.272
31.6592 258.264
31.661 258.251
31.6664 258.242
31.6773 258.224
31.68 258.22
31.6827 258.215
31.6881 258.206
31.6998 258.196
31.7088 258.19
31.7088 258.19
31.7187 258.192
31.7223 258.196
31.7259 258.199
31.7367 258.209
31.7402 258.213
31.7411 258.221
31.742 258.229
31.7321 258.255
31.7267 258.264
31.7158 258.282
31.7014 258.297
31.6951 258.298
31.6888 258.3
31.678 258.289
SUA6_3

0
45002 60003 73260 73320
0 0 0 1
32
31.6879 258.292
31.6772 258.281
31.67 258.274
31.6691 258.266
31.6709 258.254
31.679 258.24
31.6817 258.236
31.7007 258.204
31.7061 258.195
31.7088 258.19
31.7088 258.19
31.7178 258.184
31.7178 258.184
31.7241 258.183
31.7304 258.182
31.734 258.185
31.7376 258.189
31.752 258.203
31.7556 258.206
31.7591 258.21
31.76 258.218
31.7609 258.226
31.7609 258.226
31.7564 258.243
31.7564 258.243
31.7483 258.256
31.7401 258.27
31.7347 258.279
31.7176 258.298
31.7086 258.304
31.7023 258.305
31.6879 258.292
SUA7_0

0
0 15000 73320 73380
0 0 0 1
22
31.4854 258.405
31.4746 258.395
31.471 258.391
31.4737 258.387
31.4764 258.382
31.4791 258.378
31.5908 258.313
31.6214 258.299
31.625 258.303
31.615 258.329
31.6123 258.334
31.6096 258.338
31.5898 258.362
31.5582 258.396
31.5492 258.402
31.5312 258.413
31.5249 258.414
31.5123 258.417
31.4961 258.415
31.4925 258.412
31.4889 258.409
31.4854 258.405
SUA7_1

0
15000 30001 73320 73380
0 0 0 1
34
31.4655 258.429
31.4619 258.426
31.4583 258.422
31.4548 258.419
31.4547 258.419
31.4494 258.399
31.4467 258.375
31.4458 258.367
31.4531 258.346
31.4558 258.341
31.4612 258.332
31.4702 258.326
31.6664 258.242
31.679 258.24
31.6826 258.244
31.6862 258.247
31.6943 258.262
31.6952 258.27
31.6925 258.274
31.6898 258.279
31.6789 258.297
31.6735 258.306
31.6447 258.336
31.6068 258.371
31.569 258.406
31.5573 258.417
31.5456 258.427
31.5276 258.438
31.4997 258.447
31.4898 258.445
31.4799 258.443
31.4763 258.439
31.4691 258.432
31.4655 258.429
SUA7_2

0
30001 45002 73320 73380
0 0 0 1
36
31.47 258.412
31.4665 258.408
31.4584 258.394
31.4575 258.386
31.4566 258.378
31.4584 258.365
31.4666 258.351
31.4693 258.347
31.472 258.342
31.4747 258.338
31.4864 258.327
31.5764 258.271
31.5854 258.265
31.6035 258.254
31.6827 258.215
31.6953 258.213
31.7025 258.22
31.7204 258.237
31.7249 258.248
31.7258 258.256
31.7185 258.278
31.7131 258.287
31.7104 258.292
31.6933 258.311
31.6527 258.351
31.5861 258.416
31.5744 258.426
31.5654 258.432
31.5411 258.444
31.5411 258.444
31.5186 258.444
31.5087 258.442
31.5087 258.442
31.4952 258.436
31.4772 258.419
31.47 258.412
SUA7_3

0
45002 60003 73320 73380
0 0 0 1
26
31.5699 258.386
31.5556 258.372
31.5556 258.372
31.5556 258.372
31.5583 258.368
31.5826 258.327
31.5908 258.313
31.6133 258.284
31.6277 258.27
31.698 258.208
31.7043 258.207
31.7142 258.209
31.7285 258.223
31.7357 258.23
31.7429 258.237
31.7474 258.248
31.7447 258.253
31.7338 258.271
31.7149 258.303
31.7005 258.318
31.6365 258.378
31.6041 258.404
31.5951 258.41
31.5915 258.407
31.5879 258.403
31.5699 258.386
SUA8_1

0
15000 30001 73380 73440
0 0 0 1
29
31.4575 258.386
31.4503 258.379
31.4494 258.371
31.4485 258.363
31.4504 258.35
31.4558 258.341
31.4639 258.327
31.4729 258.322
31.4729 258.322
31.4792 258.321
31.4855 258.319
31.4855 258.319
31.4927 258.326
31.4927 258.326
31.4999 258.333
31.5035 258.337
31.5035 258.337
31.5079 258.348
31.5088 258.356
31.5097 258.364
31.5043 258.373
31.5016 258.378
31.4989 258.382
31.4935 258.391
31.4908 258.396
31.4845 258.397
31.4719 258.399
31.4683 258.396
31.4575 258.386
SUA8_2

0
30001 45002 73380 73440
0 0 0 1
26
31.4898 258.417
31.4826 258.41
31.4791 258.406
31.4755 258.403
31.4611 258.389
31.4566 258.378
31.4584 258.365
31.4611 258.36
31.4666 258.351
31.4774 258.333
31.4801 258.329
31.4918 258.318
31.5071 258.312
31.5736 258.332
31.5736 258.332
31.5772 258.336
31.5772 258.336
31.5772 258.336
31.5727 258.353
31.5673 258.362
31.5483 258.394
31.5429 258.403
31.5078 258.434
31.5042 258.43
31.4934 258.42
31.4898 258.417
