SUA0_0

0
0 15000 58800 58860
0 0 0 1
36
37.7647 286.526
37.7304 286.571
37.7179 286.587
37.7148 286.591
37.7116 286.595
37.7085 286.599
37.7054 286.604
37.4858 286.826
37.401 286.905
37.3472 286.926
37.3409 286.926
37.3249 286.923
37.3217 286.919
37.3179 286.875
37.3177 286.858
37.3176 286.85
37.3505 286.7
37.3566 286.684
37.3784 286.647
37.5249 286.43
37.5405 286.409
37.5624 286.381
37.5749 286.364
37.5874 286.348
37.5967 286.336
37.5999 286.331
37.6884 286.297
37.7423 286.284
37.7423 286.284
37.7456 286.288
37.7779 286.328
37.8107 286.399
37.8108 286.408
37.7956 286.46
37.7741 286.513
37.7647 286.526
SUA0_1

0
15000 30001 58800 58860
0 0 0 1
37
37.74 286.575
37.7368 286.579
37.7306 286.587
37.4166 286.884
37.4009 286.897
37.3222 286.959
37.2748 286.98
37.2716 286.976
37.2683 286.972
37.2675 286.908
37.3787 286.671
37.4345 286.565
37.5339 286.393
37.5339 286.393
37.5433 286.381
37.5714 286.344
37.5777 286.336
37.5808 286.332
37.5839 286.328
37.5839 286.328
37.6851 286.285
37.7486 286.276
37.7518 286.28
37.7648 286.296
37.7842 286.319
37.8202 286.395
37.8203 286.403
37.8203 286.403
37.8053 286.472
37.7868 286.513
37.7837 286.517
37.7806 286.521
37.7775 286.525
37.7743 286.529
37.7681 286.538
37.765 286.542
37.74 286.575
SUA0_2

0
30001 45002 58800 58860
0 0 0 1
32
37.7492 286.554
37.7399 286.566
37.7367 286.571
37.7336 286.575
37.325 286.931
37.2747 286.972
37.2715 286.968
37.2682 286.964
37.2618 286.956
37.2617 286.948
37.2707 286.912
37.28 286.891
37.4255 286.602
37.5248 286.422
37.5434 286.389
37.5465 286.385
37.5528 286.377
37.5715 286.352
37.5746 286.348
37.5778 286.344
37.5872 286.34
37.679 286.301
37.7423 286.284
37.7617 286.308
37.765 286.312
37.7779 286.328
37.8042 286.391
37.8108 286.408
37.8078 286.42
37.7742 286.521
37.768 286.53
37.7492 286.554
SUA0_3

0
45002 60003 58800 58860
0 0 0 1
38
37.6387 286.609
37.6105 286.646
37.6074 286.65
37.5604 286.704
37.5385 286.724
37.5165 286.745
37.328 286.919
37.2872 286.956
37.2777 286.96
37.2745 286.956
37.2712 286.952
37.268 286.948
37.2648 286.944
37.2647 286.936
37.2831 286.887
37.2955 286.863
37.4318 286.602
37.4381 286.593
37.4599 286.565
37.4631 286.561
37.4662 286.556
37.5225 286.491
37.5539 286.458
37.579 286.433
37.686 286.35
37.6892 286.354
37.7054 286.374
37.7183 286.389
37.7248 286.397
37.7248 286.397
37.7127 286.446
37.7036 286.474
37.6944 286.503
37.679 286.54
37.6698 286.56
37.6574 286.584
37.6543 286.589
37.6387 286.609
SUA1_1

0
15000 30001 58860 58920
0 0 0 1
21
33.6078 291.388
33.6047 291.393
33.0902 291.912
32.9956 291.971
32.9924 291.967
32.9891 291.955
33.0233 291.902
33.0733 291.836
33.0764 291.832
33.1578 291.733
33.3017 291.561
33.5305 291.317
33.5682 291.284
33.6219 291.255
33.6314 291.251
33.6442 291.258
33.6474 291.262
33.6476 291.271
33.6445 291.283
33.611 291.384
33.6078 291.388
SUA1_2

0
30001 45002 58860 58920
0 0 0 1
30
34.3595 290.77
34.3501 290.783
33.8835 291.314
33.2133 292.071
33.0059 292.253
32.7387 292.481
32.3912 292.659
32.3438 292.68
32.2802 292.681
32.277 292.677
32.4867 292.196
32.4992 292.18
32.8686 291.752
33.6832 290.854
34.1031 290.401
34.7022 289.786
35.0034 289.719
35.0098 289.719
35.013 289.723
35.0227 289.735
35.0292 289.742
35.0324 289.746
35.0325 289.755
35.0296 289.775
34.7994 290.151
34.7217 290.278
34.3845 290.738
34.3751 290.75
34.372 290.754
34.3595 290.77
SUA1_3

0
45002 60003 58860 58920
0 0 0 1
37
35.2943 289.591
35.2661 289.628
35.2599 289.636
35.2568 289.641
35.2536 289.645
35.2505 289.649
34.6037 290.491
34.3879 290.758
34.0185 291.186
33.2133 292.071
32.9155 292.389
32.7461 292.562
32.2689 293.016
32.1338 293.136
32.0707 293.17
31.7225 293.291
31.6876 293.296
31.6843 293.292
31.6934 293.255
31.8691 292.852
31.8722 292.848
31.8878 292.827
31.9035 292.807
32.1069 292.564
34.0524 290.41
34.554 289.882
36.2351 288.158
36.2794 288.141
36.308 288.144
36.3368 288.156
36.3401 288.159
36.3433 288.163
36.3435 288.18
36.328 288.208
35.3817 289.476
35.3755 289.485
35.2943 289.591
