SUA0_0

0
0 15000 71400 71460
0 0 0 1
29
31.9854 257.779
31.9854 257.785
31.9809 257.791
31.9764 257.796
31.9404 257.808
31.9314 257.808
31.9 257.808
31.891 257.808
31.891 257.808
31.891 257.808
31.891 257.802
31.891 257.791
31.891 257.774
31.891 257.762
31.891 257.751
31.891 257.745
31.891 257.745
31.891 257.745
31.8955 257.734
31.9 257.728
31.909 257.722
31.9314 257.722
31.9404 257.722
31.9584 257.722
31.9764 257.722
31.9809 257.722
31.9854 257.728
31.9854 257.739
31.9854 257.779
SUA1_0

0
0 15000 71460 71520
0 0 0 1
33
32.0888 257.785
32.0888 257.791
32.0844 257.796
32.0799 257.802
32.0709 257.808
32.0529 257.814
32.0304 257.819
32.0169 257.819
32.0034 257.819
31.9989 257.819
31.9179 257.802
31.9179 257.802
31.909 257.779
31.9089 257.774
31.9089 257.739
31.909 257.728
31.9134 257.722
31.9135 257.722
31.9179 257.722
31.9314 257.722
31.9584 257.722
31.9809 257.722
32.0034 257.722
32.0124 257.722
32.0169 257.722
32.0169 257.722
32.0439 257.728
32.0529 257.734
32.0619 257.739
32.0709 257.745
32.0754 257.751
32.0888 257.779
32.0888 257.785
SUA1_1

0
15000 30001 71460 71520
0 0 0 1
35
32.1203 257.796
32.1203 257.802
32.1158 257.808
32.1068 257.819
32.1068 257.819
32.0978 257.825
32.0888 257.831
32.0664 257.842
32.0574 257.842
32.0529 257.842
32.0484 257.842
32.0349 257.836
31.9449 257.785
31.9449 257.785
31.9449 257.779
31.9449 257.774
31.9449 257.774
31.9449 257.734
31.9449 257.722
31.9449 257.722
31.9449 257.722
31.9494 257.722
31.9584 257.722
31.9854 257.722
32.0439 257.722
32.0484 257.722
32.0529 257.722
32.0664 257.728
32.0754 257.734
32.0933 257.745
32.1023 257.751
32.1158 257.762
32.1203 257.768
32.1203 257.774
32.1203 257.796
SUA1_2

0
30001 45002 71460 71520
0 0 0 1
31
32.1113 257.774
32.1113 257.779
32.1113 257.796
32.1068 257.802
32.1023 257.808
32.0978 257.814
32.0933 257.819
32.0843 257.825
32.0799 257.825
32.0619 257.825
32.0439 257.814
32.0079 257.785
32.0079 257.774
32.0079 257.722
32.0079 257.722
32.0124 257.722
32.0169 257.722
32.0259 257.722
32.0304 257.722
32.0439 257.722
32.0529 257.722
32.0619 257.722
32.0799 257.722
32.0844 257.722
32.0888 257.722
32.0978 257.728
32.1023 257.734
32.1068 257.739
32.1113 257.756
32.1113 257.762
32.1113 257.774
SUA2_0

0
0 15000 71520 71580
0 0 0 1
14
31.9809 257.756
31.9809 257.762
31.9809 257.779
31.9764 257.779
31.9674 257.762
31.9674 257.751
31.9674 257.728
31.9674 257.722
31.9809 257.722
31.9809 257.722
31.9809 257.728
31.9809 257.734
31.9809 257.739
31.9809 257.756
SUA2_1

0
15000 30001 71520 71580
0 0 0 1
24
32.1338 257.785
32.1338 257.791
32.1293 257.802
32.1248 257.808
32.1113 257.819
32.1023 257.825
32.0798 257.831
32.0754 257.831
32.0664 257.831
32.0619 257.831
31.9584 257.785
31.9584 257.768
31.9584 257.762
31.9674 257.722
31.9719 257.722
31.9764 257.722
31.9989 257.722
32.0079 257.722
32.0169 257.722
32.0394 257.722
32.0439 257.722
32.1113 257.756
32.1293 257.768
32.1338 257.785
SUA2_2

0
30001 45002 71520 71580
0 0 0 1
32
32.1563 257.779
32.1563 257.785
32.1518 257.796
32.1473 257.802
32.1338 257.819
32.1338 257.819
32.1158 257.831
32.1113 257.831
32.1068 257.831
32.1023 257.831
32.0888 257.831
32.0753 257.831
32.0574 257.825
32.0079 257.785
32.0079 257.779
32.0079 257.768
32.0079 257.756
32.0079 257.751
32.0079 257.728
32.0079 257.722
32.0079 257.722
32.0124 257.722
32.0349 257.722
32.0754 257.722
32.0843 257.722
32.0888 257.722
32.1338 257.739
32.1428 257.745
32.1518 257.751
32.1563 257.762
32.1563 257.768
32.1563 257.779
SUA2_3

0
45002 60003 71520 71580
0 0 0 1
28
32.1473 257.745
32.1473 257.779
32.1473 257.785
32.1428 257.791
32.1338 257.796
32.1248 257.796
32.1023 257.796
32.0978 257.796
32.0709 257.791
32.0529 257.785
32.0529 257.785
32.0529 257.785
32.0529 257.785
32.0529 257.779
32.0529 257.745
32.0529 257.734
32.0529 257.722
32.0529 257.722
32.0529 257.722
32.0529 257.722
32.0619 257.722
32.0709 257.722
32.0843 257.722
32.1338 257.722
32.1383 257.722
32.1428 257.722
32.1473 257.734
32.1473 257.745
SUA3_1

0
15000 30001 71580 71640
0 0 0 1
21
32.0439 257.779
32.0439 257.785
32.0439 257.785
32.0394 257.785
32.0034 257.785
31.9989 257.785
31.9944 257.785
31.9674 257.779
31.9674 257.774
31.9674 257.756
31.9674 257.745
31.9674 257.734
31.9674 257.722
31.9764 257.722
31.9809 257.722
32.0439 257.722
32.0439 257.722
32.0439 257.734
32.0439 257.739
32.0439 257.751
32.0439 257.779
SUA3_2

0
30001 45002 71580 71640
0 0 0 1
23
32.0844 257.779
32.0844 257.785
32.0844 257.785
32.0844 257.785
32.0843 257.785
32.0799 257.785
32.0529 257.785
32.0214 257.785
32.0079 257.785
32.0079 257.785
32.0079 257.779
32.0079 257.762
32.0079 257.734
32.0079 257.722
32.0079 257.722
32.0124 257.722
32.0709 257.722
32.0799 257.722
32.0843 257.722
32.0844 257.722
32.0844 257.722
32.0844 257.722
32.0844 257.779
SUA3_3

0
45002 60003 71580 71640
0 0 0 1
29
32.1203 257.779
32.1203 257.785
32.1203 257.785
32.1203 257.785
32.1203 257.785
32.1023 257.785
32.0709 257.785
32.0574 257.785
32.0529 257.785
32.0529 257.785
32.0529 257.785
32.0529 257.785
32.0529 257.779
32.0529 257.751
32.0529 257.739
32.0529 257.728
32.0529 257.722
32.0529 257.722
32.0619 257.722
32.0888 257.722
32.1113 257.722
32.1158 257.722
32.1203 257.722
32.1203 257.722
32.1203 257.722
32.1203 257.722
32.1203 257.728
32.1203 257.768
32.1203 257.779
SUA4_1

0
15000 30001 71640 71700
0 0 0 1
16
32.0439 257.779
32.0439 257.785
32.0394 257.785
32.0349 257.785
32.0304 257.785
32.0259 257.785
32.0259 257.779
32.0259 257.774
32.0259 257.768
32.0259 257.762
32.0304 257.751
32.0394 257.751
32.0439 257.751
32.0439 257.756
32.0439 257.762
32.0439 257.779
SUA4_2

0
30001 45002 71640 71700
0 0 0 1
21
32.0844 257.774
32.0844 257.785
32.0844 257.785
32.0843 257.785
32.0799 257.785
32.0754 257.785
32.0349 257.785
32.0304 257.785
32.0304 257.768
32.0304 257.756
32.0304 257.751
32.0304 257.745
32.0349 257.722
32.0439 257.722
32.0574 257.722
32.0799 257.722
32.0843 257.722
32.0844 257.722
32.0844 257.728
32.0844 257.734
32.0844 257.774
SUA4_3

0
45002 60003 71640 71700
0 0 0 1
22
32.1203 257.722
32.1203 257.774
32.1203 257.779
32.1203 257.785
32.1203 257.785
32.1203 257.785
32.1158 257.785
32.1023 257.785
32.0529 257.785
32.0529 257.779
32.0529 257.774
32.0529 257.768
32.0529 257.756
32.0529 257.734
32.0529 257.722
32.0529 257.722
32.0574 257.722
32.1158 257.722
32.1203 257.722
32.1203 257.722
32.1203 257.722
32.1203 257.722
SUA5_3

0
45002 60003 71700 71760
0 0 0 1
12
32.1203 257.751
32.1203 257.779
32.1203 257.785
32.1113 257.785
32.1068 257.785
32.0978 257.762
32.0978 257.756
32.0978 257.745
32.0978 257.722
32.1203 257.722
32.1203 257.734
32.1203 257.751
SUA6_1

0
15000 30001 71760 71820
0 0 0 1
20
32.4082 257.785
32.4082 257.791
32.4037 257.796
32.3992 257.802
32.3812 257.802
32.3722 257.802
32.3677 257.802
32.3542 257.791
32.3542 257.785
32.3542 257.779
32.3542 257.774
32.3632 257.768
32.3722 257.762
32.3767 257.762
32.3857 257.762
32.3947 257.762
32.3992 257.762
32.4037 257.768
32.4082 257.779
32.4082 257.785
SUA6_2

0
30001 45002 71760 71820
0 0 0 1
27
32.4127 257.768
32.4127 257.779
32.4127 257.796
32.4082 257.802
32.3992 257.808
32.3902 257.808
32.3722 257.808
32.3677 257.808
32.3632 257.808
32.3542 257.808
32.3407 257.802
32.3317 257.796
32.3317 257.796
32.3272 257.785
32.3272 257.779
32.3272 257.774
32.3272 257.756
32.3272 257.751
32.3317 257.745
32.3362 257.739
32.3587 257.734
32.3677 257.734
32.3857 257.734
32.4037 257.739
32.4082 257.745
32.4127 257.751
32.4127 257.768
SUA6_3

0
45002 60003 71760 71820
0 0 0 1
32
32.4082 257.756
32.4082 257.774
32.4082 257.785
32.4037 257.791
32.3947 257.796
32.3812 257.796
32.3767 257.796
32.3452 257.796
32.3362 257.796
32.3317 257.796
32.3317 257.796
32.3227 257.791
32.3227 257.791
32.3182 257.785
32.3137 257.779
32.3137 257.774
32.3137 257.768
32.3137 257.745
32.3137 257.739
32.3137 257.734
32.3182 257.728
32.3227 257.722
32.3227 257.722
32.3362 257.717
32.3362 257.717
32.3497 257.717
32.3632 257.717
32.3722 257.717
32.3947 257.722
32.4037 257.728
32.4082 257.734
32.4082 257.756
SUA7_0

0
0 15000 71820 71880
0 0 0 1
22
32.6015 257.893
32.6015 257.911
32.6015 257.916
32.597 257.916
32.5925 257.916
32.588 257.916
32.4801 257.842
32.4531 257.819
32.4531 257.814
32.4756 257.808
32.4801 257.808
32.4846 257.808
32.5116 257.814
32.5521 257.825
32.5611 257.831
32.5791 257.842
32.5836 257.848
32.5925 257.859
32.6015 257.876
32.6015 257.882
32.6015 257.888
32.6015 257.893
SUA7_1

0
15000 30001 71820 71880
0 0 0 1
34
32.6285 257.899
32.6285 257.905
32.6285 257.911
32.6285 257.916
32.6285 257.916
32.6195 257.933
32.606 257.951
32.6015 257.956
32.5835 257.962
32.5791 257.962
32.5701 257.962
32.5611 257.956
32.3902 257.808
32.3812 257.796
32.3812 257.791
32.3812 257.785
32.3857 257.768
32.3902 257.762
32.3947 257.762
32.3992 257.762
32.4172 257.762
32.4261 257.762
32.4621 257.774
32.5071 257.791
32.5521 257.808
32.5656 257.814
32.579 257.819
32.597 257.831
32.6195 257.854
32.624 257.865
32.6285 257.876
32.6285 257.882
32.6285 257.893
32.6285 257.899
SUA7_2

0
30001 45002 71820 71880
0 0 0 1
36
32.615 257.905
32.615 257.911
32.6105 257.928
32.606 257.933
32.6015 257.939
32.5925 257.945
32.5791 257.945
32.5746 257.945
32.5701 257.945
32.5656 257.945
32.5521 257.939
32.4621 257.882
32.4531 257.876
32.4351 257.865
32.3632 257.808
32.3542 257.796
32.3542 257.785
32.3542 257.756
32.3587 257.745
32.3632 257.739
32.3812 257.734
32.3902 257.734
32.3947 257.734
32.4172 257.739
32.4666 257.756
32.5476 257.785
32.5611 257.791
32.5701 257.796
32.5925 257.814
32.5925 257.814
32.606 257.836
32.6105 257.848
32.6105 257.848
32.615 257.865
32.615 257.893
32.615 257.905
SUA7_3

0
45002 60003 71820 71880
0 0 0 1
26
32.5386 257.819
32.5386 257.842
32.5386 257.842
32.5386 257.842
32.5341 257.842
32.4936 257.842
32.4801 257.842
32.4486 257.836
32.4306 257.831
32.3497 257.796
32.3452 257.791
32.3407 257.779
32.3407 257.756
32.3407 257.745
32.3407 257.734
32.3452 257.722
32.3497 257.722
32.3677 257.722
32.3992 257.722
32.4172 257.728
32.4936 257.756
32.5296 257.774
32.5386 257.779
32.5386 257.785
32.5386 257.791
32.5386 257.819
SUA8_1

0
15000 30001 71880 71940
0 0 0 1
29
32.606 257.933
32.606 257.945
32.6015 257.951
32.597 257.956
32.588 257.962
32.5791 257.962
32.5656 257.962
32.5566 257.956
32.5566 257.956
32.5521 257.951
32.5476 257.945
32.5476 257.945
32.5476 257.933
32.5476 257.933
32.5476 257.922
32.5476 257.916
32.5476 257.916
32.5521 257.905
32.5566 257.899
32.5611 257.893
32.5701 257.893
32.5746 257.893
32.579 257.893
32.588 257.893
32.5925 257.893
32.597 257.899
32.606 257.911
32.606 257.916
32.606 257.933
SUA8_2

0
30001 45002 71880 71940
0 0 0 1
26
32.606 257.882
32.606 257.893
32.606 257.899
32.606 257.905
32.606 257.928
32.6015 257.939
32.5925 257.945
32.588 257.945
32.5791 257.945
32.5611 257.945
32.5566 257.945
32.5431 257.939
32.5296 257.928
32.5026 257.848
32.5026 257.848
32.5026 257.842
32.5026 257.842
32.5026 257.842
32.5161 257.836
32.5251 257.836
32.5566 257.836
32.5656 257.836
32.606 257.854
32.606 257.859
32.606 257.876
32.606 257.882
