SUA0_0

0
0 15000 48600 48660
0 0 0 1
25
34.4323 239.482
34.4188 239.459
34.4161 239.455
34.4269 239.444
34.4629 239.41
34.4872 239.394
34.4935 239.396
34.5079 239.41
34.5295 239.447
34.5376 239.461
34.5456 239.474
34.5483 239.479
34.5474 239.487
34.5312 239.517
34.5312 239.517
34.5312 239.517
34.5204 239.527
34.4988 239.547
34.4916 239.554
34.488 239.558
34.488 239.558
34.479 239.552
34.4484 239.51
34.4458 239.505
34.4323 239.482
SUA0_1

0
15000 30001 48600 48660
0 0 0 1
25
34.4431 239.5
34.4161 239.455
34.4197 239.451
34.4233 239.448
34.4557 239.417
34.4773 239.397
34.4872 239.394
34.4989 239.405
34.5016 239.409
34.5043 239.414
34.5124 239.428
34.5286 239.455
34.5393 239.473
34.542 239.478
34.5402 239.494
34.5249 239.515
34.5249 239.515
34.5213 239.519
34.5105 239.529
34.4889 239.55
34.4853 239.553
34.4853 239.553
34.479 239.552
34.4458 239.505
34.4431 239.5
SUA1_0

0
0 15000 48660 48720
0 0 0 1
27
34.096 239.417
34.0942 239.404
34.1014 239.397
34.1149 239.391
34.1472 239.389
34.1634 239.388
34.463 239.382
34.4693 239.383
34.4846 239.39
34.4989 239.405
34.516 239.424
34.5214 239.433
34.5322 239.451
34.5349 239.456
34.542 239.478
34.5366 239.497
34.5213 239.519
34.4889 239.55
34.4853 239.553
34.4718 239.559
34.4655 239.558
34.4529 239.555
34.2578 239.491
34.1526 239.455
34.1283 239.443
34.0987 239.421
34.096 239.417
SUA1_1

0
15000 30001 48660 48720
0 0 0 1
37
33.7173 239.355
33.7245 239.349
33.7281 239.345
33.7389 239.335
33.756 239.326
33.7695 239.32
33.7893 239.316
33.8154 239.312
33.8316 239.311
33.9431 239.319
34.4621 239.361
34.4684 239.362
34.4855 239.382
34.5079 239.41
34.5106 239.415
34.5241 239.438
34.5322 239.452
34.5376 239.461
34.5402 239.465
34.5402 239.465
34.542 239.478
34.542 239.478
34.5213 239.519
34.5177 239.522
34.5105 239.529
34.4961 239.543
34.4925 239.546
34.4781 239.56
34.4709 239.567
34.4574 239.572
34.0033 239.469
33.8909 239.44
33.8387 239.418
33.8234 239.412
33.747 239.377
33.72 239.36
33.7173 239.355
SUA1_2

0
30001 45002 48660 48720
0 0 0 1
31
33.72 239.36
33.7173 239.356
33.7182 239.348
33.73 239.329
33.7336 239.326
33.7678 239.308
33.7776 239.305
33.8325 239.303
33.9099 239.301
33.9324 239.301
33.9674 239.303
34.4657 239.358
34.4855 239.382
34.5052 239.406
34.5079 239.41
34.5133 239.42
34.5295 239.447
34.5349 239.456
34.5375 239.461
34.5375 239.461
34.5366 239.469
34.5366 239.469
34.5204 239.498
34.497 239.535
34.4718 239.559
34.4574 239.572
34.2901 239.546
33.9151 239.481
33.7461 239.385
33.7254 239.369
33.72 239.36
SUA1_3

0
45002 60003 48660 48720
0 0 0 1
29
33.7299 239.358
33.7245 239.349
33.7363 239.33
33.7399 239.327
33.774 239.309
33.8064 239.307
33.9387 239.302
33.9773 239.301
34.4531 239.384
34.4594 239.385
34.4621 239.39
34.4648 239.394
34.4755 239.413
34.4944 239.445
34.5052 239.463
34.5079 239.467
34.5079 239.467
34.4916 239.497
34.4808 239.507
34.4412 239.545
34.4088 239.547
34.309 239.549
34.2739 239.547
34.2362 239.54
33.9223 239.475
33.7497 239.382
33.7407 239.376
33.738 239.372
33.7299 239.358
SUA2_1

0
15000 30001 48720 48780
0 0 0 1
23
33.5797 239.322
33.5744 239.313
33.578 239.31
33.5879 239.307
33.7525 239.301
33.8064 239.307
33.8127 239.308
33.9503 239.341
34.0088 239.364
34.0267 239.375
34.0294 239.38
34.0321 239.385
34.0402 239.398
34.0456 239.407
34.0411 239.419
34.0375 239.422
34.0267 239.432
34.0132 239.438
33.9871 239.442
33.907 239.439
33.7353 239.395
33.5941 239.337
33.5797 239.322
SUA2_2

0
30001 45002 48720 48780
0 0 0 1
33
33.0213 239.232
33.0186 239.228
33.0258 239.192
33.0294 239.189
33.1958 239.195
33.4953 239.217
33.9584 239.298
33.9647 239.299
34.2147 239.361
34.2174 239.365
34.2201 239.37
34.2336 239.393
34.2444 239.411
34.2578 239.434
34.2596 239.447
34.2506 239.469
34.2461 239.481
34.2425 239.484
34.2281 239.498
34.2245 239.501
34.2173 239.508
34.1939 239.516
34.184 239.518
34.1363 239.514
33.9906 239.495
33.7442 239.458
33.4565 239.389
33.4034 239.376
33.3692 239.365
33.1678 239.3
33.0842 239.272
33.033 239.243
33.0213 239.232
SUA2_3

0
45002 60003 48720 48780
0 0 0 1
30
32.3558 239.094
32.3594 239.091
32.363 239.087
32.6599 239.048
33.4755 239.193
33.9216 239.283
34.2174 239.365
34.2453 239.375
34.2849 239.394
34.2965 239.404
34.3019 239.413
34.3235 239.45
34.337 239.473
34.3361 239.481
34.3333 239.505
34.3297 239.508
34.3153 239.522
34.3045 239.532
34.3009 239.536
34.2775 239.544
34.2388 239.545
34.1534 239.533
33.9574 239.505
33.4402 239.419
33.032 239.336
32.8575 239.288
32.4277 239.14
32.3702 239.109
32.3612 239.103
32.3558 239.094
