SUA0_0

0
0 15000 51600 51660
0 0 0 1
28
31.4546 255.277
31.4546 255.283
31.4546 255.289
31.4546 255.289
31.4501 255.3
31.4411 255.306
31.4321 255.306
31.4276 255.306
31.4232 255.306
31.4052 255.3
31.4007 255.295
31.3962 255.289
31.3962 255.289
31.3917 255.26
31.3917 255.249
31.3962 255.209
31.3962 255.209
31.4007 255.209
31.4142 255.209
31.4321 255.209
31.4456 255.209
31.4501 255.209
31.4501 255.209
31.4546 255.232
31.4546 255.238
31.4546 255.26
31.4546 255.266
31.4546 255.277
SUA0_1

0
15000 30001 51600 51660
0 0 0 1
35
31.4546 255.283
31.4546 255.289
31.4546 255.295
31.4546 255.3
31.4501 255.317
31.4411 255.323
31.4366 255.323
31.4276 255.323
31.4186 255.323
31.4142 255.323
31.4097 255.323
31.4052 255.317
31.4007 255.312
31.3962 255.3
31.3917 255.277
31.3917 255.272
31.3917 255.266
31.3917 255.26
31.3917 255.255
31.3962 255.22
31.4007 255.209
31.4007 255.209
31.4007 255.209
31.4007 255.209
31.4052 255.209
31.4411 255.209
31.4456 255.209
31.4501 255.209
31.4501 255.209
31.4501 255.209
31.4501 255.209
31.4546 255.249
31.4546 255.255
31.4546 255.272
31.4546 255.283
SUA0_2

0
30001 45002 51600 51660
0 0 0 1
23
31.4546 255.277
31.4546 255.289
31.4501 255.312
31.4501 255.312
31.4456 255.317
31.4366 255.317
31.4276 255.317
31.4097 255.317
31.4007 255.306
31.3962 255.295
31.3962 255.289
31.3962 255.272
31.3962 255.266
31.3962 255.238
31.3962 255.232
31.4007 255.209
31.4007 255.209
31.4007 255.209
31.4007 255.209
31.4142 255.209
31.4501 255.209
31.4501 255.209
31.4546 255.277
SUA0_3

0
45002 60003 51600 51660
0 0 0 1
32
31.4501 255.243
31.4501 255.26
31.4501 255.266
31.4501 255.272
31.4501 255.277
31.4501 255.277
31.4456 255.283
31.4456 255.283
31.4411 255.283
31.4321 255.283
31.4142 255.283
31.4097 255.283
31.4052 255.283
31.4052 255.283
31.4007 255.277
31.3962 255.272
31.3962 255.272
31.3962 255.255
31.3962 255.232
31.3962 255.226
31.3962 255.226
31.4007 255.209
31.4007 255.209
31.4007 255.209
31.4007 255.209
31.4411 255.209
31.4501 255.209
31.4501 255.209
31.4501 255.209
31.4501 255.209
31.4501 255.215
31.4501 255.243
SUA1_0

0
0 15000 51660 51720
0 0 0 1
33
31.4501 255.266
31.4501 255.272
31.4501 255.272
31.4501 255.272
31.4456 255.272
31.4187 255.272
31.4097 255.272
31.4052 255.272
31.4187 255.272
31.4052 255.272
31.4007 255.272
31.4007 255.272
31.4007 255.272
31.4007 255.266
31.4007 255.249
31.4007 255.232
31.4007 255.266
31.4007 255.232
31.4007 255.215
31.4007 255.209
31.4007 255.209
31.4052 255.209
31.4276 255.209
31.4411 255.209
31.4456 255.209
31.4501 255.209
31.4501 255.209
31.4501 255.209
31.4501 255.209
31.4501 255.215
31.4501 255.226
31.4501 255.232
31.4501 255.266
SUA1_1

0
15000 30001 51660 51720
0 0 0 1
28
31.4501 255.255
31.4501 255.272
31.4501 255.272
31.4501 255.272
31.4456 255.272
31.4321 255.272
31.4276 255.272
31.4232 255.272
31.4007 255.272
31.4456 255.272
31.4097 255.272
31.4052 255.272
31.4007 255.272
31.4007 255.272
31.4007 255.272
31.4007 255.26
31.4007 255.255
31.4007 255.255
31.4007 255.26
31.4007 255.22
31.4007 255.209
31.4007 255.209
31.4007 255.209
31.4187 255.209
31.4456 255.209
31.4501 255.209
31.4501 255.209
31.4501 255.255
SUA1_2

0
30001 45002 51660 51720
0 0 0 1
35
31.4501 255.266
31.4501 255.272
31.4501 255.272
31.4501 255.272
31.4501 255.272
31.4187 255.272
31.4052 255.272
31.4052 255.272
31.4501 255.272
31.4276 255.272
31.4007 255.272
31.4007 255.272
31.4007 255.272
31.4007 255.26
31.4007 255.255
31.4007 255.249
31.4007 255.243
31.4007 255.22
31.4007 255.215
31.4007 255.209
31.4007 255.209
31.4007 255.209
31.4007 255.209
31.4052 255.209
31.4232 255.209
31.4411 255.209
31.4456 255.209
31.4501 255.209
31.4501 255.209
31.4501 255.209
31.4501 255.209
31.4501 255.209
31.4501 255.215
31.4501 255.232
31.4501 255.266
SUA1_3

0
45002 60003 51660 51720
0 0 0 1
28
31.4501 255.26
31.4501 255.266
31.4501 255.272
31.4501 255.272
31.4501 255.272
31.4456 255.272
31.4366 255.272
31.4321 255.272
31.4097 255.272
31.4007 255.272
31.4007 255.272
31.4007 255.272
31.4007 255.272
31.4007 255.272
31.4007 255.266
31.4007 255.26
31.4007 255.232
31.4007 255.215
31.4007 255.209
31.4007 255.209
31.4097 255.209
31.4142 255.209
31.4187 255.209
31.4411 255.209
31.4501 255.209
31.4501 255.209
31.4501 255.215
31.4501 255.26
SUA2_0

0
0 15000 51720 51780
0 0 0 1
31
31.4501 255.249
31.4501 255.26
31.4501 255.272
31.4501 255.272
31.4501 255.272
31.4501 255.272
31.4456 255.272
31.4411 255.272
31.4231 255.272
31.4142 255.272
31.4052 255.272
31.4007 255.272
31.4007 255.272
31.4007 255.272
31.4007 255.272
31.4007 255.26
31.4007 255.238
31.4007 255.209
31.4007 255.209
31.4007 255.209
31.4007 255.209
31.4007 255.209
31.4007 255.209
31.4052 255.209
31.4097 255.209
31.4501 255.209
31.4501 255.209
31.4501 255.209
31.4501 255.209
31.4501 255.215
31.4501 255.249
SUA2_1

0
15000 30001 51720 51780
0 0 0 1
31
31.4501 255.255
31.4501 255.266
31.4501 255.272
31.4501 255.272
31.4501 255.272
31.4501 255.272
31.4501 255.272
31.4366 255.272
31.4052 255.272
31.4007 255.272
31.4007 255.272
31.4007 255.266
31.4007 255.249
31.4007 255.226
31.4007 255.22
31.4007 255.215
31.4007 255.209
31.4007 255.209
31.4007 255.209
31.4007 255.209
31.4007 255.209
31.4366 255.209
31.4456 255.209
31.4501 255.209
31.4501 255.209
31.4501 255.209
31.4501 255.209
31.4501 255.209
31.4501 255.232
31.4501 255.243
31.4501 255.255
SUA2_2

0
30001 45002 51720 51780
0 0 0 1
30
31.4501 255.238
31.4501 255.26
31.4501 255.272
31.4501 255.272
31.4501 255.272
31.4501 255.272
31.4456 255.272
31.4276 255.272
31.4097 255.272
31.4456 255.272
31.4052 255.272
31.4007 255.272
31.4007 255.272
31.4007 255.272
31.4007 255.266
31.4007 255.26
31.4007 255.255
31.4007 255.249
31.4007 255.26
31.4007 255.209
31.4007 255.209
31.4007 255.209
31.4142 255.209
31.4411 255.209
31.4456 255.209
31.4501 255.209
31.4501 255.209
31.4501 255.209
31.4501 255.209
31.4501 255.238
SUA2_3

0
45002 60003 51720 51780
0 0 0 1
39
31.4501 255.249
31.4501 255.26
31.4501 255.272
31.4501 255.272
31.4501 255.272
31.4501 255.272
31.4501 255.272
31.4456 255.272
31.4142 255.272
31.4007 255.272
31.4007 255.272
31.4456 255.272
31.4186 255.272
31.4052 255.272
31.4007 255.272
31.4007 255.272
31.4007 255.272
31.4007 255.272
31.4007 255.249
31.4007 255.238
31.4007 255.226
31.4007 255.22
31.4007 255.249
31.4007 255.209
31.4007 255.209
31.4007 255.209
31.4007 255.209
31.4052 255.209
31.4097 255.209
31.4276 255.209
31.4411 255.209
31.4501 255.209
31.4501 255.209
31.4501 255.209
31.4501 255.209
31.4501 255.215
31.4501 255.22
31.4501 255.226
31.4501 255.249
SUA3_0

0
0 15000 51780 51840
0 0 0 1
26
31.4636 255.266
31.4636 255.283
31.4546 255.3
31.4501 255.306
31.4411 255.312
31.4411 255.312
31.4366 255.312
31.4276 255.312
31.4232 255.312
31.4007 255.306
31.3917 255.289
31.3872 255.272
31.3872 255.249
31.3872 255.243
31.3872 255.238
31.3872 255.226
31.3917 255.209
31.3962 255.203
31.4007 255.203
31.4097 255.203
31.4276 255.203
31.4456 255.203
31.4501 255.209
31.4501 255.209
31.4591 255.243
31.4636 255.266
SUA3_1

0
15000 30001 51780 51840
0 0 0 1
32
31.4681 255.295
31.4681 255.3
31.4681 255.312
31.4501 255.335
31.4501 255.335
31.4366 255.335
31.4276 255.335
31.4187 255.335
31.4142 255.335
31.4097 255.335
31.4007 255.329
31.4007 255.329
31.3917 255.317
31.3827 255.283
31.3827 255.277
31.3827 255.249
31.3872 255.226
31.3917 255.209
31.3962 255.203
31.4007 255.203
31.4142 255.203
31.4411 255.203
31.4456 255.203
31.4456 255.203
31.4501 255.209
31.4501 255.209
31.4636 255.255
31.4681 255.272
31.4681 255.272
31.4681 255.277
31.4681 255.283
31.4681 255.295
SUA3_2

0
30001 45002 51780 51840
0 0 0 1
31
31.4546 255.295
31.4546 255.3
31.4501 255.312
31.4501 255.312
31.4411 255.323
31.4411 255.323
31.4411 255.323
31.4366 255.323
31.4276 255.323
31.4231 255.323
31.4052 255.317
31.4007 255.312
31.3962 255.306
31.3917 255.295
31.3917 255.289
31.3917 255.277
31.3917 255.255
31.3917 255.232
31.3917 255.226
31.3962 255.203
31.4007 255.203
31.4097 255.203
31.4366 255.203
31.4456 255.203
31.4456 255.203
31.4501 255.209
31.4501 255.209
31.4546 255.249
31.4546 255.255
31.4546 255.26
31.4546 255.295
SUA3_3

0
45002 60003 51780 51840
0 0 0 1
21
31.4501 255.255
31.4501 255.266
31.4501 255.272
31.4501 255.272
31.4366 255.277
31.4321 255.277
31.4276 255.277
31.4231 255.277
31.3962 255.272
31.3962 255.266
31.3962 255.238
31.3962 255.209
31.3962 255.203
31.3962 255.203
31.4142 255.203
31.4231 255.203
31.4456 255.203
31.4456 255.203
31.4501 255.209
31.4501 255.22
31.4501 255.255
