SUA0_0

0
0 15000 68400 68460
0 0 0 1
31
33.8421 253.418
33.8097 253.387
33.8061 253.384
33.8025 253.381
33.8279 253.29
33.8306 253.286
33.8495 253.254
33.855 253.245
33.8577 253.24
33.8874 253.219
33.8874 253.219
33.8874 253.219
33.8973 253.221
33.9045 253.228
33.9116 253.235
33.9224 253.245
33.9296 253.252
33.9368 253.259
33.9708 253.334
33.9726 253.379
33.9617 253.397
33.9536 253.411
33.9482 253.42
33.9455 253.424
33.9338 253.435
33.9248 253.44
33.8969 253.449
33.8969 253.449
33.8834 253.444
33.8492 253.425
33.8421 253.418
SUA0_1

0
15000 30001 68400 68460
0 0 0 1
27
33.8124 253.411
33.7908 253.391
33.7836 253.384
33.7801 253.381
33.7801 253.381
33.8126 253.269
33.8153 253.264
33.8181 253.26
33.8316 253.237
33.8424 253.219
33.8811 253.191
33.8847 253.195
33.8919 253.202
33.9278 253.236
33.935 253.243
33.9655 253.286
33.9942 253.342
34.0013 253.378
33.995 253.407
33.9877 253.429
33.985 253.434
33.9706 253.448
33.9337 253.463
33.9121 253.471
33.8717 253.454
33.8232 253.422
33.8124 253.411
SUA0_2

0
30001 45002 68400 68460
0 0 0 1
29
33.842 253.447
33.8384 253.443
33.7864 253.379
33.7882 253.367
33.8027 253.295
33.8126 253.269
33.818 253.26
33.8316 253.237
33.8424 253.219
33.8784 253.196
33.8883 253.198
33.8883 253.198
33.9629 253.262
33.9665 253.266
33.9808 253.279
34.0239 253.349
34.0247 253.386
34.0228 253.427
34.0201 253.431
34.0147 253.441
34.0093 253.45
33.9769 253.476
33.9679 253.481
33.9427 253.486
33.9364 253.487
33.8833 253.472
33.8698 253.466
33.8456 253.45
33.842 253.447
SUA0_3

0
45002 60003 68400 68460
0 0 0 1
26
33.8617 253.48
33.8581 253.477
33.8545 253.473
33.8106 253.424
33.7918 253.342
33.7901 253.297
33.8055 253.262
33.8082 253.257
33.8172 253.252
33.8856 253.231
33.9108 253.227
33.9611 253.246
33.9746 253.252
33.9818 253.259
34.0087 253.299
34.0311 253.356
34.0364 253.376
34.0435 253.411
34.0444 253.447
34.0425 253.489
34.0398 253.493
33.9498 253.521
33.9435 253.523
33.9336 253.52
33.8761 253.494
33.8617 253.48
SUA7_2

0
30001 45002 68820 68880
0 0 0 1
24
33.9041 253.399
33.9006 253.396
33.897 253.392
33.8898 253.385
33.879 253.375
33.8754 253.372
33.8781 253.367
33.889 253.349
33.9267 253.342
33.9303 253.346
33.9411 253.356
33.9447 253.359
33.9447 253.359
33.9447 253.359
33.9366 253.373
33.9339 253.378
33.9203 253.4
33.9176 253.405
33.9149 253.409
33.9149 253.409
33.9149 253.409
33.9113 253.406
33.9077 253.403
33.9041 253.399
SUA7_3

0
45002 60003 68820 68880
0 0 0 1
21
33.9077 253.403
33.897 253.392
33.8898 253.385
33.8754 253.372
33.8754 253.372
33.8781 253.367
33.8835 253.358
33.8862 253.353
33.8971 253.335
33.9052 253.322
33.9088 253.325
33.916 253.332
33.9232 253.339
33.9375 253.352
33.9447 253.359
33.9447 253.359
33.9447 253.359
33.9366 253.373
33.9231 253.396
33.9149 253.409
33.9077 253.403
SUA8_0

0
0 15000 68880 68940
0 0 0 1
18
33.9113 253.406
33.9077 253.403
33.9042 253.399
33.9006 253.396
33.897 253.392
33.8997 253.388
33.9267 253.342
33.9303 253.346
33.9411 253.356
33.9447 253.359
33.9447 253.359
33.9447 253.359
33.9339 253.378
33.9312 253.382
33.9203 253.4
33.9149 253.409
33.9149 253.409
33.9113 253.406
SUA8_1

0
15000 30001 68880 68940
0 0 0 1
24
33.8898 253.385
33.8826 253.379
33.8853 253.374
33.8907 253.365
33.8934 253.36
33.8961 253.356
33.916 253.332
33.9196 253.335
33.9231 253.339
33.9267 253.342
33.9339 253.349
33.9411 253.356
33.9447 253.359
33.9447 253.359
33.9447 253.359
33.942 253.364
33.9285 253.387
33.9203 253.4
33.9176 253.405
33.9149 253.409
33.9149 253.409
33.9149 253.409
33.9113 253.406
33.8898 253.385
SUA8_2

0
30001 45002 68880 68940
0 0 0 1
22
33.8934 253.389
33.8862 253.382
33.8826 253.379
33.879 253.375
33.8754 253.372
33.8781 253.367
33.8808 253.363
33.9088 253.325
33.9232 253.339
33.9267 253.342
33.9375 253.352
33.9447 253.359
33.9447 253.359
33.9447 253.359
33.9366 253.373
33.9176 253.405
33.9149 253.409
33.9149 253.409
33.9149 253.409
33.9149 253.409
33.9149 253.409
33.8934 253.389
SUA8_3

0
45002 60003 68880 68940
0 0 0 1
25
33.9041 253.399
33.8898 253.385
33.8754 253.372
33.8754 253.372
33.8862 253.353
33.8889 253.349
33.8917 253.344
33.9088 253.325
33.9196 253.335
33.9267 253.342
33.9375 253.352
33.9447 253.359
33.9447 253.359
33.9447 253.359
33.9393 253.368
33.9366 253.373
33.9231 253.396
33.9176 253.405
33.9149 253.409
33.9149 253.409
33.9149 253.409
33.9149 253.409
33.9149 253.409
33.9113 253.406
33.9041 253.399
SUA9_0

0
0 15000 68940 69000
0 0 0 1
15
33.9113 253.406
33.9077 253.403
33.9042 253.399
33.9042 253.399
33.9096 253.39
33.915 253.381
33.9411 253.356
33.9447 253.359
33.9393 253.368
33.9366 253.373
33.9312 253.382
33.9258 253.391
33.9149 253.409
33.9149 253.409
33.9113 253.406
SUA9_1

0
15000 30001 68940 69000
0 0 0 1
16
33.9077 253.403
33.9042 253.399
33.9042 253.399
33.9069 253.395
33.9123 253.385
33.9375 253.352
33.9411 253.356
33.9447 253.359
33.9366 253.373
33.9312 253.382
33.9203 253.4
33.9176 253.405
33.9149 253.409
33.9149 253.409
33.9113 253.406
33.9077 253.403
SUA9_2

0
30001 45002 68940 69000
0 0 0 1
16
33.9149 253.409
33.9042 253.399
33.9041 253.399
33.9041 253.399
33.9096 253.39
33.9285 253.358
33.9312 253.354
33.9339 253.349
33.9447 253.359
33.942 253.364
33.9339 253.378
33.9258 253.391
33.9203 253.4
33.9149 253.409
33.9149 253.409
33.9149 253.409
SUA9_3

0
45002 60003 68940 69000
0 0 0 1
16
33.9113 253.406
33.9113 253.406
33.914 253.401
33.9167 253.397
33.9195 253.392
33.9222 253.388
33.9222 253.388
33.9258 253.391
33.9258 253.391
33.9231 253.396
33.9203 253.4
33.9176 253.405
33.9149 253.409
33.9149 253.409
33.9149 253.409
33.9113 253.406
SUA10_0

0
0 15000 69000 69060
0 0 0 1
11
34.0522 253.576
34.0505 253.56
34.0532 253.556
34.0559 253.551
34.0586 253.547
34.0622 253.55
34.073 253.561
34.0648 253.574
34.0621 253.579
34.0558 253.58
34.0522 253.576
SUA10_1

0
15000 30001 69000 69060
0 0 0 1
30
34.0261 253.602
34.0189 253.595
34.0109 253.58
33.9947 253.55
33.9938 253.542
33.9948 253.522
34.0002 253.512
34.0119 253.502
34.0335 253.494
34.0461 253.492
34.0722 253.495
34.0857 253.501
34.0893 253.505
34.0928 253.508
34.1081 253.53
34.1278 253.563
34.1323 253.574
34.1332 253.582
34.1287 253.6
34.1232 253.609
34.1205 253.613
34.1088 253.623
34.0872 253.631
34.0809 253.632
34.071 253.63
34.0611 253.628
34.0441 253.619
34.0405 253.615
34.0369 253.612
34.0261 253.602
SUA10_2

0
30001 45002 69000 69060
0 0 0 1
30
34.0324 253.629
34.0216 253.619
34.018 253.615
34.0063 253.597
33.9867 253.535
33.9885 253.523
33.9939 253.514
33.9966 253.509
34.002 253.5
34.011 253.494
34.02 253.488
34.0326 253.486
34.0389 253.485
34.0749 253.491
34.0848 253.493
34.1019 253.502
34.1054 253.506
34.1126 253.513
34.1315 253.538
34.153 253.587
34.1512 253.6
34.1439 253.621
34.1412 253.626
34.1385 253.63
34.1268 253.641
34.1088 253.652
34.0962 253.654
34.0701 253.651
34.0431 253.639
34.0324 253.629
SUA10_3

0
45002 60003 69000 69060
0 0 0 1
37
34.0063 253.625
33.9991 253.619
33.9902 253.567
33.9893 253.559
33.9884 253.551
33.9858 253.527
33.9885 253.523
33.9912 253.518
33.9993 253.504
34.0047 253.495
34.0074 253.491
34.0227 253.484
34.0443 253.476
34.0857 253.473
34.1091 253.481
34.1127 253.484
34.1163 253.488
34.1199 253.491
34.1378 253.508
34.1495 253.527
34.154 253.538
34.1683 253.58
34.17 253.596
34.1718 253.612
34.1646 253.634
34.1619 253.638
34.1592 253.643
34.1447 253.658
34.1357 253.663
34.1141 253.671
34.1078 253.673
34.0763 253.678
34.0629 253.672
34.0458 253.663
34.035 253.653
34.0314 253.649
34.0063 253.625
SUA11_0

0
0 15000 69060 69120
0 0 0 1
36
34.0135 253.632
34.0027 253.622
33.9991 253.619
33.991 253.604
33.9866 253.592
33.9821 253.581
33.9812 253.573
33.9794 253.557
33.9812 253.544
33.9966 253.509
33.9993 253.504
34.0047 253.495
34.0101 253.486
34.0128 253.482
34.0155 253.477
34.0183 253.473
34.03 253.462
34.0453 253.455
34.0516 253.454
34.0579 253.453
34.0831 253.449
34.0867 253.452
34.1082 253.473
34.1369 253.529
34.1422 253.577
34.1404 253.589
34.1331 253.611
34.125 253.625
34.1223 253.629
34.0971 253.662
34.0908 253.663
34.0683 253.663
34.0485 253.659
34.035 253.653
34.0278 253.646
34.0135 253.632
SUA11_1

0
15000 30001 69060 69120
0 0 0 1
34
34.0125 253.653
34.0053 253.646
33.9928 253.62
33.9758 253.582
33.9758 253.553
33.9776 253.541
33.9795 253.528
33.9894 253.502
33.9921 253.498
33.9948 253.493
34.0147 253.469
34.0237 253.463
34.0417 253.452
34.0606 253.449
34.0938 253.459
34.1046 253.469
34.1226 253.487
34.1262 253.49
34.1387 253.516
34.1521 253.551
34.1521 253.579
34.1511 253.6
34.1484 253.604
34.143 253.613
34.1349 253.627
34.1241 253.645
34.1214 253.65
34.0971 253.662
34.0755 253.67
34.0629 253.672
34.0431 253.668
34.0332 253.665
34.0161 253.656
34.0125 253.653
SUA11_2

0
30001 45002 69060 69120
0 0 0 1
36
34.0116 253.645
34.0081 253.641
34.0045 253.638
33.9919 253.612
33.9812 253.573
33.9812 253.544
33.9831 253.532
33.9876 253.515
33.9903 253.51
33.9957 253.501
34.0011 253.492
34.0155 253.477
34.0245 253.471
34.0336 253.466
34.0552 253.458
34.0615 253.457
34.0678 253.456
34.0839 253.457
34.0974 253.462
34.1226 253.486
34.145 253.515
34.154 253.538
34.1611 253.573
34.161 253.602
34.1565 253.619
34.1511 253.628
34.1403 253.646
34.1376 253.651
34.1196 253.662
34.0826 253.677
34.0764 253.678
34.0467 253.671
34.0332 253.665
34.026 253.659
34.0152 253.648
34.0116 253.645
SUA11_3

0
45002 60003 69060 69120
0 0 0 1
34
34.0233 253.663
34.0197 253.66
34.0045 253.638
33.9964 253.623
33.991 253.604
33.9848 253.576
33.983 253.56
33.9812 253.544
33.9858 253.527
33.993 253.506
33.9957 253.501
34.0011 253.492
34.0218 253.476
34.0434 253.468
34.0776 253.458
34.1109 253.468
34.1217 253.479
34.1289 253.485
34.136 253.492
34.1549 253.517
34.1594 253.529
34.1692 253.56
34.171 253.576
34.1719 253.584
34.1718 253.612
34.1673 253.629
34.151 253.657
34.1483 253.661
34.1303 253.673
34.106 253.685
34.0997 253.686
34.0772 253.686
34.0413 253.68
34.0233 253.663
SUA12_0

0
0 15000 69120 69180
0 0 0 1
33
33.9811 253.601
33.9775 253.598
33.974 253.595
33.9704 253.591
33.9704 253.591
33.9695 253.583
33.993 253.506
34.0011 253.492
34.0174 253.465
34.0228 253.455
34.0516 253.426
34.0615 253.428
34.0723 253.438
34.0938 253.459
34.1199 253.491
34.1378 253.537
34.1378 253.537
34.1395 253.553
34.1404 253.561
34.1386 253.573
34.1295 253.608
34.116 253.63
34.1079 253.644
34.0989 253.65
34.0836 253.656
34.0773 253.658
34.0584 253.661
34.0278 253.646
34.0242 253.643
34.0206 253.639
34.0099 253.629
34.0027 253.622
33.9811 253.601
SUA12_1

0
15000 30001 69120 69180
0 0 0 1
28
33.9479 253.591
33.9479 253.591
33.9769 253.476
34.0039 253.43
34.0066 253.426
34.049 253.402
34.0633 253.416
34.0813 253.433
34.0992 253.45
34.1369 253.529
34.1422 253.548
34.1431 253.556
34.1422 253.577
34.1404 253.589
34.1377 253.594
34.1295 253.608
34.1214 253.621
34.1133 253.635
34.1106 253.639
34.1052 253.649
34.0962 253.654
34.0809 253.661
34.0521 253.662
34.0422 253.66
33.991 253.632
33.9874 253.629
33.9766 253.618
33.9479 253.591
SUA12_2

0
30001 45002 69120 69180
0 0 0 1
32
33.9658 253.608
33.9515 253.594
33.9443 253.588
33.9769 253.476
33.9823 253.467
33.9904 253.453
33.9985 253.439
34.0039 253.43
34.0066 253.426
34.0454 253.398
34.0526 253.405
34.0597 253.412
34.0849 253.436
34.0921 253.443
34.0992 253.45
34.1243 253.502
34.1288 253.514
34.1333 253.525
34.1467 253.56
34.1485 253.576
34.1467 253.588
34.144 253.593
34.1413 253.597
34.1358 253.606
34.1169 253.638
34.1025 253.653
34.0746 253.662
34.0584 253.661
34.0449 253.655
33.9874 253.629
33.9802 253.622
33.9658 253.608
SUA12_3

0
45002 60003 69120 69180
0 0 0 1
36
34.0548 253.658
34.0368 253.64
34.0225 253.627
34.0189 253.623
34.0153 253.62
34.0117 253.616
33.9956 253.587
34.0118 253.531
34.0146 253.526
34.0173 253.522
34.0254 253.508
34.0389 253.485
34.0416 253.481
34.0596 253.469
34.0596 253.469
34.0731 253.475
34.1037 253.49
34.1073 253.493
34.1144 253.5
34.1216 253.507
34.1324 253.517
34.136 253.521
34.153 253.559
34.1575 253.57
34.1584 253.578
34.1539 253.595
34.1511 253.6
34.143 253.613
34.1241 253.645
34.1187 253.654
34.1007 253.666
34.0917 253.671
34.0854 253.672
34.0719 253.667
34.0584 253.661
34.0548 253.658
SUA13_0

0
0 15000 69180 69240
0 0 0 1
30
33.9793 253.614
33.9721 253.607
33.965 253.6
33.9614 253.597
33.9659 253.58
33.9885 253.494
33.9994 253.476
34.0156 253.449
34.0183 253.444
34.0543 253.421
34.0579 253.425
34.0615 253.428
34.0687 253.435
34.0759 253.442
34.101 253.466
34.1046 253.469
34.1046 253.469
34.1378 253.537
34.1387 253.545
34.1359 253.549
34.117 253.581
34.0845 253.636
34.0818 253.64
34.0791 253.645
34.0791 253.645
34.0647 253.66
34.0584 253.661
33.9973 253.631
33.9901 253.624
33.9793 253.614
SUA13_1

0
15000 30001 69180 69240
0 0 0 1
27
33.9739 253.623
33.9559 253.606
33.9452 253.596
33.9452 253.596
33.9497 253.578
33.9769 253.476
33.9796 253.471
33.9904 253.453
34.0039 253.43
34.0066 253.426
34.049 253.402
34.0624 253.408
34.0768 253.421
34.0948 253.438
34.0984 253.442
34.1405 253.532
34.1405 253.532
34.117 253.581
34.1143 253.586
34.0954 253.618
34.0872 253.631
34.0845 253.636
34.062 253.664
34.0557 253.666
33.9811 253.63
33.9775 253.626
33.9739 253.623
SUA13_2

0
30001 45002 69180 69240
0 0 0 1
33
33.9551 253.598
33.9479 253.591
33.9443 253.588
33.9769 253.476
33.9823 253.467
33.9931 253.448
34.0012 253.435
34.0039 253.43
34.0066 253.426
34.0454 253.398
34.0454 253.398
34.049 253.402
34.0705 253.422
34.0885 253.44
34.0921 253.443
34.0957 253.446
34.0992 253.45
34.1369 253.529
34.1134 253.578
34.1107 253.582
34.108 253.587
34.1053 253.591
34.0863 253.623
34.0809 253.632
34.0665 253.647
34.0548 253.658
34.0485 253.659
33.9874 253.629
33.9874 253.629
33.9838 253.625
33.9766 253.618
33.973 253.615
33.9551 253.598
SUA13_3

0
45002 60003 69180 69240
0 0 0 1
24
34.0208 253.582
34.0271 253.552
34.0352 253.539
34.0433 253.525
34.046 253.521
34.0569 253.502
34.0659 253.497
34.0695 253.5
34.0803 253.51
34.1018 253.531
34.1054 253.534
34.1099 253.546
34.1143 253.557
34.1152 253.565
34.1125 253.57
34.1071 253.579
34.1044 253.583
34.0855 253.615
34.0828 253.62
34.0827 253.62
34.0737 253.626
34.0567 253.616
34.0495 253.61
34.0208 253.582
SUA14_0

0
0 15000 69240 69300
0 0 0 1
28
34.0504 253.618
34.0252 253.594
34.0216 253.59
34.0316 253.564
34.0343 253.559
34.037 253.555
34.0586 253.518
34.0641 253.509
34.0731 253.503
34.0731 253.503
34.0767 253.507
34.0803 253.51
34.0838 253.514
34.109 253.538
34.1126 253.541
34.1162 253.545
34.1242 253.56
34.1251 253.568
34.1197 253.577
34.117 253.581
34.0954 253.618
34.0899 253.627
34.0809 253.632
34.0809 253.632
34.071 253.63
34.0611 253.628
34.0576 253.624
34.0504 253.618
