SUA1_0

0
0 60003 83760 83820
0 0 0 1
31
32.5965 237.314
32.6006 237.336
32.6047 237.358
32.5512 237.468
32.2278 237.917
32.0064 238.217
31.754 238.551
31.3956 239.01
31.3205 239.102
31.1392 239.321
31.0156 239.452
30.9672 239.489
30.9497 239.495
30.9105 239.483
30.9064 239.461
30.9198 239.433
30.9466 239.378
31.0001 239.269
31.0135 239.241
31.651 238.394
32.0228 237.908
32.1866 237.694
32.306 237.541
32.4121 237.416
32.4739 237.351
32.5223 237.313
32.5398 237.307
32.5573 237.302
32.5748 237.297
32.5924 237.292
32.5965 237.314
SUA2_0

0
0 60003 83820 83880
0 0 0 1
30
32.4595 237.472
32.4677 237.517
32.4544 237.544
32.441 237.572
32.2103 237.922
32.1217 238.042
32.0774 238.102
32.0331 238.162
31.9003 238.343
31.6789 238.644
31.4708 238.917
31.0239 239.496
30.9044 239.649
30.7849 239.802
30.5285 240.113
30.4976 240.146
30.4358 240.211
30.4049 240.244
30.3874 240.249
30.3173 240.27
30.2998 240.275
30.2957 240.253
30.2833 240.186
30.2926 240.137
30.3503 240.049
30.4697 239.896
32.1289 237.782
32.3719 237.498
32.442 237.477
32.4595 237.472
SUA3_0

0
0 60003 83880 83940
0 0 0 1
29
31.2998 238.991
31.304 239.014
31.3122 239.058
31.1835 239.261
31.0372 239.469
30.8292 239.742
30.7097 239.895
30.201 240.539
30.1392 240.605
30.0866 240.62
30.0691 240.626
30.0516 240.631
30.0125 240.619
30.0042 240.575
30.0001 240.552
29.9919 240.508
30.032 240.426
30.0763 240.365
30.1206 240.305
30.1958 240.212
30.3019 240.087
30.6201 239.71
30.8941 239.394
31.0619 239.203
31.1237 239.138
31.2473 239.007
31.2648 239.002
31.2823 238.997
31.2998 238.991
SUA4_0

0
0 60003 83940 84000
0 0 0 1
33
30.583 239.909
30.5872 239.931
30.5779 239.981
30.5511 240.036
30.511 240.118
30.063 240.792
30.063 240.792
30.0455 240.797
30.0104 240.807
29.9754 240.818
29.9579 240.823
29.9579 240.823
29.8796 240.799
29.8796 240.799
29.858 240.782
29.858 240.782
29.8415 240.694
29.8549 240.666
29.8683 240.639
29.8817 240.611
29.895 240.584
29.9702 240.491
30.1958 240.212
30.1958 240.212
30.2267 240.18
30.3194 240.082
30.4121 239.984
30.4605 239.946
30.5089 239.908
30.5264 239.903
30.5439 239.897
30.5614 239.892
30.583 239.909
SUA5_0

0
0 60003 84000 84060
0 0 0 1
32
30.2195 240.44
30.1968 240.517
30.1474 240.649
30.134 240.677
30.1207 240.704
30.063 240.792
30.063 240.792
30.0455 240.797
30.0104 240.807
29.9929 240.813
29.9754 240.818
29.9579 240.823
29.8796 240.799
29.858 240.782
29.858 240.782
29.858 240.782
29.8539 240.76
29.8497 240.738
29.8456 240.716
29.8415 240.694
29.8374 240.671
29.8508 240.644
29.895 240.584
29.9702 240.491
30.0011 240.458
30.0629 240.393
30.1113 240.355
30.1288 240.35
30.1639 240.339
30.1989 240.329
30.203 240.351
30.2195 240.44
SUA6_0

0
0 60003 84060 84120
0 0 0 1
23
30.0784 240.576
30.0825 240.598
30.0681 240.72
30.0197 240.758
30.0022 240.763
29.9847 240.768
29.9322 240.784
29.9146 240.789
29.858 240.782
29.8539 240.76
29.8415 240.694
29.8374 240.671
29.8374 240.671
29.8508 240.644
29.8508 240.644
29.895 240.584
29.895 240.584
29.9259 240.551
29.9568 240.518
29.9744 240.513
30.0094 240.503
30.0444 240.492
30.0784 240.576
SUA7_0

0
0 60003 84120 84180
0 0 0 1
15
30.0073 240.691
29.994 240.718
29.9764 240.724
29.9239 240.739
29.9064 240.745
29.8889 240.75
29.8848 240.728
29.8765 240.683
29.8683 240.639
29.8817 240.611
29.8992 240.606
29.9692 240.585
29.9908 240.602
29.995 240.624
30.0073 240.691
