SUA0_0

0
0 15000 54000 54060
0 0 0 1
23
37.843 284.679
37.8391 284.682
37.8235 284.694
37.8196 284.697
37.7405 284.728
37.7383 284.723
37.7338 284.713
37.7203 284.684
37.7158 284.674
37.7011 284.619
37.706 284.424
37.7488 284.393
37.7527 284.39
37.7589 284.392
37.798 284.409
37.8762 284.444
37.8785 284.449
37.8942 284.484
37.901 284.499
37.8625 284.665
37.8586 284.668
37.8508 284.674
37.843 284.679
SUA0_1

0
15000 30001 54000 54060
0 0 0 1
27
37.8219 284.701
37.818 284.704
37.7389 284.736
37.7366 284.731
37.7276 284.711
37.7142 284.682
37.6984 284.647
37.6894 284.627
37.7015 284.414
37.7015 284.414
37.7054 284.411
37.7249 284.397
37.7366 284.388
37.7443 284.383
37.7444 284.383
37.7505 284.385
37.8762 284.444
37.8785 284.449
37.8965 284.489
37.8987 284.494
37.9009 284.499
37.9009 284.499
37.8608 284.673
37.8569 284.676
37.8453 284.684
37.8297 284.696
37.8219 284.701
SUA1_0

0
0 15000 54060 54120
0 0 0 1
21
37.6174 285.234
37.6096 285.239
37.6073 285.234
37.6354 284.977
37.696 284.425
37.7115 284.413
37.7388 284.393
37.7427 284.39
37.7466 284.388
37.7527 284.39
37.8512 284.469
37.858 284.484
37.8804 284.533
37.8658 284.65
37.8641 284.657
37.8608 284.673
37.8592 284.681
37.8575 284.689
37.7159 285.016
37.7032 285.045
37.6174 285.234
SUA1_1

0
15000 30001 54060 54120
0 0 0 1
28
37.5219 285.686
37.5063 285.697
37.4924 285.701
37.4901 285.696
37.4879 285.691
37.4714 285.598
37.4776 285.474
37.4803 285.446
37.6814 284.416
37.6831 284.408
37.6948 284.399
37.7026 284.394
37.7103 284.388
37.722 284.379
37.7298 284.374
37.7421 284.378
37.8668 284.458
37.8713 284.468
37.8915 284.512
37.8915 284.512
37.8631 284.678
37.8631 284.678
37.8614 284.686
37.8598 284.693
37.636 285.457
37.5424 285.651
37.5258 285.683
37.5219 285.686
SUA1_2

0
30001 45002 54060 54120
0 0 0 1
28
37.5252 285.67
37.5174 285.676
37.5074 285.677
37.5051 285.672
37.5029 285.667
37.4792 285.592
37.4766 285.495
37.5055 285.296
37.5263 285.182
37.5536 285.036
37.5849 284.888
37.6904 284.435
37.7021 284.427
37.7294 284.407
37.7333 284.404
37.7456 284.408
37.8668 284.458
37.8803 284.487
37.8848 284.497
37.8915 284.512
37.8915 284.512
37.8498 284.694
37.7644 285.02
37.6516 285.446
37.5502 285.645
37.5408 285.659
37.5369 285.662
37.5252 285.67
SUA1_3

0
45002 60003 54060 54120
0 0 0 1
39
37.5285 285.655
37.5246 285.657
37.5184 285.655
37.5162 285.65
37.5094 285.636
37.5072 285.631
37.5049 285.626
37.4964 285.573
37.486 285.481
37.5575 285.034
37.5794 284.899
37.6112 284.764
37.6759 284.598
37.6997 284.547
37.7053 284.537
37.7092 284.534
37.7248 284.522
37.7403 284.511
37.752 284.502
37.7559 284.499
37.7598 284.497
37.7699 284.496
37.8 284.493
37.8323 284.496
37.8346 284.501
37.8413 284.516
37.8503 284.536
37.8548 284.546
37.8571 284.551
37.8593 284.555
37.8593 284.555
37.8599 284.568
37.8451 284.638
37.8352 284.685
37.7661 285.013
37.6588 285.427
37.5479 285.64
37.5441 285.643
37.5285 285.655
SUA2_1

0
15000 30001 54120 54180
0 0 0 1
22
37.3948 286.194
37.387 286.2
37.3669 286.201
37.3579 286.181
37.3535 286.172
37.3512 286.167
37.3745 285.978
37.4464 285.622
37.448 285.615
37.4678 285.521
37.52 285.305
37.5383 285.265
37.5992 285.148
37.6031 285.145
37.607 285.142
37.6332 285.143
37.6478 285.152
37.65 285.157
37.6686 285.209
37.6616 285.274
37.5974 285.578
37.3948 286.194
SUA2_2

0
30001 45002 54120 54180
0 0 0 1
27
37.0335 287.5
37.0206 287.483
37.0183 287.478
37.0051 287.369
37.0082 287.308
37.1004 286.7
37.4906 285.195
37.5231 285.072
37.5849 284.888
37.6054 284.854
37.6149 284.84
37.6304 284.829
37.6499 284.814
37.6561 284.816
37.7343 284.851
37.7365 284.856
37.75 284.886
37.767 284.946
37.7352 285.127
37.6947 285.335
37.6711 285.431
37.3817 286.599
37.1813 287.174
37.0829 287.437
37.0663 287.469
37.0374 287.497
37.0335 287.5
SUA2_3

0
45002 60003 54120 54180
0 0 0 1
32
36.6632 288.958
36.6593 288.96
36.657 288.955
36.6548 288.95
36.6378 288.89
36.6406 288.565
36.7136 288.064
37.2199 286.118
37.4555 285.22
37.5472 284.942
37.5648 284.89
37.5969 284.8
37.6112 284.764
37.6295 284.724
37.639 284.71
37.6429 284.707
37.6623 284.693
37.6662 284.69
37.6818 284.679
37.7668 284.729
37.7758 284.748
37.7915 284.783
37.7905 284.804
37.7878 284.832
37.7408 285.117
37.6986 285.332
37.6805 285.418
37.4674 286.365
37.2116 287.389
36.9709 288.264
36.8586 288.531
36.6632 288.958
