SUA0_0

0
0 15000 67500 67560
0 0 0 1
19
33.3745 253.076
33.3745 253.082
33.37 253.088
33.3655 253.088
33.361 253.088
33.3565 253.088
33.3521 253.082
33.3521 253.082
33.3521 253.076
33.352 253.071
33.352 253.065
33.3521 253.065
33.3565 253.059
33.3566 253.059
33.37 253.059
33.3745 253.059
33.3745 253.065
33.3745 253.071
33.3745 253.076
SUA0_1

0
15000 30001 67500 67560
0 0 0 1
26
33.4015 253.088
33.4015 253.093
33.4015 253.11
33.4015 253.11
33.397 253.128
33.3925 253.133
33.379 253.133
33.3521 253.122
33.3521 253.122
33.3476 253.116
33.3431 253.11
33.3341 253.099
33.3251 253.082
33.3206 253.065
33.3206 253.059
33.3251 253.042
33.3341 253.031
33.3521 253.025
33.3565 253.025
33.37 253.031
33.3835 253.036
33.397 253.053
33.4015 253.071
33.4015 253.076
33.4015 253.082
33.4015 253.088
SUA0_2

0
30001 45002 67500 67560
0 0 0 1
30
33.415 253.082
33.415 253.099
33.415 253.11
33.4105 253.128
33.3925 253.145
33.3925 253.145
33.3925 253.145
33.388 253.145
33.379 253.145
33.3476 253.133
33.3431 253.128
33.3071 253.071
33.3026 253.059
33.3026 253.036
33.3071 253.025
33.3116 253.019
33.3206 253.013
33.3296 253.008
33.3341 253.008
33.3431 253.008
33.3521 253.008
33.3655 253.008
33.3745 253.008
33.379 253.008
33.4015 253.013
33.406 253.025
33.406 253.025
33.4105 253.048
33.415 253.076
33.415 253.082
SUA0_3

0
45002 60003 67500 67560
0 0 0 1
29
33.4015 253.071
33.397 253.082
33.3925 253.088
33.388 253.093
33.3835 253.099
33.3835 253.099
33.379 253.099
33.3655 253.099
33.361 253.099
33.3566 253.099
33.3386 253.093
33.3206 253.082
33.3116 253.071
33.3071 253.059
33.3071 253.048
33.3071 253.036
33.3071 253.019
33.3071 253.013
33.3116 253.002
33.3206 252.996
33.3296 252.991
33.3341 252.991
33.3521 252.991
33.3745 252.996
33.397 253.008
33.397 253.008
33.397 253.008
33.4015 253.065
33.4015 253.071
SUA1_3

0
45002 60003 67560 67620
0 0 0 1
31
33.397 253.071
33.397 253.071
33.397 253.071
33.379 253.071
33.361 253.071
33.397 253.071
33.3476 253.071
33.3431 253.071
33.3386 253.071
33.3386 253.071
33.3386 253.071
33.3386 253.071
33.3386 253.071
33.3386 253.071
33.3386 253.071
33.3386 253.065
33.3386 253.059
33.3386 253.036
33.3386 253.019
33.3386 253.008
33.3386 253.008
33.3386 253.008
33.3386 253.008
33.3521 253.008
33.3655 253.008
33.397 253.008
33.397 253.008
33.397 253.013
33.397 253.036
33.397 253.053
33.397 253.071
SUA2_3

0
45002 60003 67620 67680
0 0 0 1
24
33.397 253.059
33.397 253.071
33.397 253.071
33.397 253.071
33.397 253.071
33.3925 253.071
33.3925 253.071
33.3431 253.071
33.3386 253.071
33.3386 253.071
33.3386 253.065
33.3386 253.031
33.3386 253.013
33.3386 253.008
33.3386 253.008
33.3431 253.008
33.388 253.008
33.3925 253.008
33.397 253.008
33.397 253.008
33.397 253.008
33.397 253.013
33.397 253.025
33.397 253.059
SUA3_3

0
45002 60003 67680 67740
0 0 0 1
26
33.397 253.042
33.397 253.059
33.397 253.071
33.397 253.071
33.397 253.071
33.3925 253.071
33.361 253.071
33.3431 253.071
33.3386 253.071
33.3386 253.071
33.3386 253.071
33.3386 253.065
33.3386 253.059
33.3386 253.025
33.3386 253.013
33.3386 253.008
33.3386 253.008
33.3386 253.008
33.3476 253.008
33.3925 253.008
33.397 253.008
33.397 253.008
33.397 253.008
33.397 253.008
33.397 253.013
33.397 253.042
SUA4_3

0
45002 60003 67740 67800
0 0 0 1
29
33.397 253.042
33.397 253.059
33.397 253.065
33.397 253.071
33.397 253.071
33.388 253.071
33.379 253.071
33.3655 253.071
33.3431 253.071
33.3386 253.071
33.2891 253.071
33.2846 253.071
33.2711 253.065
33.2666 253.053
33.2666 253.042
33.2666 253.036
33.2666 253.031
33.2666 253.025
33.2711 253.019
33.2756 253.013
33.3386 253.008
33.3476 253.008
33.3521 253.008
33.3925 253.008
33.397 253.008
33.397 253.008
33.397 253.019
33.397 253.025
33.397 253.042
SUA5_1

0
15000 30001 67800 67860
0 0 0 1
26
33.2486 253.088
33.2486 253.093
33.2486 253.093
33.2441 253.105
33.2396 253.11
33.2306 253.116
33.2216 253.116
33.2171 253.116
33.2036 253.11
33.1991 253.105
33.1946 253.099
33.1901 253.088
33.1901 253.082
33.1901 253.065
33.1901 253.053
33.1901 253.053
33.1946 253.042
33.2036 253.036
33.2081 253.036
33.2216 253.036
33.2261 253.036
33.2351 253.042
33.2396 253.048
33.2441 253.059
33.2486 253.082
33.2486 253.088
SUA5_2

0
30001 45002 67800 67860
0 0 0 1
30
33.2756 253.059
33.2756 253.065
33.2756 253.082
33.2576 253.116
33.2531 253.122
33.2441 253.133
33.2351 253.133
33.2261 253.133
33.2216 253.133
33.2081 253.128
33.1991 253.122
33.1901 253.11
33.1856 253.099
33.1812 253.082
33.1812 253.071
33.1812 253.065
33.1812 253.053
33.1812 253.042
33.1812 253.036
33.1856 253.025
33.1902 253.013
33.2126 253.013
33.2261 253.013
33.2306 253.013
33.2396 253.019
33.2486 253.025
33.2576 253.031
33.2711 253.042
33.2756 253.053
33.2756 253.059
SUA5_3

0
45002 60003 67800 67860
0 0 0 1
35
33.3071 253.036
33.3071 253.042
33.3071 253.059
33.3071 253.065
33.3071 253.065
33.2981 253.071
33.2891 253.076
33.2531 253.088
33.2531 253.088
33.2486 253.088
33.2216 253.088
33.2036 253.088
33.2036 253.088
33.1946 253.082
33.1902 253.076
33.1857 253.071
33.1857 253.065
33.1857 253.059
33.1856 253.053
33.1856 253.048
33.1856 253.031
33.1856 253.025
33.1857 253.019
33.1901 253.008
33.1902 253.008
33.1946 253.008
33.2036 253.008
33.2216 253.008
33.2486 253.008
33.2666 253.008
33.2756 253.008
33.2801 253.008
33.2981 253.013
33.3071 253.019
33.3071 253.036
SUA6_0

0
0 15000 67860 67920
0 0 0 1
32
33.2306 253.076
33.2306 253.082
33.2261 253.093
33.2261 253.093
33.2171 253.099
33.2171 253.099
33.2171 253.099
33.2126 253.099
33.2081 253.099
33.1991 253.099
33.1946 253.099
33.1901 253.099
33.1901 253.099
33.1901 253.099
33.1812 253.093
33.1767 253.088
33.1722 253.071
33.1722 253.059
33.1722 253.053
33.1767 253.048
33.1812 253.042
33.1902 253.036
33.1946 253.036
33.1991 253.036
33.2036 253.036
33.2081 253.036
33.2081 253.036
33.2171 253.042
33.2171 253.042
33.2261 253.053
33.2306 253.071
33.2306 253.076
SUA6_1

0
15000 30001 67860 67920
0 0 0 1
32
33.2486 253.093
33.2486 253.099
33.2486 253.105
33.2351 253.139
33.2306 253.145
33.2306 253.145
33.2126 253.145
33.2081 253.145
33.1902 253.139
33.1812 253.133
33.1722 253.122
33.1632 253.099
33.1587 253.082
33.1587 253.071
33.1587 253.065
33.1587 253.059
33.1587 253.053
33.1632 253.031
33.1722 253.019
33.1856 253.013
33.1857 253.013
33.1901 253.013
33.1947 253.013
33.2126 253.019
33.2216 253.025
33.2306 253.031
33.2396 253.048
33.2441 253.059
33.2486 253.076
33.2486 253.076
33.2486 253.082
33.2486 253.093
SUA6_2

0
30001 45002 67860 67920
0 0 0 1
32
33.2621 253.093
33.2621 253.105
33.2576 253.116
33.2486 253.128
33.2441 253.133
33.2396 253.139
33.2396 253.139
33.2396 253.139
33.2306 253.139
33.2216 253.139
33.2126 253.139
33.1857 253.128
33.1812 253.122
33.1677 253.093
33.1632 253.076
33.1632 253.065
33.1632 253.013
33.1632 253.013
33.1677 253.008
33.1677 253.008
33.1722 253.008
33.1857 253.008
33.2036 253.008
33.2171 253.008
33.2216 253.008
33.2261 253.008
33.2306 253.013
33.2351 253.019
33.2486 253.036
33.2531 253.042
33.2621 253.076
33.2621 253.093
SUA6_3

0
45002 60003 67860 67920
0 0 0 1
32
33.2441 253.042
33.2441 253.076
33.2441 253.082
33.2396 253.088
33.2171 253.088
33.2081 253.088
33.2036 253.088
33.1901 253.082
33.1812 253.076
33.1767 253.071
33.1767 253.071
33.1767 253.059
33.1767 253.053
33.1767 253.042
33.1767 253.025
33.1767 253.013
33.1767 253.008
33.1767 253.008
33.1767 253.008
33.1767 253.008
33.1812 253.008
33.1857 253.008
33.2036 253.008
33.2216 253.008
33.2261 253.008
33.2351 253.008
33.2396 253.008
33.2441 253.008
33.2441 253.013
33.2441 253.025
33.2441 253.031
33.2441 253.042
