SUA0_0

0
0 15000 58200 58260
0 0 0 1
29
30.1761 278.14
30.1761 278.134
30.1806 278.129
30.1851 278.123
30.2211 278.112
30.2301 278.112
30.2616 278.112
30.2706 278.112
30.2706 278.112
30.2706 278.112
30.2706 278.117
30.2706 278.129
30.2706 278.146
30.2706 278.157
30.2706 278.169
30.2706 278.174
30.2706 278.174
30.2706 278.174
30.2661 278.186
30.2616 278.192
30.2526 278.197
30.2301 278.197
30.2211 278.197
30.2031 278.197
30.1851 278.197
30.1806 278.197
30.1761 278.192
30.1761 278.18
30.1761 278.14
SUA1_0

0
0 15000 58260 58320
0 0 0 1
33
30.0727 278.134
30.0727 278.129
30.0772 278.123
30.0817 278.117
30.0907 278.112
30.1087 278.106
30.1312 278.1
30.1447 278.1
30.1582 278.1
30.1627 278.1
30.2436 278.117
30.2436 278.117
30.2526 278.14
30.2526 278.146
30.2526 278.18
30.2526 278.192
30.2481 278.197
30.2481 278.197
30.2436 278.197
30.2301 278.197
30.2031 278.197
30.1806 278.197
30.1582 278.197
30.1492 278.197
30.1447 278.197
30.1447 278.197
30.1177 278.192
30.1087 278.186
30.0997 278.18
30.0907 278.174
30.0862 278.169
30.0727 278.14
30.0727 278.134
SUA1_1

0
15000 30001 58260 58320
0 0 0 1
35
30.0412 278.123
30.0412 278.117
30.0457 278.112
30.0547 278.1
30.0547 278.1
30.0637 278.095
30.0727 278.089
30.0952 278.077
30.1042 278.077
30.1087 278.077
30.1132 278.077
30.1267 278.083
30.2166 278.134
30.2166 278.134
30.2166 278.14
30.2166 278.146
30.2166 278.146
30.2166 278.186
30.2166 278.197
30.2166 278.197
30.2166 278.197
30.2121 278.197
30.2031 278.197
30.1761 278.197
30.1177 278.197
30.1132 278.197
30.1087 278.197
30.0952 278.192
30.0862 278.186
30.0682 278.174
30.0592 278.169
30.0457 278.157
30.0412 278.152
30.0412 278.146
30.0412 278.123
SUA1_2

0
30001 45002 58260 58320
0 0 0 1
31
30.0502 278.146
30.0502 278.14
30.0502 278.123
30.0547 278.117
30.0592 278.112
30.0637 278.106
30.0682 278.1
30.0772 278.095
30.0817 278.095
30.0997 278.095
30.1177 278.106
30.1537 278.134
30.1537 278.146
30.1537 278.197
30.1537 278.197
30.1492 278.197
30.1447 278.197
30.1357 278.197
30.1312 278.197
30.1177 278.197
30.1087 278.197
30.0997 278.197
30.0817 278.197
30.0772 278.197
30.0727 278.197
30.0637 278.192
30.0592 278.186
30.0547 278.18
30.0502 278.163
30.0502 278.157
30.0502 278.146
SUA2_0

0
0 15000 58320 58380
0 0 0 1
14
30.1806 278.163
30.1806 278.157
30.1806 278.14
30.1851 278.14
30.1941 278.157
30.1941 278.169
30.1941 278.192
30.1941 278.197
30.1806 278.197
30.1806 278.197
30.1806 278.192
30.1806 278.186
30.1806 278.18
30.1806 278.163
SUA2_1

0
15000 30001 58320 58380
0 0 0 1
24
30.0277 278.134
30.0277 278.129
30.0322 278.117
30.0367 278.112
30.0502 278.1
30.0592 278.095
30.0817 278.089
30.0862 278.089
30.0952 278.089
30.0997 278.089
30.2031 278.134
30.2031 278.152
30.2031 278.157
30.1941 278.197
30.1896 278.197
30.1851 278.197
30.1627 278.197
30.1537 278.197
30.1447 278.197
30.1222 278.197
30.1177 278.197
30.0502 278.163
30.0322 278.152
30.0277 278.134
SUA2_2

0
30001 45002 58320 58380
0 0 0 1
32
30.0052 278.14
30.0052 278.134
30.0097 278.123
30.0142 278.117
30.0277 278.1
30.0277 278.1
30.0457 278.089
30.0502 278.089
30.0547 278.089
30.0592 278.089
30.0727 278.089
30.0862 278.089
30.1042 278.095
30.1537 278.134
30.1537 278.14
30.1537 278.152
30.1537 278.163
30.1537 278.169
30.1537 278.192
30.1537 278.197
30.1537 278.197
30.1492 278.197
30.1267 278.197
30.0862 278.197
30.0772 278.197
30.0727 278.197
30.0277 278.18
30.0187 278.174
30.0097 278.169
30.0053 278.157
30.0052 278.152
30.0052 278.14
SUA2_3

0
45002 60003 58320 58380
0 0 0 1
28
30.0142 278.174
30.0142 278.14
30.0142 278.134
30.0187 278.129
30.0277 278.123
30.0367 278.123
30.0592 278.123
30.0637 278.123
30.0907 278.129
30.1087 278.134
30.1087 278.134
30.1087 278.134
30.1087 278.134
30.1087 278.14
30.1087 278.174
30.1087 278.186
30.1087 278.197
30.1087 278.197
30.1087 278.197
30.1087 278.197
30.0997 278.197
30.0907 278.197
30.0772 278.197
30.0277 278.197
30.0232 278.197
30.0187 278.197
30.0142 278.186
30.0142 278.174
SUA3_1

0
15000 30001 58380 58440
0 0 0 1
21
30.1177 278.14
30.1177 278.134
30.1177 278.134
30.1222 278.134
30.1582 278.134
30.1627 278.134
30.1672 278.134
30.1941 278.14
30.1941 278.146
30.1941 278.163
30.1941 278.174
30.1941 278.186
30.1941 278.197
30.1851 278.197
30.1806 278.197
30.1177 278.197
30.1177 278.197
30.1177 278.186
30.1177 278.18
30.1177 278.169
30.1177 278.14
SUA3_2

0
30001 45002 58380 58440
0 0 0 1
23
30.0772 278.14
30.0772 278.134
30.0772 278.134
30.0772 278.134
30.0772 278.134
30.0817 278.134
30.1087 278.134
30.1402 278.134
30.1537 278.134
30.1537 278.134
30.1537 278.14
30.1537 278.157
30.1537 278.186
30.1537 278.197
30.1537 278.197
30.1492 278.197
30.0907 278.197
30.0817 278.197
30.0772 278.197
30.0772 278.197
30.0772 278.197
30.0772 278.197
30.0772 278.14
SUA3_3

0
45002 60003 58380 58440
0 0 0 1
29
30.0412 278.14
30.0412 278.134
30.0412 278.134
30.0412 278.134
30.0412 278.134
30.0592 278.134
30.0907 278.134
30.1042 278.134
30.1087 278.134
30.1087 278.134
30.1087 278.134
30.1087 278.134
30.1087 278.14
30.1087 278.169
30.1087 278.18
30.1087 278.192
30.1087 278.197
30.1087 278.197
30.0997 278.197
30.0727 278.197
30.0502 278.197
30.0457 278.197
30.0412 278.197
30.0412 278.197
30.0412 278.197
30.0412 278.197
30.0412 278.192
30.0412 278.152
30.0412 278.14
SUA4_1

0
15000 30001 58440 58500
0 0 0 1
16
30.1177 278.14
30.1177 278.134
30.1222 278.134
30.1267 278.134
30.1312 278.134
30.1357 278.134
30.1357 278.14
30.1357 278.146
30.1357 278.152
30.1357 278.157
30.1312 278.169
30.1222 278.169
30.1177 278.169
30.1177 278.163
30.1177 278.157
30.1177 278.14
SUA4_2

0
30001 45002 58440 58500
0 0 0 1
21
30.0772 278.146
30.0772 278.134
30.0772 278.134
30.0772 278.134
30.0817 278.134
30.0862 278.134
30.1267 278.134
30.1312 278.134
30.1312 278.152
30.1312 278.163
30.1312 278.169
30.1312 278.174
30.1267 278.197
30.1177 278.197
30.1042 278.197
30.0817 278.197
30.0772 278.197
30.0772 278.197
30.0772 278.192
30.0772 278.186
30.0772 278.146
SUA4_3

0
45002 60003 58440 58500
0 0 0 1
22
30.0412 278.197
30.0412 278.146
30.0412 278.14
30.0412 278.134
30.0412 278.134
30.0412 278.134
30.0457 278.134
30.0592 278.134
30.1087 278.134
30.1087 278.14
30.1087 278.146
30.1087 278.152
30.1087 278.163
30.1087 278.186
30.1087 278.197
30.1087 278.197
30.1042 278.197
30.0457 278.197
30.0412 278.197
30.0412 278.197
30.0412 278.197
30.0412 278.197
SUA5_3

0
45002 60003 58500 58560
0 0 0 1
12
30.0412 278.169
30.0412 278.14
30.0412 278.134
30.0502 278.134
30.0547 278.134
30.0637 278.157
30.0637 278.163
30.0637 278.174
30.0637 278.197
30.0412 278.197
30.0412 278.186
30.0412 278.169
SUA6_1

0
15000 30001 58560 58620
0 0 0 1
20
29.7534 278.134
29.7534 278.129
29.7579 278.123
29.7624 278.117
29.7804 278.117
29.7894 278.117
29.7939 278.117
29.8074 278.129
29.8074 278.134
29.8074 278.14
29.8074 278.146
29.7984 278.152
29.7894 278.157
29.7849 278.157
29.7759 278.157
29.7669 278.157
29.7624 278.157
29.7579 278.152
29.7534 278.14
29.7534 278.134
SUA6_2

0
30001 45002 58560 58620
0 0 0 1
27
29.7489 278.152
29.7489 278.14
29.7489 278.123
29.7534 278.117
29.7624 278.112
29.7714 278.112
29.7894 278.112
29.7939 278.112
29.7984 278.112
29.8074 278.112
29.8209 278.117
29.8298 278.123
29.8299 278.123
29.8344 278.134
29.8344 278.14
29.8344 278.146
29.8344 278.163
29.8343 278.169
29.8298 278.174
29.8254 278.18
29.8029 278.186
29.7939 278.186
29.7759 278.186
29.7579 278.18
29.7534 278.174
29.7489 278.169
29.7489 278.152
SUA6_3

0
45002 60003 58560 58620
0 0 0 1
32
29.7534 278.163
29.7534 278.146
29.7534 278.134
29.7579 278.129
29.7669 278.123
29.7804 278.123
29.7849 278.123
29.8164 278.123
29.8254 278.123
29.8299 278.123
29.8299 278.123
29.8388 278.129
29.8389 278.129
29.8433 278.134
29.8478 278.14
29.8478 278.146
29.8478 278.152
29.8478 278.174
29.8478 278.18
29.8478 278.186
29.8433 278.192
29.8389 278.197
29.8388 278.197
29.8254 278.203
29.8254 278.203
29.8119 278.203
29.7984 278.203
29.7894 278.203
29.7669 278.197
29.7579 278.192
29.7534 278.186
29.7534 278.163
SUA7_0

0
0 15000 58620 58680
0 0 0 1
22
29.56 278.026
29.56 278.009
29.56 278.003
29.5645 278.003
29.569 278.003
29.5735 278.003
29.6814 278.077
29.7084 278.1
29.7084 278.106
29.6859 278.112
29.6814 278.112
29.6769 278.112
29.65 278.106
29.6095 278.095
29.6005 278.089
29.5825 278.077
29.578 278.072
29.569 278.06
29.56 278.043
29.56 278.037
29.56 278.032
29.56 278.026
SUA7_1

0
15000 30001 58620 58680
0 0 0 1
34
29.533 278.02
29.533 278.015
29.533 278.009
29.533 278.003
29.533 278.003
29.542 277.986
29.5555 277.969
29.56 277.963
29.578 277.958
29.5825 277.958
29.5915 277.958
29.6005 277.963
29.7714 278.112
29.7804 278.123
29.7804 278.129
29.7804 278.134
29.7759 278.152
29.7714 278.157
29.7669 278.157
29.7624 278.157
29.7444 278.157
29.7354 278.157
29.6994 278.146
29.6545 278.129
29.6095 278.112
29.596 278.106
29.5825 278.1
29.5645 278.089
29.542 278.066
29.5375 278.055
29.533 278.043
29.533 278.037
29.533 278.026
29.533 278.02
SUA7_2

0
30001 45002 58620 58680
0 0 0 1
36
29.5465 278.015
29.5465 278.009
29.551 277.992
29.5555 277.986
29.56 277.98
29.569 277.975
29.5825 277.975
29.587 277.975
29.5915 277.975
29.596 277.975
29.6095 277.98
29.6994 278.037
29.7084 278.043
29.7264 278.055
29.7984 278.112
29.8074 278.123
29.8074 278.134
29.8074 278.163
29.8029 278.174
29.7984 278.18
29.7804 278.186
29.7714 278.186
29.7669 278.186
29.7444 278.18
29.6949 278.163
29.614 278.134
29.6005 278.129
29.5915 278.123
29.569 278.106
29.569 278.106
29.5555 278.083
29.551 278.072
29.551 278.072
29.5465 278.055
29.5465 278.026
29.5465 278.015
SUA7_3

0
45002 60003 58620 58680
0 0 0 1
26
29.623 278.1
29.623 278.077
29.623 278.077
29.623 278.077
29.6275 278.077
29.6679 278.077
29.6814 278.077
29.7129 278.083
29.7309 278.089
29.8119 278.123
29.8164 278.129
29.8209 278.14
29.8209 278.163
29.8209 278.174
29.8209 278.186
29.8164 278.197
29.8119 278.197
29.7939 278.197
29.7624 278.197
29.7444 278.192
29.668 278.163
29.632 278.146
29.623 278.14
29.623 278.134
29.623 278.129
29.623 278.1
SUA8_1

0
15000 30001 58680 58740
0 0 0 1
29
29.5555 277.986
29.5555 277.975
29.56 277.969
29.5645 277.963
29.5735 277.958
29.5825 277.958
29.596 277.958
29.605 277.963
29.605 277.963
29.6095 277.969
29.614 277.975
29.614 277.975
29.614 277.986
29.614 277.986
29.614 277.997
29.614 278.003
29.614 278.003
29.6095 278.015
29.605 278.02
29.6005 278.026
29.5915 278.026
29.587 278.026
29.5825 278.026
29.5735 278.026
29.569 278.026
29.5645 278.02
29.5555 278.009
29.5555 278.003
29.5555 277.986
SUA8_2

0
30001 45002 58680 58740
0 0 0 1
26
29.5555 278.037
29.5555 278.026
29.5555 278.02
29.5555 278.015
29.5555 277.992
29.56 277.98
29.569 277.975
29.5735 277.975
29.5825 277.975
29.6005 277.975
29.605 277.975
29.6185 277.98
29.632 277.992
29.659 278.072
29.659 278.072
29.659 278.077
29.659 278.077
29.659 278.077
29.6455 278.083
29.6365 278.083
29.605 278.083
29.596 278.083
29.5555 278.066
29.5555 278.06
29.5555 278.043
29.5555 278.037
