SUA0_0

0
0 15000 41400 41460
0 0 0 1
19
28.8974 279.647
28.8946 279.651
28.8882 279.652
28.8848 279.648
28.8813 279.644
28.8779 279.641
28.8773 279.633
28.8773 279.633
28.8802 279.628
28.8831 279.624
28.886 279.62
28.886 279.62
28.8923 279.619
28.8923 279.619
28.9027 279.63
28.9061 279.634
28.9032 279.638
28.9003 279.642
28.8974 279.647
SUA0_1

0
15000 30001 41400 41460
0 0 0 1
26
28.9123 279.677
28.9094 279.682
28.9008 279.695
28.9008 279.695
28.8887 279.704
28.8823 279.705
28.872 279.694
28.8571 279.663
28.8571 279.663
28.8565 279.655
28.856 279.647
28.8549 279.631
28.8567 279.611
28.8619 279.594
28.8648 279.59
28.8769 279.58
28.8896 279.579
28.9062 279.589
28.9097 279.593
28.9171 279.608
28.9246 279.623
28.9262 279.648
28.921 279.664
28.9181 279.669
28.9152 279.673
28.9123 279.677
SUA0_2

0
30001 45002 41400 41460
0 0 0 1
30
28.9256 279.684
28.9169 279.697
28.9111 279.706
28.899 279.715
28.8765 279.714
28.8765 279.714
28.8765 279.714
28.8731 279.71
28.8662 279.703
28.8479 279.668
28.8473 279.66
28.8487 279.587
28.851 279.575
28.8626 279.557
28.8718 279.552
28.8781 279.552
28.8879 279.555
28.8977 279.558
28.9011 279.561
28.908 279.569
28.9149 279.576
28.9253 279.587
28.9321 279.594
28.9356 279.598
28.9499 279.621
28.9476 279.633
28.9476 279.633
28.9395 279.654
28.9285 279.68
28.9256 279.684
SUA0_3

0
45002 60003 41400 41460
0 0 0 1
29
28.921 279.664
28.9118 279.669
28.9054 279.67
28.8991 279.671
28.8928 279.672
28.8928 279.672
28.8893 279.668
28.879 279.657
28.8755 279.653
28.8721 279.65
28.8612 279.63
28.8532 279.607
28.8521 279.591
28.8544 279.579
28.8602 279.57
28.866 279.561
28.8747 279.548
28.8776 279.544
28.8868 279.538
28.8966 279.541
28.9064 279.544
28.9098 279.548
28.9236 279.563
28.9379 279.585
28.9494 279.613
28.9494 279.613
28.9494 279.613
28.9239 279.66
28.921 279.664
SUA1_3

0
45002 60003 41460 41520
0 0 0 1
31
28.9176 279.661
28.9176 279.661
28.9176 279.661
28.9038 279.646
28.89 279.631
28.9176 279.661
28.8797 279.62
28.8762 279.617
28.8728 279.613
28.8728 279.613
28.8728 279.613
28.8728 279.613
28.8728 279.613
28.8728 279.613
28.8728 279.613
28.8757 279.609
28.8786 279.604
28.8901 279.587
28.8988 279.574
28.9046 279.565
28.9046 279.565
28.9046 279.565
28.9046 279.565
28.9149 279.576
28.9252 279.587
28.9494 279.613
28.9494 279.613
28.9465 279.617
28.9349 279.634
28.9262 279.648
28.9176 279.661
SUA2_3

0
45002 60003 41520 41580
0 0 0 1
24
28.9233 279.652
28.9176 279.661
28.9176 279.661
28.9176 279.661
28.9176 279.661
28.9141 279.657
28.9141 279.657
28.8762 279.617
28.8728 279.613
28.8728 279.613
28.8757 279.609
28.893 279.582
28.9017 279.569
28.9046 279.565
28.9046 279.565
28.908 279.569
28.9425 279.605
28.9459 279.609
28.9494 279.613
28.9494 279.613
28.9494 279.613
28.9465 279.617
28.9407 279.626
28.9233 279.652
SUA3_3

0
45002 60003 41580 41640
0 0 0 1
26
28.932 279.639
28.9233 279.652
28.9176 279.661
28.9176 279.661
28.9176 279.661
28.9141 279.657
28.89 279.631
28.8762 279.617
28.8728 279.613
28.8728 279.613
28.8728 279.613
28.8757 279.609
28.8786 279.604
28.8959 279.578
28.9017 279.569
28.9046 279.565
28.9046 279.565
28.9046 279.565
28.9115 279.572
28.9459 279.609
28.9494 279.613
28.9494 279.613
28.9494 279.613
28.9494 279.613
28.9465 279.617
28.932 279.639
SUA4_3

0
45002 60003 41640 41700
0 0 0 1
29
28.932 279.639
28.9233 279.652
28.9205 279.656
28.9176 279.661
28.9176 279.661
28.9107 279.653
28.9038 279.646
28.8934 279.635
28.8762 279.617
28.8728 279.613
28.8349 279.573
28.8314 279.569
28.824 279.554
28.8263 279.541
28.8321 279.532
28.835 279.528
28.8379 279.524
28.8408 279.519
28.8471 279.519
28.8534 279.518
28.9046 279.565
28.9115 279.572
28.9149 279.576
28.9459 279.609
28.9494 279.613
28.9494 279.613
28.9436 279.621
28.9407 279.626
28.932 279.639
SUA5_1

0
15000 30001 41700 41760
0 0 0 1
26
28.7952 279.553
28.7923 279.557
28.7923 279.557
28.7831 279.562
28.7767 279.563
28.767 279.56
28.7601 279.553
28.7566 279.549
28.7492 279.534
28.7486 279.525
28.7481 279.517
28.7504 279.505
28.7533 279.501
28.762 279.488
28.7678 279.479
28.7678 279.479
28.777 279.474
28.7868 279.477
28.7902 279.48
28.8005 279.491
28.804 279.495
28.808 279.507
28.8085 279.515
28.8062 279.527
28.7981 279.548
28.7952 279.553
SUA5_2

0
30001 45002 41700 41760
0 0 0 1
30
28.8303 279.553
28.8274 279.557
28.8188 279.57
28.7876 279.582
28.7813 279.583
28.7686 279.584
28.7617 279.577
28.7548 279.569
28.7514 279.566
28.744 279.55
28.74 279.539
28.7388 279.523
28.7412 279.51
28.7464 279.493
28.7522 279.485
28.7551 279.48
28.7609 279.471
28.7666 279.463
28.7695 279.458
28.7788 279.453
28.788 279.448
28.8052 279.467
28.8156 279.478
28.819 279.481
28.823 279.493
28.827 279.505
28.831 279.516
28.8356 279.536
28.8332 279.548
28.8303 279.553
SUA5_3

0
45002 60003 41700 41760
0 0 0 1
35
28.866 279.561
28.8631 279.565
28.8544 279.579
28.8516 279.583
28.8515 279.583
28.8418 279.58
28.832 279.577
28.7986 279.556
28.7986 279.556
28.7952 279.553
28.7745 279.531
28.7607 279.516
28.7607 279.516
28.7567 279.504
28.7562 279.496
28.7556 279.488
28.7585 279.484
28.7614 279.479
28.7643 279.475
28.7672 279.471
28.7759 279.458
28.7788 279.453
28.7817 279.449
28.7909 279.444
28.7909 279.444
28.7943 279.447
28.8012 279.455
28.815 279.469
28.8357 279.492
28.8495 279.506
28.8563 279.514
28.8598 279.517
28.8707 279.536
28.8747 279.548
28.866 279.561
SUA6_0

0
0 15000 41760 41820
0 0 0 1
32
28.7872 279.529
28.7843 279.534
28.7751 279.539
28.7751 279.539
28.7653 279.536
28.7653 279.536
28.7653 279.536
28.7619 279.532
28.7584 279.528
28.7515 279.521
28.7481 279.517
28.7446 279.514
28.7446 279.514
28.7446 279.514
28.7406 279.502
28.7401 279.494
28.7453 279.477
28.7511 279.468
28.754 279.464
28.7603 279.463
28.7667 279.463
28.7764 279.466
28.7799 279.469
28.7833 279.473
28.7868 279.477
28.7902 279.48
28.7902 279.48
28.7942 279.492
28.7942 279.492
28.7953 279.508
28.7901 279.525
28.7872 279.529
SUA6_1

0
15000 30001 41760 41820
0 0 0 1
32
28.7923 279.557
28.7894 279.561
28.7865 279.566
28.7589 279.581
28.7525 279.582
28.7525 279.582
28.7387 279.567
28.7353 279.563
28.7244 279.544
28.7204 279.533
28.7193 279.517
28.724 279.492
28.7292 279.475
28.735 279.466
28.7379 279.462
28.7408 279.457
28.7436 279.453
28.7587 279.439
28.7713 279.438
28.7845 279.445
28.7846 279.445
28.788 279.448
28.7914 279.452
28.8023 279.471
28.8063 279.483
28.8103 279.494
28.8085 279.515
28.8062 279.527
28.801 279.544
28.801 279.544
28.7981 279.548
28.7923 279.557
SUA6_2

0
30001 45002 41760 41820
0 0 0 1
32
28.8026 279.568
28.7969 279.577
28.7876 279.582
28.775 279.583
28.7686 279.584
28.7623 279.585
28.7623 279.585
28.7623 279.585
28.7554 279.577
28.7485 279.57
28.7416 279.563
28.7267 279.532
28.7262 279.524
28.7303 279.491
28.7355 279.474
28.7413 279.466
28.7673 279.426
28.7673 279.426
28.7737 279.425
28.7737 279.425
28.7771 279.429
28.7874 279.44
28.8012 279.455
28.8116 279.466
28.815 279.469
28.8184 279.473
28.819 279.481
28.8196 279.489
28.8212 279.513
28.8218 279.521
28.8113 279.555
28.8026 279.568
SUA6_3

0
45002 60003 41760 41820
0 0 0 1
32
28.8149 279.514
28.7975 279.54
28.7946 279.545
28.7883 279.545
28.7711 279.527
28.7642 279.52
28.7607 279.516
28.7533 279.501
28.7493 279.489
28.7487 279.481
28.7487 279.481
28.7545 279.472
28.7574 279.468
28.7632 279.459
28.7719 279.446
28.7777 279.437
28.7805 279.433
28.7805 279.433
28.7806 279.433
28.7806 279.433
28.784 279.436
28.7874 279.44
28.8012 279.455
28.815 279.469
28.8184 279.473
28.8253 279.481
28.8288 279.484
28.8322 279.488
28.8293 279.492
28.8236 279.501
28.8207 279.505
28.8149 279.514
