FORMAT LATLON METERS
#Time LonDeg              LatDeg              AltM                
0     -109.911029941      46.5879737036       181193.781          
1     -109.853464263      46.5407660283       180328.279282       
2     -109.795989614      46.4935126933       179461.536406       
3     -109.73860576       46.4462137617       178593.55311        
4     -109.681312469      46.3988692964       177724.330129       
5     -109.624109508      46.35147936         176853.868205       
6     -109.566996645      46.3040440148       175982.16808        
7     -109.509973648      46.2565633225       175109.230496       
8     -109.453040285      46.2090373449       174235.056201       
9     -109.396196326      46.1614661433       173359.645939       
10    -109.339441538      46.1138497788       172483.000461       
11    -109.282775691      46.066188312        171605.120517       
12    -109.226198555      46.0184818034       170726.00686        
13    -109.1697099        45.9707303131       169845.660244       
14    -109.113309495      45.922933901        168964.081426       
15    -109.056997112      45.8750926265       168081.271162       
16    -109.00077252       45.8272065489       167197.230214       
17    -108.944635492      45.7792757271       166311.959342       
18    -108.888585798      45.7313002198       165425.459309       
19    -108.832623211      45.6832800853       164537.730883       
20    -108.776747502      45.6352153816       163648.774828       
21    -108.720958444      45.5871061666       162758.591911       
22    -108.665255809      45.5389524976       161867.18291        
23    -108.60963937       45.4907544319       160974.548593       
24    -108.554108902      45.4425120263       160080.689736       
25    -108.498664177      45.3942253375       159185.607113       
26    -108.443304969      45.3458944216       158289.301505       
27    -108.388031053      45.2975193348       157391.77369        
28    -108.332842204      45.2491001328       156493.02445        
29    -108.277738196      45.200636871        155593.05457        
30    -108.222718805      45.1521296045       154691.864835       
31    -108.167783807      45.1035783881       153789.456017       
32    -108.112932977      45.0549832767       152885.828937       
33    -108.058166092      45.0063443245       151980.984372       
34    -108.003482928      44.9576615854       151074.923113       
35    -107.948883263      44.9089351133       150167.645957       
36    -107.894366874      44.8601649615       149259.153701       
37    -107.839933538      44.8113511833       148349.447144       
38    -107.785583034      44.7624938315       147438.527087       
39    -107.73131514       44.7135929588       146526.394333       
40    -107.677129634      44.6646486176       145613.049688       
41    -107.623026295      44.6156608592       144698.493899       
42    -107.569004904      44.5666297369       143782.727895       
43    -107.51506524       44.5175553015       142865.752429       
44    -107.461207083      44.4684376042       141947.568313       
45    -107.407430214      44.4192766962       141028.176362       
46    -107.353734413      44.370072628        140107.577396       
47    -107.300119461      44.3208254502       139185.772232       
48    -107.24658514       44.2715352129       138262.761695       
49    -107.193131232      44.222201966        137338.546606       
50    -107.139757518      44.1728257594       136413.127794       
51    -107.08646378       44.1234066394       135486.505885       
52    -107.033249804      44.073944661        134558.682116       
53    -106.980115373      44.0244398701       133629.657119       
54    -106.927060269      43.9748923156       132699.43173        
55    -106.874084277      43.9253020456       131768.006789       
56    -106.82118718       43.8756691084       130835.383137       
57    -106.768368765      43.8259935518       129901.561618       
58    -106.715628814      43.7762754234       128966.543079       
59    -106.662967116      43.7265147706       128030.32837        
60    -106.610383454      43.6767116406       127092.918342       
61    -106.557877606      43.6268660712       126154.313207       
62    -106.505449378      43.5769781273       125214.515125       
63    -106.453098548      43.5270478462       124273.524313       
64    -106.400824901      43.4770752742       123331.341637       
65    -106.348628227      43.4270604572       122387.967969       
66    -106.296508314      43.3770034411       121443.404186       
67    -106.24446495       43.3269042714       120497.651167       
68    -106.192497924      43.2767629934       119550.709795       
69    -106.140607025      43.2265796523       118602.58096        
70    -106.088792044      43.1763542929       117653.265551       
71    -106.037052741      43.1260869307       116702.762396       
72    -105.985388966      43.0757776694       115751.07659        
73    -105.933800481      43.0254265239       114798.206961       
74    -105.882287077      42.9750335387       113844.154437       
75    -105.830848547      42.9245987579       112888.919949       
76    -105.779484683      42.8741222255       111932.50444        
77    -105.728195278      42.8236039855       110974.908859       
78    -105.676980125      42.7730440815       110016.134166       
79    -105.625839019      42.7224425572       109056.181327       
80    -105.574771754      42.6717994562       108095.05132        
81    -105.523777738      42.6211144358       107132.719417       
82    -105.472857545      42.5703883166       106169.238472       
83    -105.422010586      42.5196207562       105204.583726       
84    -105.371236658      42.4688118001       104238.756334       
85    -105.320535561      42.4179614939       103271.757488       
86    -105.269907096      42.3670698837       102303.588428       
87    -105.219351063      42.3161370162       101334.250439       
88    -105.168867266      42.2651629387       100363.744859       
89    -105.118455509      42.2141476993       99392.0730841       
90    -105.068115597      42.1630913467       98419.236571        
91    -105.017846421      42.1119929944       97445.1701458       
92    -104.967649646      42.0608545898       96470.0106323       
93    -104.917524166      42.0096752503       95493.692901        
94    -104.867469802      41.9584550387       94516.2193332       
95    -104.817486379      41.9071940212       93537.5925309       
96    -104.767573725      41.855892268        92557.8153388       
97    -104.717731673      41.8045498532       91576.8908689       
98    -104.667960062      41.7531668562       90594.8225265       
99    -104.618258735      41.7017433613       89611.6140367       
100   -104.568627541      41.6502794589       88627.2694734       
101   -104.519063406      41.5987721874       87641.5803361       
102   -104.469572116      41.5472278269       86654.9823036       
103   -104.420150611      41.4956434383       85667.2674991       
104   -104.370798795      41.4440191685       84678.4435429       
105   -104.321516586      41.3923551801       83688.5190074       
106   -104.272303919      41.3406516535       82697.5035223       
107   -104.223160745      41.2889087884       81705.4078887       
108   -104.174087039      41.2371268067       80712.2442022       
109   -104.125082793      41.1853059542       79718.0259844       
110   -104.076148027      41.1334465038       78722.7683244       
111   -104.027272604      41.0815378855       77725.7228602       
112   -103.978477183      41.0296023909       76728.455662        
113   -103.929751691      40.9776295459       75730.2214608       
114   -103.881096358      40.9256198565       74731.0495862       
115   -103.832511471      40.8735738951       73730.9733093       
116   -103.783997385      40.8214923085       72730.0302841       
117   -103.735554528      40.7693758262       71728.2630235       
118   -103.687183406      40.7172252698       70725.7194128       
119   -103.638884616      40.665041563        69722.4532611       
120   -103.590658855      40.6128257422       68718.5248937       
121   -103.542488996      40.5605593718       67712.5949852       
122   -103.49441236       40.5082834979       66707.5956522       
123   -103.446412104      40.4559800502       65702.2042984       
124   -103.398489663      40.4036509139       64696.5323903       
125   -103.350646693      40.3512982284       63690.7063633       
126   -103.302885095      40.2989244182       62684.8693644       
127   -103.255207044      40.2465322266       61679.1831552       
128   -103.207615018      40.1941247524       60673.8301864       
129   -103.160111834      40.14170549         59669.0158546       
130   -103.11270068       40.0892783739       58664.9709514       
131   -103.065362732      40.0368226239       57660.3362688       
132   -103.018147683      39.9843944306       56658.6990618       
133   -102.971037716      39.9319742588       55658.766045        
134   -102.924038296      39.879568725        54660.9245572       
135   -102.877155587      39.8271852791       53665.6098167       
136   -102.830396531      39.774832297        52673.3100418       
137   -102.783768929      39.7225191815       51684.5720111       
138   -102.73728153       39.670256472        50700.0070907       
139   -102.690944125      39.6180559648       49720.2977588       
140   -102.64476766       39.5659308429       48746.2046559       
141   -102.598567388      39.513672325        47768.542593        
142   -102.55275309       39.4617459619       46808.4590929       
143   -102.507142962      39.4099469829       45856.9432305       
144   -102.461754817      39.3582968512       44915.2041022       
145   -102.41660858       39.3068195998       43984.5885267       
146   -102.371726521      39.255542112        43066.5950334       
147   -102.327133499      39.2044944296       42162.8890758       
148   -102.282857234      39.1537100905       41275.31956         
149   -102.238928603      39.1032264963       40405.9367862       
150   -102.195381961      39.0530853147       39557.0119064       
151   -102.152389056      39.003487086        38741.6179226       
152   -102.109719004      38.9541681799       37940.6412426       
153   -102.067551792      38.9053390109       37167.6468468       
154   -102.025936483      38.85705953         36425.6456562       
155   -101.985020643      38.8095050233       35723.3519727       
156   -101.944653666      38.7625033412       35051.8044725       
157   -101.904975767      38.7162216973       34418.9986337       
158   -101.866030461      38.6707149363       33827.1231429       
159   -101.827857097      38.6260333122       33277.9284263       
160   -101.790473685      38.5822022958       32771.3446763       
161   -101.753945527      38.5393028971       32311.3914689       
162   -101.718240605      38.4973017724       31895.9135362       
163   -101.683447025      38.4563077565       31526.7044923       
164   -101.649538025      38.4162936844       31202.2571741       
165   -101.61651544       38.3772662151       30921.5794901       
166   -101.584389638      38.3392419916       30684.6956647       
167   -101.55311937       38.3021764932       30487.2448444       
168   -101.522700126      38.2660684117       30328.3203081       
169   -101.493111586      38.230897548        30205.6607537       
170   -101.464323892      38.1966320775       30116.9837122       
171   -101.436306053      38.1632386205       30059.4429384       
172   -101.409034953      38.1306929007       30031.2250137       
173   -101.382472192      38.0989521756       30029.609233        
174   -101.356583761      38.0679786871       30052.0125145       
175   -101.331339123      38.0377385706       30096.4224786       
176   -101.306701274      38.0081899919       30160.4955646       
177   -101.282639036      37.9792978616       30242.2692957       
178   -101.259119201      37.9510244502       30339.7376516       
179   -101.236113513      37.923337765        30451.2701966       
180   -101.213592612      37.8962043216       30575.2084769       
181   -101.191528202      37.8695917338       30710.0231223       
182   -101.169894171      37.8434700899       30854.3007461       
183   -101.148666253      37.8178115576       31006.7965715       
184   -101.127821227      37.792589437        31166.334537        
185   -101.107337074      37.7677783524       31331.8401015       
186   -101.087193617      37.7433550445       31502.3366853       
187   -101.067371621      37.7192972928       31676.9184589       
188   -101.047853771      37.695585105        31854.7855432       
189   -101.028623349      37.6721991308       32035.186395        
190   -101.009664829      37.6491213862       32217.4353294       
191   -100.990963864      37.6263352446       32400.9038536       
192   -100.972507167      37.6038253023       32585.0257783       
193   -100.954282767      37.5815777012       32769.2970113       
194   -100.936277853      37.5595774975       32953.1859906       
195   -100.918482184      37.5378128316       33136.2755049       
196   -100.900885676      37.5162719877       33318.1595658       
197   -100.883478969      37.4949440911       33498.4659799       
198   -100.866252959      37.4738185325       33676.886689        
199   -100.849200213      37.4528867297       33853.0342844       
200   -100.832312699      37.4321393131       34026.6503222       
201   -100.815583283      37.4115679919       34197.46514         
202   -100.799005442      37.3911651841       34365.2954691       
203   -100.782572672      37.3709233266       34529.7790472       
204   -100.766279319      37.3508358562       34690.766735        
205   -100.750119959      37.3308964718       34848.0611933       
206   -100.734089523      37.3110992928       35001.480735        
207   -100.718183767      37.2914394226       35150.9228942       
208   -100.702397216      37.2719104558       35296.0942144       
209   -100.686726196      37.2525081638       35436.9142265       
210   -100.671166802      37.2332280287       35573.2475007       
211   -100.655715975      37.2140665532       35705.0201467       
212   -100.640369086      37.1950183073       35832.011536        
213   -100.625123493      37.1760802829       35954.1621445       
214   -100.609976176      37.1572490027       36071.3707913       
215   -100.594924315      37.1385212219       36183.5442734       
216   -100.579965749      37.1198945021       36290.6280002       
217   -100.565096978      37.1013647428       36392.4748405       
218   -100.550316146      37.0829298653       36489.0415303       
219   -100.53562106       37.0645873666       36580.2587378       
220   -100.521009494      37.0463346967       36666.0493801       
221   -100.506479859      37.0281700867       36746.3806337       
222   -100.492030158      37.0100912553       36821.1837842       
223   -100.477658686      36.9920962798       36890.4083371       
224   -100.463363844      36.9741833618       36954.0078347       
225   -100.449144073      36.9563507497       37011.9344544       
226   -100.434998104      36.9385970448       37064.1611522       
227   -100.420924574      36.9209207266       37110.6479727       
228   -100.406922264      36.9033204543       37151.3638986       
229   -100.392988741      36.8857933683       37186.2053619       
230   -100.379125552      36.8683415603       37215.3001755       
231   -100.365330419      36.8509623587       37238.551367        
232   -100.351602435      36.8336547967       37255.941055        
233   -100.337940763      36.8164179904       37267.4543547       
234   -100.324344631      36.7992511343       37273.0792685       
235   -100.310813328      36.7821534975       37272.8065745       
236   -100.297346199      36.7651244189       37266.6297091       
237   -100.283942644      36.7481633029       37254.5446424       
238   -100.270599839      36.7312667677       37236.4341632       
239   -100.257321884      36.7144400957       37212.5328539       
240   -100.244106099      36.6976800855       37182.7305346       
241   -100.230952121      36.6809864333       37147.0349516       
242   -100.21785964       36.6643589003       37105.4566033       
243   -100.204828395      36.6477973108       37058.0087356       
244   -100.191858178      36.6313015513       37004.7073401       
245   -100.178948827      36.6148715691       36945.5711546       
246   -100.166100228      36.5985073708       36880.6216627       
247   -100.153309383      36.5822053265       36809.7519823       
248   -100.140582148      36.5659729664       36733.252355        
249   -100.127915628      36.5498067926       36651.0220363       
250   -100.115309902      36.5337070551       36563.0943212       
251   -100.102765093      36.5176740612       36469.5054736       
252   -100.09028137       36.5017081749       36370.2947554       
253   -100.077858944      36.4858098159       36265.5044563       
254   -100.065498069      36.4699794582       36155.1799217       
255   -100.05319904       36.4542176292       36039.3695798       
256   -100.040960221      36.4385224132       35918.0595776       
257   -100.02878599       36.4228995057       35791.4379288       
258   -100.016674842      36.4073471611       35659.499197        
259   -100.004627277      36.3918661732       35522.3065382       
260   -99.9926438433      36.3764573981       35379.9268495       
261   -99.9807251381      36.361121755        35232.4308661       
262   -99.968871806       36.345860227        35079.8932601       
263   -99.9570845407      36.3306738607       34922.3927431       
264   -99.9453640845      36.3155637675       34760.0121704       
265   -99.9337110936      36.3005309775       34592.909401        
266   -99.9221266879      36.2855770353       34421.0339508       
267   -99.9106116297      36.2707031116       34244.5520916       
268   -99.8991668654      36.2559105884       34063.5639523       
269   -99.887793393       36.2412009164       33878.1742608       
270   -99.8764922616      36.2265756147       33688.4924452       
271   -99.8652645719      36.2120362717       33494.6327345       
272   -99.8541114764      36.1975845455       33296.714259        
273   -99.8430341794      36.1832221635       33094.8611508       
274   -99.8320354139      36.1689528722       32889.4397015       
275   -99.8211135243      36.1547746293       32680.1075566       
276   -99.8102713385      36.140691309        32467.2392589       
277   -99.7995102591      36.1267049072       32250.9777301       
278   -99.7888317375      36.1128174867       32031.4708317       
279   -99.7782372736      36.099031176        31808.8713755       
280   -99.7677284143      36.0853481685       31583.337125        
281   -99.7573067529      36.0717707209       31355.0307869       
282   -99.7469739279      36.0583011522       31124.1199933       
283   -99.7367430296      36.0449567861       30891.8710497       
284   -99.7265928744      36.0317100578       30656.2633365       
285   -99.7165365567      36.0185782957       30418.5645627       
286   -99.7065758037      36.0055639475       30178.9532948       
287   -99.6967123604      35.9926694871       29937.6106881       
288   -99.6869479844      35.979897408        29694.7200854       
289   -99.6772844401      35.967250216        29450.4665762       
290   -99.6677234927      35.954730421        29205.0365144       
291   -99.6582669019      35.9423405287       28958.6169923       
292   -99.6488815167      35.9300373291       28708.4605687       
293   -99.6396388449      35.917914655        28460.6225787       
294   -99.630505662       35.9059292233       28212.3498969       
295   -99.62148361        35.8940833952       27963.823972        
296   -99.6125742789      35.8823794662       27715.2229766       
297   -99.6037791964      35.8708196511       27466.7208645       
298   -99.5950998156      35.859406069        27218.4863602       
299   -99.5865375032      35.8481407266       26970.6818768       
300   -99.5780935262      35.8370255003       26723.4623602       
301   -99.5697843732      35.8260822809       26478.0177357       
302   -99.5615808412      35.8152728912       26232.4267141       
303   -99.5534995508      35.8046193888       25987.8860011       
304   -99.5455416031      35.7941234338       25744.5336616       
305   -99.5377080172      35.7837865779       25502.4998816       
306   -99.5299997257      35.7736102586       25261.9063231       
307   -99.522417572       35.7635957946       25022.8654761       
308   -99.5149623068      35.7537443814       24785.4800104       
309   -99.5076313687      35.7440528368       24549.546412        
310   -99.5004314         35.734530139        24315.7303222       
311   -99.4933592264      35.7251722955       24083.7969446       
312   -99.4864148369      35.7159794888       23853.795907        
313   -99.4795990185      35.7069529508       23625.8508582       
314   -99.4729096358      35.6980900551       23399.8194169       
315   -99.4663475177      35.6893920823       23175.8215269       
316   -99.4599122986      35.6808587332       22953.8733107       
317   -99.453602533       35.6724882724       22733.892453        
318   -99.4474195854      35.6642826894       22516.0553016       
319   -99.4413616174      35.6562397215       22300.252029        
320   -99.4354277186      35.6483583322       22086.4570597       
321   -99.4296168409      35.6406372988       21874.6351242       
322   -99.4239293543      35.6330772762       21664.885762        
323   -99.4183612063      35.6256730437       21456.8868908       
324   -99.4129126604      35.6184251057       21250.7296126       
325   -99.4075824847      35.6113319774       21046.3632913       
326   -99.4023684516      35.6043908464       20843.6455622       
327   -99.3972708116      35.5976021869       20642.6747312       
328   -99.3922871336      35.5909629072       20443.2950578       
329   -99.3874157681      35.5844709486       20245.4284338       
330   -99.3826552995      35.5781245591       20049.0221623       
331   -99.3780035787      35.5719210046       19853.9446977       
332   -99.3734591447      35.5658584634       19660.1404629       
333   -99.3690202425      35.5599347174       19467.5245808       
334   -99.3646843498      35.55414652         19275.9339239       
335   -99.3604510931      35.5484934883       19085.4355649       
336   -99.3563178917      35.5429722889       18895.8654085       
337   -99.3522828786      35.537580537        18707.1366856       
338   -99.3483460149      35.5323182851       18519.3558699       
339   -99.3445018174      35.5271783094       18332.0578323       
340   -99.3407502971      35.5221607209       18145.3554735       
341   -99.3370896795      35.5172632414       17959.1744681       
342   -99.3335174148      35.5124825536       17773.3565334       
343   -99.330033162       35.5078182868       17587.9927014       
344   -99.326634299       35.5032670198       17402.9223378       
345   -99.3233189671      35.4988263472       17218.0706635       
346   -99.3200853099      35.4944938617       17033.3580049       
347   -99.3169316606      35.490267411        16848.7407508       
348   -99.3138562796      35.4861447372       16664.1513726       
349   -99.3108574731      35.4821236423       16479.5338841       
350   -99.3079340059      35.4782025408       16294.8905636       
351   -99.3050833652      35.4743781294       16110.0640395       
352   -99.3023043593      35.4706488752       15925.064114        
353   -99.2995953993      35.4670127087       15739.8508204       
354   -99.2969541342      35.4634665362       15554.2893809       
355   -99.2943806018      35.460010465        15368.5431178       
356   -99.2918724965      35.456641457        15182.4824604       
357   -99.2894283186      35.4533575525       14996.0788191       
358   -99.2870465836      35.4501568095       14809.3027053       
359   -99.2847259012      35.4470374107       14622.1449878       
360   -99.2824648793      35.4439975339       14434.5880678       
361   -99.2802621663      35.4410354093       14246.6217604       
362   -99.2781178932      35.4381512589       14058.4754715       
363   -99.2760278665      35.4353394862       13869.6766169       
364   -99.2739922679      35.4326003772       13680.4627214       
365   -99.2720098668      35.4299323171       13490.8409157       
366   -99.2700794643      35.4273337314       13300.8230386       
367   -99.2681998914      35.4248030845       13110.4257667       
368   -99.2663700092      35.4223388792       12919.6707497       
369   -99.2645887073      35.4199396554       12728.5847521       
370   -99.2628552036      35.4176043933       12537.2519275       
371   -99.2611678246      35.4153308711       12345.5949215       
372   -99.2595258345      35.4131181281       12153.7019305       
373   -99.2579282246      35.4109648351       11961.6138232       
374   -99.2563743142      35.408870104        11769.4562071       
375   -99.2548624419      35.4068317215       11577.0941973       
376   -99.2533919334      35.4048488053       11384.6516553       
377   -99.2519613918      35.4029194978       11192.0877352       
378   -99.2505706563      35.4010436049       10999.6014627       
379   -99.2492183272      35.3992192627       10807.1466658       
380   -99.2479034169      35.3974451609       10614.7566672       
381   -99.2466250909      35.3957201949       10422.5039262       
382   -99.2453821063      35.3940427075       10230.3427414       
383   -99.2441736802      35.3924116616       10038.3488578       
384   -99.2429988857      35.3908258243       9846.55553159       
385   -99.2418567251      35.3892838665       9654.97587256       
386   -99.2407464196      35.387784753        9463.67380625       
387   -99.2396669768      35.3863271597       9272.65754631       
388   -99.2386174913      35.3849098794       9081.95144971       
389   -99.2375970728      35.3835317236       8891.58056304       
390   -99.2366048487      35.3821915273       8701.56712995       
391   -99.2356399488      35.3808881279       8511.92906341       
392   -99.2347015358      35.3796204063       8322.69202391       
393   -99.2337887644      35.3783872319       8133.87105485       
394   -99.2329008348      35.3771875351       7945.49331035       
395   -99.2320369666      35.3760202713       7757.58500174       
396   -99.231196386       35.3748844047       7570.1693483        
397   -99.2303783635      35.3737789582       7383.27980423       
398   -99.2295822198      35.3727030223       7196.97024747       
399   -99.22880717        35.3716555439       7011.22479324       
400   -99.2280525693      35.370635659        6826.09633397       
401   -99.2273176889      35.3696423895       6641.58513452       
402   -99.2266019793      35.3686749988       6457.77050843       
403   -99.2259047311      35.3677325341       6274.64584453       
404   -99.2252252961      35.3668141247       6092.22210167       
405   -99.2245630975      35.3659189958       5910.54451771       
406   -99.223917565       35.3650463814       5729.64641542       
407   -99.2232880669      35.3641954318       5549.5173858        
408   -99.2226740804      35.3633654442       5370.20129012       
409   -99.2220750733      35.3625557029       5191.72735877       
410   -99.2214905108      35.3617654881       5014.10841884       
411   -99.2209198553      35.360994076        4837.34439374       
412   -99.2203626668      35.3602408747       4661.49861608       
413   -99.2198184359      35.3595051979       4486.56534851       
414   -99.2192867393      35.3587864755       4312.59429772       
415   -99.2187670462      35.3580839921       4139.53574931       
416   -99.218258975       35.3573972335       3967.44535955       
417   -99.2177621058      35.3567256336       3796.33615951       
418   -99.2172760305      35.3560686419       3626.22164997       
419   -99.2168003466      35.3554257159       3457.10363899       
420   -99.2163346948      35.3547963705       3289.01375866       
421   -99.2158787157      35.3541801207       3121.96645168       
422   -99.2154320331      35.3535764589       2955.94138224       
423   -99.2149943237      35.3529849485       2790.96329555       
424   -99.2145652633      35.3524051519       2627.04048779       
425   -99.2141445399      35.3518366473       2464.18144529       
426   -99.2137319139      35.3512791125       2302.38374917       
427   -99.2133269679      35.350731981        2141.6661459        
428   -99.2129294871      35.3501949635       1982.02593029       
429   -99.2125392042      35.3496676989       1823.46616217       
430   -99.2121558637      35.3491498415       1665.98891826       
431   -99.2117793963      35.3486413003       1509.6626913        
432   -99.2114092124      35.3481412725       1354.35150175       
433   -99.2110452564      35.3476496854       1200.12023155       
434   -99.2106873106      35.3471662444       1046.96558203       
435   -99.2103351673      35.3466906683       894.883023362       
436   -99.2099887911      35.3462229119       743.954016788       
437   -99.2096476571      35.3457622593       593.993039438       
438   -99.2093117324      35.3453086686       445.073602498       
439   -99.208980836       35.3448618943       297.181930023       
440   -99.2086547946      35.344421702        150.302363601       
441   -99.2083334439      35.3439878691       4.42278522253       
442   -99.2080165969      35.3435601424       -140.509513645      
