LYNX_CECIL_180DEG

0
0 99900 57600 59400
0 0 0 1
5
27.7738277778 277.448436111
27.7773111111 278.9108
30.3512611111 278.868491667
30.3305944444 277.414080556
27.7738277778 277.448436111
LYNX_SS2_FRONTRANGE_150DEG

0
0 99900 84900 300
0 0 0 1
5
40.2275444444 256.035938889
39.5654444444 254.699230556
37.4236333333 256.626355556
38.1252388889 257.9408
40.2275444444 256.035938889
LYNX_SS2_MIDLAND_0DEG

0
0 99900 70800 72600
0 0 0 1
5
31.8246777778 257.015094444
31.8281611111 258.477458333
34.4021111111 258.43515
34.3814444444 256.980736111
31.8246777778 257.015094444
R-5107E_WSMR_SOUNDINGROCKET

0
0 99900 64800 75600
0 0 0 1
6
33.9512838889 253.265776111
33.9 253.224444444
33.5458333333 253.020277778
33.4472222222 252.999444444
33.5833333333 253.199444444
33.9512838889 253.265776111
R-5107H_WSMR_SOUNDINGROCKET

0
0 9000 64800 75600
0 0 0 1
8
34.2833333333 253.932777778
33.875 253.932777778
33.875 253.58
33.8291666667 253.58
33.8291666667 253.243888889
34.2625 253.324444444
34.2833333333 253.799444444
34.2833333333 253.932777778
SS2_SPACEPORTAM_0DEG

0
0 99900 66900 68700
0 0 0 1
5
32.9301666667 252.311155556
32.93365 253.773522222
35.5076 253.731213889
35.4869361111 252.2768
32.9301666667 252.311155556
SS2_TITUSVILLE_50DEG

0
0 99900 40800 42600
0 0 0 1
5
28.843225 278.779580556
27.9750694444 279.814083333
30.0190527778 281.866547222
30.9024277778 280.819319444
28.843225 278.779580556
VANHORN_BLUEORIGIN1

0
0 99900 51000 52800
0 0 0 1
9
31.735 255.237222222
31.6376722222 255.491252778
31.4516666667 255.569352778
31.2589611111 255.476830556
31.1683333333 255.237222222
31.2644194444 254.987838889
31.4516666667 254.905091667
31.6448722222 255.006683333
31.735 255.237222222
