S4DE_BLUEORIGIN_2018H0_0

0
0 15000 51600 51660
0 0 0 1
38
31.4681 255.249
31.4681 255.277
31.4681 255.283
31.4681 255.289
31.4591 255.306
31.4546 255.312
31.4546 255.312
31.4411 255.317
31.4366 255.317
31.4276 255.317
31.4231 255.317
31.4187 255.317
31.4186 255.317
31.4186 255.317
31.4052 255.312
31.3962 255.306
31.3962 255.306
31.3917 255.295
31.3872 255.283
31.3872 255.249
31.3872 255.238
31.3872 255.238
31.3917 255.22
31.3962 255.209
31.4007 255.203
31.4052 255.203
31.4231 255.203
31.4321 255.203
31.4411 255.203
31.4456 255.203
31.4456 255.203
31.4501 255.209
31.4546 255.215
31.4591 255.22
31.4591 255.22
31.4591 255.22
31.4681 255.243
31.4681 255.249
S4DE_BLUEORIGIN_2018H0_1

0
15000 30000 51600 51660
0 0 0 1
32
31.4636 255.289
31.4636 255.3
31.4546 255.312
31.4411 255.317
31.4366 255.317
31.4276 255.317
31.4232 255.317
31.4231 255.317
31.4052 255.312
31.4052 255.312
31.4052 255.312
31.3962 255.306
31.3917 255.3
31.3872 255.283
31.3872 255.283
31.3872 255.26
31.3962 255.215
31.4007 255.209
31.4052 255.209
31.4097 255.209
31.4231 255.209
31.4276 255.209
31.4456 255.209
31.4501 255.209
31.4501 255.209
31.4501 255.209
31.4546 255.22
31.4636 255.249
31.4636 255.249
31.4636 255.255
31.4636 255.272
31.4636 255.289
S4DE_BLUEORIGIN_2018H0_2

0
30000 45000 51600 51660
0 0 0 1
31
31.4546 255.26
31.4546 255.277
31.4546 255.283
31.4546 255.289
31.4546 255.289
31.4456 255.3
31.4456 255.3
31.4366 255.3
31.4097 255.3
31.4052 255.3
31.4052 255.3
31.4007 255.295
31.3962 255.289
31.3962 255.289
31.3962 255.283
31.3962 255.277
31.3962 255.272
31.3962 255.255
31.3962 255.243
31.3962 255.22
31.3962 255.215
31.3962 255.215
31.4007 255.209
31.4007 255.209
31.4097 255.209
31.4411 255.209
31.4501 255.209
31.4501 255.209
31.4546 255.243
31.4546 255.243
31.4546 255.26
S4DE_BLUEORIGIN_2018H0_3

0
45000 60000 51600 51660
0 0 0 1
30
31.4501 255.22
31.4501 255.238
31.4501 255.249
31.4501 255.277
31.4501 255.277
31.4501 255.277
31.4411 255.277
31.4321 255.277
31.4142 255.277
31.4097 255.277
31.4052 255.277
31.4007 255.277
31.3962 255.272
31.3962 255.272
31.3962 255.255
31.3962 255.238
31.3962 255.226
31.3962 255.22
31.3962 255.215
31.3962 255.215
31.4007 255.209
31.4007 255.209
31.4052 255.209
31.4097 255.209
31.4142 255.209
31.4411 255.209
31.4501 255.209
31.4501 255.209
31.4501 255.209
31.4501 255.22
S4DE_BLUEORIGIN_2018H2_2

0
30000 45000 51720 51780
0 0 0 1
16
31.4366 255.266
31.4366 255.266
31.4366 255.266
31.4321 255.266
31.4187 255.266
31.4142 255.266
31.4142 255.266
31.4142 255.266
31.4142 255.26
31.4141 255.255
31.4142 255.249
31.4186 255.243
31.4187 255.243
31.4321 255.243
31.4366 255.249
31.4366 255.266
S4DE_BLUEORIGIN_2018H2_3

0
45000 60000 51720 51780
0 0 0 1
19
31.4411 255.255
31.4411 255.26
31.4411 255.26
31.4411 255.26
31.4232 255.26
31.4097 255.26
31.4052 255.26
31.4052 255.255
31.4052 255.243
31.4052 255.22
31.4052 255.22
31.4097 255.22
31.4142 255.22
31.4187 255.22
31.4321 255.22
31.4411 255.22
31.4411 255.22
31.4411 255.232
31.4411 255.255
S4DE_BLUEORIGIN_2018H3_0

0
0 15000 51780 51840
0 0 0 1
31
31.4726 255.283
31.4726 255.289
31.4726 255.295
31.4726 255.295
31.4681 255.3
31.4546 255.312
31.4411 255.317
31.4411 255.317
31.4276 255.317
31.4186 255.317
31.3917 255.306
31.3827 255.289
31.3827 255.289
31.3827 255.289
31.3827 255.266
31.3827 255.243
31.3827 255.232
31.3872 255.215
31.3917 255.203
31.3962 255.198
31.4007 255.198
31.4052 255.198
31.4097 255.198
31.4187 255.198
31.4411 255.198
31.4456 255.198
31.4501 255.198
31.4546 255.198
31.4726 255.238
31.4726 255.255
31.4726 255.283
S4DE_BLUEORIGIN_2018H3_1

0
15000 30000 51780 51840
0 0 0 1
32
31.4681 255.277
31.4681 255.289
31.4681 255.295
31.4681 255.295
31.4636 255.3
31.4546 255.312
31.4501 255.317
31.4501 255.317
31.4366 255.323
31.4321 255.323
31.4142 255.323
31.3962 255.312
31.3872 255.3
31.3827 255.283
31.3827 255.26
31.3827 255.255
31.3827 255.249
31.3827 255.243
31.3827 255.243
31.3872 255.22
31.3917 255.209
31.3962 255.203
31.3962 255.203
31.4007 255.203
31.4411 255.203
31.4501 255.203
31.4501 255.203
31.4501 255.203
31.4591 255.22
31.4681 255.243
31.4681 255.249
31.4681 255.277
S4DE_BLUEORIGIN_2018H3_2

0
30000 45000 51780 51840
0 0 0 1
35
31.4546 255.272
31.4546 255.277
31.4501 255.289
31.4411 255.295
31.4411 255.295
31.4366 255.295
31.4231 255.295
31.4186 255.295
31.4141 255.295
31.4097 255.295
31.4052 255.295
31.4007 255.289
31.3917 255.277
31.3917 255.277
31.3917 255.272
31.3917 255.26
31.3917 255.243
31.3917 255.226
31.3917 255.22
31.3917 255.22
31.3962 255.203
31.3962 255.203
31.3962 255.203
31.4007 255.203
31.4097 255.203
31.4187 255.203
31.4276 255.203
31.4411 255.203
31.4456 255.203
31.4456 255.203
31.4501 255.209
31.4501 255.209
31.4546 255.238
31.4546 255.243
31.4546 255.272
S4DE_BLUEORIGIN_2018H3_3

0
45000 60000 51780 51840
0 0 0 1
25
31.4456 255.26
31.4456 255.266
31.4456 255.266
31.4456 255.266
31.4456 255.266
31.4411 255.266
31.4321 255.266
31.4276 255.266
31.4052 255.266
31.4007 255.266
31.3962 255.266
31.3962 255.266
31.3962 255.249
31.3962 255.238
31.3962 255.215
31.3962 255.209
31.3962 255.203
31.4007 255.203
31.4186 255.203
31.4366 255.203
31.4411 255.203
31.4456 255.203
31.4456 255.203
31.4456 255.203
31.4456 255.26
S4DE_LYNXCECIL_2018H0_0

0
0 15000 58200 58260
0 0 0 1
31
30.1806 278.192
30.1806 278.174
30.1806 278.14
30.1806 278.134
30.1806 278.129
30.2211 278.1
30.2211 278.1
30.2256 278.1
30.2661 278.1
30.2706 278.1
30.2706 278.1
30.2706 278.117
30.2706 278.123
30.2706 278.129
30.2706 278.134
30.2706 278.117
30.2706 278.174
30.2706 278.18
30.2706 278.18
30.2661 278.186
30.2616 278.192
30.2526 278.197
30.2346 278.203
30.2346 278.203
30.2166 278.203
30.1986 278.203
30.1941 278.203
30.1896 278.203
30.1896 278.203
30.1806 278.197
30.1806 278.192
S4DE_LYNXCECIL_2018H1_0

0
0 15000 58260 58320
0 0 0 1
42
30.0637 278.146
30.0637 278.129
30.0637 278.123
30.0637 278.123
30.0682 278.117
30.0682 278.117
30.0817 278.112
30.0952 278.106
30.0952 278.106
30.0997 278.106
30.1132 278.106
30.1222 278.106
30.1402 278.106
30.1447 278.106
30.1582 278.106
30.1627 278.106
30.1627 278.106
30.1851 278.112
30.2076 278.117
30.2256 278.123
30.2391 278.129
30.2391 278.129
30.2391 278.174
30.2391 278.186
30.2391 278.197
30.2301 278.203
30.2256 278.203
30.2166 278.203
30.2076 278.203
30.1986 278.203
30.1851 278.203
30.1672 278.203
30.1627 278.203
30.1312 278.197
30.1132 278.192
30.0952 278.18
30.0862 278.174
30.0862 278.174
30.0817 278.169
30.0682 278.152
30.0637 278.146
30.0637 278.146
S4DE_LYNXCECIL_2018H1_1

0
15000 30000 58260 58320
0 0 0 1
29
30.0547 278.129
30.0547 278.123
30.0637 278.112
30.0682 278.106
30.0682 278.106
30.0772 278.106
30.1177 278.106
30.1222 278.106
30.2166 278.134
30.2166 278.134
30.2166 278.14
30.2166 278.157
30.2166 278.186
30.2166 278.197
30.2166 278.197
30.1986 278.197
30.1672 278.197
30.1492 278.197
30.1087 278.197
30.0952 278.192
30.0952 278.192
30.0682 278.174
30.0592 278.169
30.0592 278.169
30.0547 278.157
30.0547 278.157
30.0547 278.157
30.0547 278.146
30.0547 278.129
S4DE_LYNXCECIL_2018H1_2

0
30000 45000 58260 58320
0 0 0 1
32
30.0592 278.157
30.0592 278.14
30.0592 278.134
30.0592 278.129
30.0682 278.123
30.0682 278.123
30.0952 278.123
30.0997 278.123
30.1042 278.123
30.1267 278.129
30.1492 278.134
30.1492 278.134
30.1492 278.146
30.1492 278.157
30.1492 278.169
30.1492 278.192
30.1492 278.192
30.1492 278.192
30.1447 278.197
30.1447 278.197
30.1267 278.197
30.1132 278.197
30.1087 278.197
30.0952 278.197
30.0862 278.197
30.0772 278.197
30.0727 278.197
30.0727 278.197
30.0682 278.192
30.0592 278.18
30.0592 278.18
30.0592 278.157
S4DE_LYNXCECIL_2018H2_0

0
0 15000 58320 58380
0 0 0 1
19
30.0592 278.129
30.0592 278.123
30.0682 278.117
30.0727 278.117
30.0772 278.117
30.0817 278.117
30.0862 278.117
30.0907 278.129
30.0907 278.134
30.0907 278.14
30.0862 278.152
30.0772 278.152
30.0727 278.152
30.0682 278.152
30.0682 278.152
30.0592 278.14
30.0592 278.14
30.0592 278.14
30.0592 278.129
S4DE_LYNXCECIL_2018H2_1

0
15000 30000 58320 58380
0 0 0 1
31
30.0367 278.129
30.0367 278.117
30.0457 278.112
30.0592 278.106
30.0637 278.106
30.0682 278.106
30.0727 278.106
30.0772 278.106
30.0952 278.106
30.0997 278.106
30.0997 278.106
30.1087 278.112
30.1087 278.112
30.1087 278.117
30.1087 278.123
30.1087 278.134
30.1087 278.146
30.1087 278.152
30.1042 278.163
30.0997 278.169
30.0907 278.174
30.0862 278.174
30.0682 278.174
30.0682 278.174
30.0592 278.169
30.0502 278.163
30.0457 278.157
30.0367 278.146
30.0367 278.146
30.0367 278.14
30.0367 278.129
S4DE_LYNXCECIL_2018H2_2

0
30000 45000 58320 58380
0 0 0 1
30
30.0232 278.146
30.0232 278.14
30.0232 278.14
30.0277 278.129
30.0367 278.123
30.0502 278.117
30.0547 278.117
30.0682 278.117
30.0862 278.117
30.1042 278.123
30.1132 278.129
30.1177 278.134
30.1177 278.134
30.1177 278.134
30.1177 278.14
30.1177 278.146
30.1177 278.157
30.1177 278.174
30.1177 278.18
30.1132 278.192
30.1132 278.192
30.0997 278.197
30.0907 278.197
30.0772 278.197
30.0727 278.197
30.0727 278.197
30.0412 278.18
30.0277 278.169
30.0232 278.152
30.0232 278.146
S4DE_LYNXCECIL_2018H2_3

0
45000 60000 58320 58380
0 0 0 1
29
30.0232 278.163
30.0232 278.157
30.0232 278.152
30.0232 278.152
30.0277 278.14
30.0322 278.134
30.0322 278.134
30.0367 278.134
30.0502 278.134
30.0547 278.134
30.0727 278.134
30.0817 278.134
30.0862 278.134
30.0862 278.134
30.0907 278.14
30.0907 278.14
30.0907 278.146
30.0907 278.186
30.0907 278.192
30.0907 278.192
30.0907 278.192
30.0682 278.197
30.0592 278.197
30.0457 278.197
30.0367 278.197
30.0277 278.186
30.0232 278.18
30.0232 278.174
30.0232 278.163
S4DE_LYNXCECIL_2018H6_1

0
15000 30000 58560 58620
0 0 0 1
25
29.7534 278.14
29.7534 278.123
29.7534 278.123
29.7579 278.117
29.7714 278.117
29.7849 278.117
29.7894 278.117
29.7939 278.117
29.8119 278.123
29.8119 278.123
29.8164 278.129
29.8164 278.134
29.8164 278.14
29.8164 278.146
29.8164 278.146
29.8119 278.152
29.7939 278.157
29.7894 278.157
29.7714 278.157
29.7624 278.157
29.7579 278.157
29.7579 278.157
29.7534 278.152
29.7534 278.146
29.7534 278.14
S4DE_LYNXCECIL_2018H6_2

0
30000 45000 58560 58620
0 0 0 1
32
29.7489 278.146
29.7489 278.134
29.7489 278.129
29.7489 278.129
29.7534 278.123
29.7624 278.117
29.7624 278.117
29.7669 278.117
29.7714 278.117
29.7939 278.117
29.8029 278.117
29.8029 278.117
29.8298 278.123
29.8299 278.123
29.8344 278.134
29.8344 278.134
29.8344 278.146
29.8344 278.157
29.8344 278.163
29.8344 278.163
29.8299 278.174
29.8299 278.174
29.8164 278.18
29.8119 278.18
29.7804 278.18
29.7669 278.18
29.7624 278.18
29.7579 278.18
29.7534 278.174
29.7489 278.169
29.7489 278.163
29.7489 278.146
S4DE_LYNXCECIL_2018H6_3

0
45000 60000 58560 58620
0 0 0 1
26
29.7534 278.186
29.7534 278.14
29.7579 278.134
29.7624 278.129
29.7624 278.129
29.7669 278.129
29.7759 278.129
29.7894 278.129
29.7984 278.129
29.8209 278.129
29.8254 278.129
29.8344 278.134
29.8389 278.14
29.8389 278.157
29.8389 278.174
29.8388 278.18
29.8344 278.192
29.8344 278.192
29.8254 278.192
29.8119 278.192
29.7984 278.192
29.7849 278.192
29.7669 278.192
29.7624 278.192
29.7534 278.186
29.7534 278.186
S4DE_LYNXCECIL_2018H7_0

0
0 15000 58620 58680
0 0 0 1
32
29.551 278.015
29.5555 278.003
29.5645 277.986
29.578 277.986
29.5915 277.986
29.7669 278.112
29.7669 278.112
29.7714 278.117
29.7714 278.117
29.7714 278.117
29.7714 278.123
29.7714 278.129
29.7714 278.134
29.7714 278.134
29.7669 278.14
29.7669 278.14
29.7624 278.14
29.7579 278.14
29.7534 278.14
29.7534 278.14
29.7174 278.134
29.6949 278.129
29.6949 278.129
29.6545 278.117
29.605 278.1
29.605 278.1
29.596 278.095
29.578 278.083
29.5735 278.077
29.56 278.06
29.551 278.032
29.551 278.015
S4DE_LYNXCECIL_2018H7_1

0
15000 30000 58620 58680
0 0 0 1
36
29.5465 278.043
29.5465 278.015
29.5465 278.015
29.5555 277.986
29.56 277.98
29.5645 277.975
29.5735 277.969
29.5735 277.969
29.578 277.969
29.587 277.969
29.5915 277.969
29.5915 277.969
29.605 277.975
29.7804 278.106
29.7849 278.112
29.7849 278.112
29.7849 278.117
29.7849 278.123
29.7849 278.14
29.7849 278.152
29.7804 278.157
29.7804 278.157
29.7759 278.157
29.7714 278.157
29.7669 278.157
29.7489 278.157
29.7174 278.152
29.6994 278.146
29.65 278.129
29.605 278.112
29.5735 278.095
29.5555 278.072
29.551 278.06
29.5465 278.043
29.5465 278.043
29.5465 278.043
S4DE_LYNXCECIL_2018H7_2

0
30000 45000 58620 58680
0 0 0 1
32
29.5555 278.009
29.5555 278.009
29.56 277.997
29.5645 277.992
29.5645 277.992
29.5645 277.992
29.569 277.992
29.6095 277.992
29.6095 277.992
29.7894 278.112
29.7939 278.117
29.7984 278.123
29.7984 278.123
29.7984 278.134
29.7984 278.146
29.7984 278.163
29.7939 278.174
29.7894 278.18
29.7804 278.18
29.7669 278.18
29.7624 278.18
29.7579 278.18
29.7174 278.169
29.6994 278.163
29.6095 278.129
29.587 278.117
29.587 278.117
29.569 278.1
29.5645 278.095
29.5555 278.077
29.5555 278.072
29.5555 278.009
S4DE_LYNXCECIL_2018H7_3

0
45000 60000 58620 58680
0 0 0 1
31
29.6365 278.095
29.6365 278.083
29.6545 278.083
29.6724 278.083
29.6769 278.083
29.6814 278.083
29.6994 278.089
29.7894 278.123
29.7984 278.129
29.8074 278.14
29.8074 278.14
29.8074 278.146
29.8074 278.152
29.8074 278.163
29.8074 278.169
29.8074 278.174
29.8029 278.186
29.7984 278.192
29.7939 278.192
29.7894 278.192
29.7714 278.192
29.7669 278.192
29.7624 278.192
29.7444 278.186
29.7084 278.174
29.6634 278.157
29.641 278.146
29.6365 278.14
29.6365 278.14
29.6365 278.129
29.6365 278.095
S4DE_LYNXCECIL_2018H8_1

0
15000 30000 58680 58740
0 0 0 1
24
29.56 278.003
29.56 277.998
29.56 277.992
29.5645 277.975
29.5645 277.975
29.5735 277.969
29.578 277.969
29.587 277.969
29.596 277.969
29.6005 277.969
29.6005 277.969
29.6095 277.975
29.6095 277.992
29.6095 277.997
29.6095 278.003
29.6095 278.015
29.6005 278.026
29.5915 278.032
29.587 278.032
29.569 278.032
29.5645 278.026
29.5645 278.026
29.56 278.009
29.56 278.003
S4DE_LYNXCECIL_2018H8_2

0
30000 45000 58680 58740
0 0 0 1
25
29.56 278.015
29.56 277.998
29.56 277.997
29.5645 277.992
29.5735 277.986
29.578 277.986
29.596 277.986
29.605 277.986
29.6095 277.986
29.614 277.992
29.614 277.992
29.614 277.997
29.614 278.009
29.614 278.015
29.614 278.02
29.614 278.026
29.614 278.032
29.6095 278.049
29.6005 278.049
29.578 278.049
29.569 278.049
29.5645 278.049
29.56 278.043
29.56 278.037
29.56 278.015
S4DE_LYNXFRONTRANGE_2018H0_0

0
0 15000 85500 85560
0 0 0 1
31
39.7859 255.559
39.778 255.545
39.7621 255.518
39.7595 255.513
39.7569 255.508
39.7764 255.455
39.7764 255.455
39.78 255.452
39.8128 255.422
39.8164 255.418
39.8164 255.418
39.8243 255.432
39.827 255.437
39.8296 255.441
39.8323 255.446
39.8243 255.432
39.8508 255.478
39.8534 255.483
39.8534 255.483
39.8524 255.491
39.8514 255.499
39.8468 255.51
39.8349 255.528
39.8349 255.528
39.8203 255.542
39.8058 255.555
39.8021 255.558
39.7985 255.562
39.7985 255.562
39.7886 255.564
39.7859 255.559
S4DE_LYNXFRONTRANGE_2018H1_0

0
0 15000 85560 85620
0 0 0 1
42
39.6702 255.61
39.6623 255.596
39.6596 255.591
39.6596 255.591
39.6606 255.583
39.6606 255.583
39.6689 255.568
39.6771 255.554
39.6772 255.554
39.6808 255.55
39.6917 255.54
39.699 255.534
39.7135 255.52
39.7172 255.517
39.7281 255.507
39.7317 255.503
39.7317 255.503
39.7526 255.491
39.7734 255.479
39.7906 255.47
39.8042 255.465
39.8042 255.465
39.8253 255.502
39.8306 255.511
39.8359 255.52
39.8312 255.532
39.8276 255.535
39.8203 255.542
39.8131 255.548
39.8058 255.555
39.7949 255.565
39.7803 255.579
39.7767 255.582
39.7486 255.601
39.7314 255.61
39.7115 255.614
39.7016 255.616
39.7016 255.616
39.6953 255.615
39.6765 255.611
39.6702 255.61
39.6702 255.61
S4DE_LYNXFRONTRANGE_2018H1_1

0
15000 30000 85560 85620
0 0 0 1
29
39.655 255.602
39.6523 255.598
39.6543 255.582
39.6553 255.574
39.6553 255.574
39.6626 255.567
39.6953 255.537
39.699 255.534
39.7886 255.486
39.7886 255.486
39.7913 255.491
39.7992 255.505
39.8124 255.528
39.8177 255.537
39.8177 255.537
39.8031 255.55
39.7777 255.574
39.7631 255.587
39.7304 255.618
39.7168 255.623
39.7168 255.623
39.687 255.629
39.6771 255.631
39.6771 255.631
39.6682 255.625
39.6682 255.625
39.6682 255.625
39.6629 255.616
39.655 255.602
S4DE_LYNXFRONTRANGE_2018H1_2

0
30000 45000 85560 85620
0 0 0 1
32
39.6718 255.622
39.6639 255.608
39.6613 255.604
39.6586 255.599
39.6632 255.588
39.6633 255.588
39.6851 255.568
39.6887 255.564
39.6924 255.561
39.7132 255.549
39.734 255.537
39.734 255.537
39.7393 255.546
39.7446 255.555
39.7499 255.564
39.7605 255.583
39.7605 255.583
39.7605 255.583
39.7595 255.591
39.7595 255.591
39.7449 255.604
39.734 255.614
39.7304 255.618
39.7195 255.628
39.7122 255.634
39.7049 255.641
39.7013 255.644
39.7013 255.644
39.695 255.643
39.6824 255.641
39.6824 255.641
39.6718 255.622
S4DE_LYNXFRONTRANGE_2018H2_0

0
0 15000 85620 85680
0 0 0 1
19
39.6586 255.599
39.656 255.594
39.6606 255.583
39.6642 255.58
39.6679 255.576
39.6715 255.573
39.6752 255.57
39.6841 255.576
39.6867 255.58
39.6894 255.585
39.691 255.597
39.6838 255.604
39.6801 255.607
39.6765 255.611
39.6765 255.611
39.6639 255.608
39.6639 255.608
39.6639 255.608
39.6586 255.599
S4DE_LYNXFRONTRANGE_2018H2_1

0
15000 30000 85620 85680
0 0 0 1
31
39.6404 255.616
39.6351 255.607
39.6398 255.595
39.648 255.581
39.6517 255.577
39.6553 255.574
39.659 255.571
39.6626 255.567
39.6771 255.554
39.6808 255.55
39.6808 255.55
39.6907 255.548
39.6907 255.548
39.6934 255.553
39.696 255.558
39.7013 255.567
39.7066 255.576
39.7092 255.581
39.7109 255.593
39.7099 255.601
39.7052 255.613
39.7016 255.616
39.687 255.629
39.687 255.629
39.6771 255.631
39.6672 255.633
39.6609 255.632
39.6484 255.63
39.6484 255.63
39.6457 255.625
39.6404 255.616
S4DE_LYNXFRONTRANGE_2018H2_2

0
30000 45000 85620 85680
0 0 0 1
30
39.6374 255.64
39.6348 255.635
39.6348 255.635
39.6331 255.623
39.6378 255.611
39.6461 255.597
39.6497 255.593
39.6606 255.583
39.6752 255.57
39.6924 255.561
39.7023 255.559
39.7086 255.56
39.7086 255.56
39.7086 255.56
39.7112 255.565
39.7139 255.569
39.7191 255.579
39.7271 255.592
39.7297 255.597
39.7314 255.61
39.7314 255.61
39.7231 255.624
39.7158 255.631
39.7049 255.641
39.7013 255.644
39.7013 255.644
39.6679 255.654
39.6517 255.655
39.6401 255.644
39.6374 255.64
S4DE_LYNXFRONTRANGE_2018H2_3

0
45000 60000 85620 85680
0 0 0 1
29
39.6454 255.654
39.6427 255.649
39.6401 255.644
39.6401 255.644
39.6384 255.632
39.6394 255.624
39.6394 255.624
39.6431 255.62
39.654 255.61
39.6576 255.607
39.6722 255.594
39.6794 255.587
39.6831 255.584
39.6831 255.584
39.6894 255.585
39.6894 255.585
39.692 255.589
39.7105 255.622
39.7132 255.626
39.7132 255.626
39.7132 255.626
39.6976 255.648
39.6903 255.654
39.6794 255.665
39.6721 255.671
39.6596 255.669
39.6533 255.667
39.6507 255.663
39.6454 255.654
S4DE_LYNXFRONTRANGE_2018H6_1

0
15000 30000 85860 85920
0 0 0 1
25
39.4165 255.836
39.4086 255.823
39.4086 255.823
39.4096 255.815
39.4205 255.805
39.4314 255.794
39.435 255.791
39.4387 255.788
39.4559 255.779
39.4559 255.779
39.4621 255.78
39.4648 255.785
39.4674 255.789
39.4701 255.794
39.4701 255.794
39.4691 255.802
39.4572 255.82
39.4535 255.823
39.439 255.837
39.4317 255.844
39.4281 255.847
39.4281 255.847
39.4218 255.846
39.4191 255.841
39.4165 255.836
S4DE_LYNXFRONTRANGE_2018H6_2

0
30000 45000 85860 85920
0 0 0 1
32
39.4155 255.844
39.4102 255.835
39.4076 255.831
39.4076 255.831
39.4086 255.823
39.4132 255.811
39.4132 255.811
39.4168 255.808
39.4205 255.805
39.4387 255.788
39.4459 255.781
39.4459 255.781
39.4704 255.766
39.4704 255.766
39.4793 255.771
39.4793 255.771
39.4846 255.781
39.4899 255.79
39.4926 255.794
39.4926 255.794
39.4942 255.807
39.4942 255.807
39.4859 255.822
39.4823 255.825
39.4568 255.849
39.4459 255.859
39.4423 255.862
39.4386 255.865
39.4324 255.864
39.4261 255.863
39.4234 255.858
39.4155 255.844
S4DE_LYNXFRONTRANGE_2018H6_3

0
45000 60000 85860 85920
0 0 0 1
26
39.4376 255.873
39.4165 255.836
39.4175 255.828
39.4185 255.82
39.4185 255.82
39.4221 255.817
39.4294 255.81
39.4403 255.8
39.4476 255.794
39.4658 255.777
39.4694 255.773
39.4793 255.771
39.4856 255.773
39.4936 255.787
39.5015 255.8
39.5041 255.805
39.5058 255.818
39.5058 255.818
39.4985 255.824
39.4876 255.834
39.4767 255.844
39.4658 255.854
39.4512 255.868
39.4476 255.871
39.4376 255.873
39.4376 255.873
S4DE_LYNXFRONTRANGE_2018H7_0

0
0 15000 85920 85980
0 0 0 1
32
39.1946 255.886
39.193 255.873
39.1923 255.853
39.2032 255.843
39.2141 255.832
39.4142 255.803
39.4142 255.803
39.4205 255.805
39.4205 255.805
39.4205 255.805
39.4231 255.809
39.4258 255.814
39.4284 255.818
39.4284 255.818
39.4274 255.826
39.4274 255.826
39.4238 255.83
39.4201 255.833
39.4165 255.836
39.4165 255.836
39.3847 255.859
39.3639 255.871
39.3639 255.871
39.3259 255.892
39.2779 255.915
39.2779 255.915
39.268 255.917
39.2482 255.921
39.2419 255.92
39.223 255.916
39.2025 255.9
39.1946 255.886
S4DE_LYNXFRONTRANGE_2018H7_1

0
15000 30000 85920 85980
0 0 0 1
36
39.2042 255.912
39.191 255.889
39.191 255.889
39.185 255.859
39.186 255.851
39.187 255.843
39.1916 255.832
39.1917 255.832
39.1953 255.829
39.2026 255.822
39.2062 255.819
39.2062 255.819
39.2198 255.813
39.4225 255.789
39.4287 255.79
39.4287 255.79
39.4314 255.794
39.434 255.799
39.442 255.813
39.4473 255.822
39.4463 255.83
39.4463 255.83
39.4426 255.833
39.439 255.837
39.4353 255.84
39.4208 255.854
39.3927 255.872
39.3755 255.881
39.3275 255.904
39.2832 255.924
39.2498 255.934
39.2247 255.929
39.2158 255.923
39.2042 255.912
39.2042 255.912
39.2042 255.912
S4DE_LYNXFRONTRANGE_2018H7_2

0
30000 45000 85920 85980
0 0 0 1
32
39.1956 255.878
39.1956 255.878
39.194 255.865
39.1949 255.857
39.195 255.857
39.195 255.857
39.1986 255.854
39.2313 255.824
39.2313 255.824
39.4324 255.786
39.4387 255.788
39.4449 255.789
39.445 255.789
39.4502 255.798
39.4555 255.807
39.4635 255.821
39.4651 255.834
39.4641 255.842
39.4568 255.849
39.4459 255.859
39.4423 255.862
39.4386 255.865
39.4006 255.886
39.3834 255.895
39.2948 255.935
39.2713 255.942
39.2713 255.942
39.2488 255.942
39.2425 255.94
39.2273 255.933
39.2247 255.929
39.1956 255.878
S4DE_LYNXFRONTRANGE_2018H7_3

0
45000 60000 85920 85980
0 0 0 1
31
39.3007 255.887
39.2955 255.877
39.31 255.864
39.3246 255.851
39.3282 255.847
39.3318 255.844
39.349 255.835
39.4377 255.796
39.4476 255.794
39.4602 255.796
39.4602 255.796
39.4628 255.801
39.4654 255.805
39.4707 255.815
39.4734 255.819
39.476 255.824
39.4777 255.836
39.4767 255.844
39.473 255.848
39.4694 255.851
39.4548 255.865
39.4512 255.868
39.4476 255.871
39.4304 255.88
39.396 255.898
39.3517 255.917
39.3282 255.925
39.3219 255.924
39.3219 255.924
39.3166 255.914
39.3007 255.887
S4DE_LYNXFRONTRANGE_2018H8_1

0
15000 30000 85980 86040
0 0 0 1
24
39.1966 255.87
39.194 255.865
39.1913 255.861
39.187 255.843
39.187 255.843
39.1917 255.832
39.1953 255.829
39.2026 255.822
39.2098 255.815
39.2135 255.812
39.2135 255.812
39.2234 255.81
39.2313 255.824
39.234 255.828
39.2366 255.833
39.2419 255.842
39.2399 255.858
39.2353 255.869
39.2316 255.873
39.2171 255.886
39.2108 255.885
39.2108 255.885
39.1992 255.874
39.1966 255.87
S4DE_LYNXFRONTRANGE_2018H8_2

0
30000 45000 85980 86040
0 0 0 1
25
39.2019 255.879
39.194 255.865
39.194 255.865
39.1949 255.857
39.1996 255.846
39.2032 255.843
39.2178 255.829
39.2251 255.822
39.2287 255.819
39.235 255.82
39.235 255.82
39.2376 255.825
39.2429 255.834
39.2455 255.839
39.2482 255.843
39.2508 255.848
39.2535 255.853
39.2578 255.87
39.2505 255.877
39.2323 255.893
39.225 255.9
39.2214 255.903
39.2151 255.902
39.2125 255.898
39.2019 255.879
S4DE_LYNXMIDLAND_2018H0_0

0
0 15000 71400 71460
0 0 0 1
31
31.9809 257.728
31.9809 257.745
31.9809 257.779
31.9809 257.785
31.9809 257.791
31.9404 257.819
31.9404 257.819
31.9359 257.819
31.8955 257.819
31.891 257.819
31.891 257.819
31.891 257.802
31.891 257.796
31.891 257.791
31.891 257.785
31.891 257.802
31.891 257.745
31.891 257.739
31.891 257.739
31.8955 257.734
31.9 257.728
31.909 257.722
31.9269 257.717
31.9269 257.717
31.9449 257.717
31.9629 257.717
31.9674 257.717
31.9719 257.717
31.9719 257.717
31.9809 257.722
31.9809 257.728
S4DE_LYNXMIDLAND_2018H1_0

0
0 15000 71460 71520
0 0 0 1
42
32.0978 257.774
32.0978 257.791
32.0978 257.796
32.0978 257.796
32.0933 257.802
32.0933 257.802
32.0799 257.808
32.0664 257.814
32.0664 257.814
32.0619 257.814
32.0484 257.814
32.0394 257.814
32.0214 257.814
32.0169 257.814
32.0034 257.814
31.9989 257.814
31.9989 257.814
31.9764 257.808
31.9539 257.802
31.9359 257.796
31.9224 257.791
31.9224 257.791
31.9224 257.745
31.9224 257.734
31.9224 257.722
31.9314 257.717
31.9359 257.717
31.9449 257.717
31.9539 257.717
31.9629 257.717
31.9764 257.717
31.9944 257.717
31.9989 257.717
32.0304 257.722
32.0484 257.728
32.0664 257.739
32.0754 257.745
32.0754 257.745
32.0799 257.751
32.0933 257.768
32.0978 257.774
32.0978 257.774
S4DE_LYNXMIDLAND_2018H1_1

0
15000 30000 71460 71520
0 0 0 1
29
32.1068 257.791
32.1068 257.796
32.0978 257.808
32.0933 257.814
32.0933 257.814
32.0843 257.814
32.0439 257.814
32.0394 257.814
31.9449 257.785
31.9449 257.785
31.9449 257.779
31.9449 257.762
31.9449 257.734
31.9449 257.722
31.9449 257.722
31.9629 257.722
31.9944 257.722
32.0124 257.722
32.0529 257.722
32.0664 257.728
32.0664 257.728
32.0933 257.745
32.1023 257.751
32.1023 257.751
32.1068 257.762
32.1068 257.762
32.1068 257.762
32.1068 257.774
32.1068 257.791
S4DE_LYNXMIDLAND_2018H1_2

0
30000 45000 71460 71520
0 0 0 1
32
32.1023 257.762
32.1023 257.779
32.1023 257.785
32.1023 257.791
32.0933 257.796
32.0933 257.796
32.0664 257.796
32.0619 257.796
32.0574 257.796
32.0349 257.791
32.0124 257.785
32.0124 257.785
32.0124 257.774
32.0124 257.762
32.0124 257.751
32.0124 257.728
32.0124 257.728
32.0124 257.728
32.0169 257.722
32.0169 257.722
32.0349 257.722
32.0484 257.722
32.0529 257.722
32.0664 257.722
32.0753 257.722
32.0843 257.722
32.0888 257.722
32.0888 257.722
32.0933 257.728
32.1023 257.739
32.1023 257.739
32.1023 257.762
S4DE_LYNXMIDLAND_2018H2_0

0
0 15000 71520 71580
0 0 0 1
19
32.1023 257.791
32.1023 257.796
32.0933 257.802
32.0888 257.802
32.0844 257.802
32.0799 257.802
32.0754 257.802
32.0709 257.791
32.0709 257.785
32.0709 257.779
32.0753 257.768
32.0843 257.768
32.0888 257.768
32.0933 257.768
32.0933 257.768
32.1023 257.779
32.1023 257.779
32.1023 257.779
32.1023 257.791
S4DE_LYNXMIDLAND_2018H2_1

0
15000 30000 71520 71580
0 0 0 1
31
32.1248 257.791
32.1248 257.802
32.1158 257.808
32.1023 257.814
32.0978 257.814
32.0933 257.814
32.0888 257.814
32.0843 257.814
32.0664 257.814
32.0619 257.814
32.0619 257.814
32.0529 257.808
32.0529 257.808
32.0529 257.802
32.0529 257.796
32.0529 257.785
32.0529 257.774
32.0529 257.768
32.0574 257.756
32.0619 257.751
32.0709 257.745
32.0754 257.745
32.0933 257.745
32.0933 257.745
32.1023 257.751
32.1113 257.756
32.1158 257.762
32.1248 257.774
32.1248 257.774
32.1248 257.779
32.1248 257.791
S4DE_LYNXMIDLAND_2018H2_2

0
30000 45000 71520 71580
0 0 0 1
30
32.1383 257.774
32.1383 257.779
32.1383 257.779
32.1338 257.791
32.1248 257.796
32.1113 257.802
32.1068 257.802
32.0933 257.802
32.0754 257.802
32.0574 257.796
32.0484 257.791
32.0439 257.785
32.0439 257.785
32.0439 257.785
32.0439 257.779
32.0439 257.774
32.0439 257.762
32.0439 257.745
32.0439 257.739
32.0484 257.728
32.0484 257.728
32.0619 257.722
32.0709 257.722
32.0843 257.722
32.0888 257.722
32.0888 257.722
32.1203 257.739
32.1338 257.751
32.1383 257.768
32.1383 257.774
S4DE_LYNXMIDLAND_2018H2_3

0
45000 60000 71520 71580
0 0 0 1
29
32.1383 257.756
32.1383 257.762
32.1383 257.768
32.1383 257.768
32.1338 257.779
32.1293 257.785
32.1293 257.785
32.1248 257.785
32.1113 257.785
32.1068 257.785
32.0888 257.785
32.0799 257.785
32.0754 257.785
32.0753 257.785
32.0709 257.779
32.0709 257.779
32.0709 257.774
32.0709 257.734
32.0709 257.728
32.0709 257.728
32.0709 257.728
32.0933 257.722
32.1023 257.722
32.1158 257.722
32.1248 257.722
32.1338 257.734
32.1383 257.739
32.1383 257.745
32.1383 257.756
S4DE_LYNXMIDLAND_2018H6_1

0
15000 30000 71760 71820
0 0 0 1
25
32.4082 257.779
32.4082 257.796
32.4082 257.796
32.4037 257.802
32.3902 257.802
32.3767 257.802
32.3722 257.802
32.3677 257.802
32.3497 257.796
32.3497 257.796
32.3452 257.791
32.3452 257.785
32.3452 257.779
32.3452 257.774
32.3452 257.774
32.3497 257.768
32.3677 257.762
32.3722 257.762
32.3902 257.762
32.3992 257.762
32.4037 257.762
32.4037 257.762
32.4082 257.768
32.4082 257.774
32.4082 257.779
S4DE_LYNXMIDLAND_2018H6_2

0
30000 45000 71760 71820
0 0 0 1
32
32.4127 257.774
32.4127 257.785
32.4127 257.791
32.4127 257.791
32.4082 257.796
32.3992 257.802
32.3992 257.802
32.3947 257.802
32.3902 257.802
32.3677 257.802
32.3587 257.802
32.3587 257.802
32.3317 257.796
32.3317 257.796
32.3272 257.785
32.3272 257.785
32.3272 257.774
32.3272 257.762
32.3272 257.756
32.3272 257.756
32.3317 257.745
32.3317 257.745
32.3452 257.739
32.3497 257.739
32.3812 257.739
32.3947 257.739
32.3992 257.739
32.4037 257.739
32.4082 257.745
32.4127 257.751
32.4127 257.756
32.4127 257.774
S4DE_LYNXMIDLAND_2018H6_3

0
45000 60000 71760 71820
0 0 0 1
26
32.4082 257.734
32.4082 257.779
32.4037 257.785
32.3992 257.791
32.3992 257.791
32.3947 257.791
32.3857 257.791
32.3722 257.791
32.3632 257.791
32.3407 257.791
32.3362 257.791
32.3272 257.785
32.3227 257.779
32.3227 257.762
32.3227 257.745
32.3227 257.739
32.3272 257.728
32.3272 257.728
32.3362 257.728
32.3497 257.728
32.3632 257.728
32.3767 257.728
32.3947 257.728
32.3992 257.728
32.4082 257.734
32.4082 257.734
S4DE_LYNXMIDLAND_2018H7_0

0
0 15000 71820 71880
0 0 0 1
32
32.6105 257.905
32.606 257.916
32.597 257.933
32.5836 257.933
32.5701 257.933
32.3947 257.808
32.3947 257.808
32.3902 257.802
32.3902 257.802
32.3902 257.802
32.3902 257.796
32.3902 257.791
32.3902 257.785
32.3902 257.785
32.3947 257.779
32.3947 257.779
32.3992 257.779
32.4037 257.779
32.4082 257.779
32.4082 257.779
32.4441 257.785
32.4666 257.791
32.4666 257.791
32.5071 257.802
32.5566 257.819
32.5566 257.819
32.5656 257.825
32.5836 257.836
32.5881 257.842
32.6015 257.859
32.6105 257.888
32.6105 257.905
S4DE_LYNXMIDLAND_2018H7_1

0
15000 30000 71820 71880
0 0 0 1
36
32.615 257.876
32.615 257.905
32.615 257.905
32.606 257.933
32.6015 257.939
32.597 257.945
32.5881 257.951
32.588 257.951
32.5835 257.951
32.5746 257.951
32.5701 257.951
32.5701 257.951
32.5566 257.945
32.3812 257.814
32.3767 257.808
32.3767 257.808
32.3767 257.802
32.3767 257.796
32.3767 257.779
32.3767 257.768
32.3812 257.762
32.3812 257.762
32.3857 257.762
32.3902 257.762
32.3947 257.762
32.4127 257.762
32.4441 257.768
32.4621 257.774
32.5116 257.791
32.5566 257.808
32.588 257.825
32.606 257.848
32.6105 257.859
32.615 257.876
32.615 257.876
32.615 257.876
S4DE_LYNXMIDLAND_2018H7_2

0
30000 45000 71820 71880
0 0 0 1
32
32.606 257.911
32.606 257.911
32.6015 257.922
32.597 257.928
32.597 257.928
32.597 257.928
32.5925 257.928
32.5521 257.928
32.5521 257.928
32.3722 257.808
32.3677 257.802
32.3632 257.796
32.3632 257.796
32.3632 257.785
32.3632 257.774
32.3632 257.756
32.3677 257.745
32.3722 257.739
32.3812 257.739
32.3947 257.739
32.3992 257.739
32.4037 257.739
32.4441 257.751
32.4621 257.756
32.5521 257.791
32.5746 257.802
32.5746 257.802
32.5925 257.819
32.597 257.825
32.606 257.842
32.606 257.848
32.606 257.911
S4DE_LYNXMIDLAND_2018H7_3

0
45000 60000 71820 71880
0 0 0 1
31
32.5251 257.825
32.5251 257.836
32.5071 257.836
32.4891 257.836
32.4846 257.836
32.4801 257.836
32.4621 257.831
32.3722 257.796
32.3632 257.791
32.3542 257.779
32.3542 257.779
32.3542 257.774
32.3542 257.768
32.3542 257.756
32.3542 257.751
32.3542 257.745
32.3587 257.734
32.3632 257.728
32.3677 257.728
32.3722 257.728
32.3902 257.728
32.3947 257.728
32.3992 257.728
32.4172 257.734
32.4531 257.745
32.4981 257.762
32.5206 257.774
32.5251 257.779
32.5251 257.779
32.5251 257.791
32.5251 257.825
S4DE_LYNXMIDLAND_2018H8_1

0
15000 30000 71880 71940
0 0 0 1
24
32.6015 257.916
32.6015 257.922
32.6015 257.928
32.597 257.945
32.597 257.945
32.588 257.951
32.5835 257.951
32.5746 257.951
32.5656 257.951
32.5611 257.951
32.5611 257.951
32.5521 257.945
32.5521 257.928
32.5521 257.922
32.5521 257.916
32.5521 257.905
32.5611 257.893
32.5701 257.888
32.5746 257.888
32.5925 257.888
32.597 257.893
32.597 257.893
32.6015 257.911
32.6015 257.916
S4DE_LYNXMIDLAND_2018H8_2

0
30000 45000 71880 71940
0 0 0 1
25
32.6015 257.905
32.6015 257.922
32.6015 257.922
32.597 257.928
32.588 257.933
32.5835 257.933
32.5656 257.933
32.5566 257.933
32.5521 257.933
32.5476 257.928
32.5476 257.928
32.5476 257.922
32.5476 257.911
32.5476 257.905
32.5476 257.899
32.5476 257.893
32.5476 257.888
32.5521 257.871
32.5611 257.871
32.5835 257.871
32.5925 257.871
32.597 257.871
32.6015 257.876
32.6015 257.882
32.6015 257.905
S4DE_SROCKETWSMR_2018H0_0

0
0 15000 68400 68460
0 0 0 1
35
33.8735 253.413
33.8628 253.402
33.8439 253.377
33.8439 253.377
33.8439 253.377
33.8394 253.366
33.8305 253.343
33.8404 253.317
33.8431 253.312
33.8486 253.303
33.8576 253.297
33.8702 253.295
33.8863 253.296
33.8863 253.296
33.8998 253.302
33.9133 253.308
33.9169 253.311
33.9241 253.318
33.9349 253.328
33.9385 253.332
33.9465 253.347
33.9474 253.355
33.9483 253.363
33.9438 253.38
33.9329 253.398
33.9302 253.403
33.9248 253.412
33.9221 253.416
33.9131 253.422
33.9068 253.423
33.9005 253.424
33.9005 253.424
33.8807 253.42
33.8771 253.416
33.8735 253.413
S4DE_SROCKETWSMR_2018H0_1

0
15000 30000 68400 68460
0 0 0 1
32
33.8763 253.408
33.8511 253.384
33.8475 253.381
33.843 253.369
33.8341 253.346
33.8332 253.338
33.835 253.326
33.8377 253.321
33.8458 253.308
33.8486 253.303
33.8486 253.303
33.8486 253.303
33.8576 253.297
33.8639 253.296
33.8702 253.295
33.8863 253.296
33.8962 253.299
33.8998 253.302
33.9214 253.323
33.9286 253.33
33.9357 253.336
33.9393 253.34
33.9474 253.355
33.9393 253.368
33.9258 253.391
33.9203 253.4
33.9149 253.409
33.9122 253.414
33.9122 253.414
33.9059 253.415
33.8834 253.415
33.8763 253.408
S4DE_SROCKETWSMR_2018H0_2

0
30000 45000 68400 68460
0 0 0 1
28
33.8565 253.375
33.8485 253.36
33.8476 253.352
33.8467 253.344
33.8521 253.335
33.8656 253.312
33.8683 253.308
33.8683 253.308
33.8872 253.304
33.8971 253.307
33.9007 253.31
33.9223 253.331
33.9295 253.338
33.9366 253.344
33.9402 253.348
33.9438 253.351
33.9438 253.351
33.9447 253.359
33.9366 253.373
33.9203 253.4
33.9176 253.405
33.9149 253.409
33.8987 253.408
33.8853 253.403
33.8853 253.403
33.8817 253.399
33.8745 253.392
33.8565 253.375
S4DE_SROCKETWSMR_2018H0_3

0
45000 60000 68400 68460
0 0 0 1
29
33.8763 253.38
33.8727 253.376
33.8682 253.365
33.8682 253.365
33.8709 253.36
33.8764 253.351
33.8953 253.319
33.898 253.315
33.9079 253.317
33.9079 253.317
33.9259 253.334
33.9294 253.338
33.9402 253.348
33.9474 253.355
33.9483 253.363
33.9438 253.38
33.9411 253.384
33.9384 253.389
33.9356 253.394
33.9329 253.398
33.9185 253.413
33.9185 253.413
33.9086 253.411
33.9086 253.411
33.905 253.407
33.9014 253.404
33.8979 253.4
33.8943 253.397
33.8763 253.38
S4DE_SROCKETWSMR_2018H11_1

0
15000 30000 69060 69120
0 0 0 1
24
34.0504 253.589
34.0468 253.586
34.0432 253.582
34.0388 253.571
34.0388 253.571
34.0379 253.563
34.0379 253.563
34.0406 253.558
34.046 253.549
34.0487 253.544
34.0613 253.542
34.0676 253.541
34.0676 253.541
34.0748 253.548
34.0784 253.551
34.0829 253.563
34.0829 253.563
34.081 253.575
34.0783 253.58
34.0756 253.585
34.0729 253.589
34.0639 253.595
34.054 253.592
34.0504 253.589
S4DE_SROCKETWSMR_2018H11_2

0
30000 45000 69060 69120
0 0 0 1
34
34.0477 253.594
34.0441 253.59
34.0405 253.587
34.0361 253.575
34.0361 253.575
34.0352 253.567
34.0379 253.563
34.0541 253.535
34.0604 253.534
34.0667 253.533
34.0766 253.535
34.0766 253.535
34.0802 253.539
34.0838 253.542
34.0874 253.546
34.091 253.549
34.0946 253.553
34.099 253.564
34.099 253.564
34.0999 253.572
34.0981 253.585
34.0981 253.585
34.0954 253.589
34.0927 253.594
34.09 253.598
34.0873 253.603
34.0873 253.603
34.0873 253.603
34.0783 253.609
34.072 253.61
34.0585 253.604
34.0549 253.6
34.0513 253.597
34.0477 253.594
S4DE_SROCKETWSMR_2018H11_3

0
45000 60000 69060 69120
0 0 0 1
26
34.0513 253.597
34.0477 253.594
34.0397 253.579
34.0396 253.579
34.0388 253.571
34.0415 253.566
34.0577 253.539
34.0604 253.534
34.0667 253.533
34.0766 253.535
34.0973 253.548
34.0973 253.548
34.1009 253.552
34.1125 253.57
34.1107 253.582
34.108 253.587
34.0945 253.61
34.0918 253.614
34.0918 253.614
34.0855 253.615
34.0792 253.617
34.0621 253.607
34.0621 253.607
34.0585 253.604
34.0549 253.6
34.0513 253.597
S4DE_SROCKETWSMR_2018H12_0

0
0 15000 69120 69180
0 0 0 1
34
34.0261 253.602
34.0189 253.595
34.0109 253.58
34.0064 253.568
34.0055 253.56
34.0046 253.552
34.0118 253.531
34.0118 253.531
34.0146 253.526
34.0173 253.522
34.029 253.511
34.0353 253.51
34.0416 253.509
34.0479 253.508
34.0578 253.51
34.0712 253.516
34.0748 253.519
34.0784 253.523
34.082 253.526
34.0928 253.537
34.0964 253.54
34.1009 253.552
34.1018 253.559
34.1026 253.567
34.1008 253.58
34.0981 253.585
34.0873 253.603
34.0819 253.612
34.0792 253.617
34.0702 253.622
34.0639 253.623
34.0441 253.619
34.0369 253.612
34.0261 253.602
S4DE_SROCKETWSMR_2018H12_1

0
15000 30000 69120 69180
0 0 0 1
29
34.0342 253.616
34.0234 253.606
34.0162 253.599
34.009 253.592
34.009 253.592
33.9965 253.566
33.9911 253.547
33.993 253.534
33.9957 253.53
34.0119 253.502
34.0245 253.5
34.0407 253.501
34.0506 253.503
34.0605 253.506
34.0811 253.518
34.0811 253.518
34.0847 253.522
34.0883 253.525
34.1036 253.547
34.1053 253.563
34.1071 253.579
34.1044 253.583
34.099 253.593
34.0882 253.611
34.0828 253.62
34.0674 253.627
34.0378 253.62
34.0378 253.62
34.0342 253.616
S4DE_SROCKETWSMR_2018H12_2

0
30000 45000 69120 69180
0 0 0 1
31
34.0396 253.607
34.0252 253.594
34.0216 253.59
34.0136 253.575
34.0091 253.564
34.0082 253.556
34.0154 253.534
34.0181 253.53
34.0209 253.525
34.0326 253.515
34.0326 253.515
34.0515 253.511
34.0712 253.516
34.0748 253.519
34.082 253.526
34.0856 253.53
34.0892 253.533
34.1 253.544
34.1116 253.562
34.1116 253.562
34.1125 253.57
34.1125 253.57
34.1026 253.596
34.0999 253.601
34.0972 253.605
34.0828 253.62
34.0702 253.622
34.0603 253.62
34.0468 253.614
34.0432 253.611
34.0396 253.607
S4DE_SROCKETWSMR_2018H12_3

0
45000 60000 69120 69180
0 0 0 1
28
34.0522 253.605
34.0414 253.595
34.0333 253.58
34.0325 253.572
34.0352 253.567
34.0406 253.558
34.0406 253.558
34.0568 253.531
34.0595 253.526
34.0658 253.525
34.0721 253.524
34.0721 253.524
34.0856 253.53
34.0856 253.53
34.0892 253.533
34.0964 253.54
34.1072 253.55
34.1108 253.554
34.1152 253.565
34.1161 253.573
34.117 253.581
34.117 253.581
34.0954 253.618
34.0926 253.622
34.08 253.625
34.0701 253.622
34.0666 253.619
34.0522 253.605
S4DE_SROCKETWSMR_2018H13_0

0
0 15000 69180 69240
0 0 0 1
41
34.0243 253.614
34.009 253.592
34.0046 253.581
33.9956 253.558
33.9938 253.542
33.9938 253.542
33.9993 253.533
34.002 253.528
34.0101 253.515
34.0128 253.51
34.0155 253.506
34.0218 253.504
34.0281 253.503
34.0506 253.503
34.0506 253.503
34.0641 253.509
34.0775 253.515
34.0775 253.515
34.0811 253.518
34.0847 253.522
34.1027 253.539
34.1099 253.546
34.1099 253.546
34.1143 253.557
34.1152 253.565
34.1161 253.573
34.1035 253.604
34.1008 253.609
34.0953 253.618
34.0953 253.618
34.0836 253.628
34.0746 253.634
34.0683 253.635
34.062 253.636
34.0521 253.634
34.0387 253.628
34.0387 253.628
34.0351 253.624
34.0315 253.621
34.0279 253.618
34.0243 253.614
S4DE_SROCKETWSMR_2018H13_1

0
15000 30000 69180 69240
0 0 0 1
38
34.0279 253.618
34.0135 253.604
34.0099 253.6
34.0019 253.585
33.9929 253.563
33.9884 253.551
33.9884 253.551
33.9867 253.535
33.9921 253.526
34.0002 253.512
34.0056 253.503
34.0083 253.499
34.0083 253.499
34.0209 253.496
34.0371 253.498
34.047 253.5
34.0569 253.502
34.0739 253.511
34.0883 253.525
34.0991 253.536
34.1027 253.539
34.1063 253.542
34.1108 253.554
34.1125 253.57
34.108 253.587
34.108 253.587
34.1053 253.591
34.0972 253.605
34.0918 253.614
34.089 253.619
34.0863 253.623
34.0773 253.629
34.071 253.63
34.0549 253.629
34.045 253.627
34.045 253.627
34.0315 253.621
34.0279 253.618
S4DE_SROCKETWSMR_2018H13_2

0
30000 45000 69180 69240
0 0 0 1
34
34.0288 253.597
34.0252 253.594
34.0136 253.575
34.0136 253.575
34.0091 253.564
34.0082 253.556
34.0154 253.534
34.0181 253.53
34.0209 253.525
34.0326 253.515
34.0326 253.515
34.0389 253.514
34.0515 253.511
34.0712 253.516
34.0712 253.516
34.0784 253.523
34.0892 253.533
34.0928 253.537
34.0964 253.54
34.1116 253.562
34.1125 253.57
34.1125 253.57
34.0909 253.606
34.0882 253.611
34.0855 253.615
34.0828 253.62
34.0828 253.62
34.0827 253.62
34.0765 253.621
34.0764 253.621
34.0567 253.616
34.0396 253.607
34.0396 253.607
34.0288 253.597
S4DE_SROCKETWSMR_2018H13_3

0
45000 60000 69180 69240
0 0 0 1
17
34.0432 253.582
34.0396 253.579
34.0424 253.574
34.0559 253.551
34.0667 253.533
34.0694 253.529
34.0694 253.529
34.091 253.549
34.1053 253.563
34.1125 253.57
34.1125 253.57
34.1071 253.579
34.0855 253.615
34.0827 253.62
34.0792 253.617
34.0756 253.613
34.0432 253.582
S4DE_SROCKETWSMR_2018H14_0

0
0 15000 69240 69300
0 0 0 1
29
34.0549 253.6
34.0513 253.597
34.0405 253.587
34.0369 253.583
34.0361 253.575
34.0415 253.566
34.055 253.543
34.0604 253.534
34.0631 253.53
34.0658 253.525
34.0658 253.525
34.0658 253.525
34.0721 253.524
34.0721 253.524
34.0865 253.538
34.1045 253.555
34.1116 253.562
34.1152 253.565
34.1152 253.565
34.1152 253.565
34.1125 253.57
34.1098 253.574
34.1071 253.579
34.0855 253.615
34.0828 253.62
34.08 253.625
34.08 253.625
34.0729 253.618
34.0549 253.6
S4DE_SS2SPAMERICA_2018H0_0

0
0 15000 67500 67560
0 0 0 1
23
33.3835 253.071
33.3835 253.076
33.3835 253.082
33.379 253.088
33.37 253.093
33.3655 253.093
33.3476 253.093
33.3431 253.093
33.3431 253.093
33.3431 253.093
33.3296 253.076
33.3296 253.076
33.3296 253.071
33.3296 253.053
33.3296 253.048
33.3341 253.042
33.3386 253.036
33.3386 253.036
33.3565 253.036
33.379 253.036
33.3835 253.048
33.3835 253.053
33.3835 253.071
S4DE_SS2SPAMERICA_2018H0_1

0
15000 30000 67500 67560
0 0 0 1
28
33.3925 253.059
33.3925 253.088
33.388 253.093
33.3835 253.099
33.3745 253.105
33.3745 253.105
33.37 253.105
33.3565 253.105
33.3476 253.105
33.3341 253.099
33.3116 253.082
33.3071 253.076
33.3026 253.059
33.3026 253.059
33.3026 253.042
33.3116 253.031
33.3116 253.031
33.3476 253.025
33.3521 253.025
33.361 253.025
33.37 253.025
33.3745 253.025
33.379 253.025
33.379 253.025
33.3835 253.031
33.388 253.036
33.3925 253.048
33.3925 253.059
S4DE_SS2SPAMERICA_2018H0_2

0
30000 45000 67500 67560
0 0 0 1
29
33.3925 253.053
33.3925 253.065
33.3925 253.071
33.3925 253.071
33.3925 253.071
33.388 253.082
33.3835 253.088
33.379 253.093
33.3655 253.099
33.3566 253.099
33.3206 253.088
33.3206 253.088
33.3071 253.076
33.2981 253.065
33.2936 253.053
33.2936 253.048
33.2936 253.031
33.2981 253.025
33.2981 253.025
33.3071 253.019
33.3476 253.013
33.3565 253.013
33.37 253.013
33.379 253.019
33.379 253.019
33.388 253.031
33.3925 253.048
33.3925 253.048
33.3925 253.053
S4DE_SS2SPAMERICA_2018H0_3

0
45000 60000 67500 67560
0 0 0 1
30
33.3835 253.036
33.3835 253.059
33.3835 253.059
33.379 253.071
33.3745 253.071
33.37 253.071
33.3655 253.071
33.361 253.071
33.3251 253.071
33.3026 253.059
33.2981 253.053
33.2936 253.048
33.2936 253.042
33.2936 253.031
33.2936 253.025
33.3026 253.013
33.3386 253.002
33.3476 253.002
33.3521 253.002
33.3566 253.002
33.361 253.002
33.37 253.008
33.379 253.013
33.379 253.013
33.379 253.013
33.3835 253.019
33.3835 253.019
33.3835 253.025
33.3835 253.031
33.3835 253.036
S4DE_SS2SPAMERICA_2018H4_2

0
30000 45000 67740 67800
0 0 0 1
13
33.2846 253.053
33.2846 253.053
33.2801 253.059
33.2756 253.059
33.2711 253.053
33.2711 253.048
33.2711 253.048
33.2756 253.042
33.2756 253.042
33.2801 253.042
33.2801 253.042
33.2846 253.048
33.2846 253.053
S4DE_SS2SPAMERICA_2018H4_3

0
45000 60000 67740 67800
0 0 0 1
16
33.3026 253.036
33.3026 253.048
33.2981 253.053
33.2801 253.053
33.2711 253.053
33.2711 253.053
33.2711 253.048
33.2711 253.036
33.2711 253.031
33.2711 253.025
33.2711 253.025
33.2936 253.025
33.2981 253.025
33.2981 253.025
33.3026 253.031
33.3026 253.036
S4DE_SS2SPAMERICA_2018H5_0

0
0 15000 67800 67860
0 0 0 1
23
33.2441 253.059
33.2441 253.071
33.2441 253.076
33.2441 253.076
33.2441 253.076
33.2396 253.082
33.2126 253.088
33.2081 253.088
33.2036 253.088
33.1991 253.082
33.1946 253.076
33.1946 253.076
33.1946 253.048
33.1946 253.042
33.1946 253.042
33.2081 253.036
33.2081 253.036
33.2126 253.036
33.2171 253.036
33.2351 253.042
33.2441 253.048
33.2441 253.048
33.2441 253.059
S4DE_SS2SPAMERICA_2018H5_1

0
15000 30000 67800 67860
0 0 0 1
27
33.2486 253.076
33.2486 253.076
33.2441 253.088
33.2441 253.088
33.2351 253.093
33.2261 253.093
33.2081 253.093
33.2036 253.093
33.1991 253.093
33.1991 253.093
33.1902 253.082
33.1901 253.082
33.1857 253.071
33.1856 253.065
33.1856 253.053
33.1901 253.036
33.1991 253.031
33.2036 253.031
33.2081 253.031
33.2216 253.031
33.2261 253.031
33.2351 253.031
33.2441 253.036
33.2486 253.048
33.2486 253.053
33.2486 253.059
33.2486 253.076
S4DE_SS2SPAMERICA_2018H5_2

0
30000 45000 67800 67860
0 0 0 1
25
33.2846 253.053
33.2801 253.065
33.2351 253.088
33.2306 253.088
33.2261 253.088
33.2126 253.088
33.2036 253.088
33.1946 253.082
33.1901 253.076
33.1857 253.059
33.1856 253.053
33.1856 253.048
33.1857 253.042
33.1857 253.042
33.1857 253.042
33.1901 253.025
33.1946 253.025
33.2351 253.025
33.2396 253.025
33.2441 253.025
33.2801 253.036
33.2801 253.036
33.2846 253.048
33.2846 253.048
33.2846 253.053
S4DE_SS2SPAMERICA_2018H5_3

0
45000 60000 67800 67860
0 0 0 1
25
33.2891 253.042
33.2891 253.053
33.2801 253.059
33.2486 253.065
33.2441 253.065
33.2396 253.065
33.2171 253.065
33.2036 253.065
33.1991 253.065
33.1946 253.059
33.1946 253.042
33.1946 253.019
33.1991 253.019
33.2081 253.019
33.2216 253.019
33.2306 253.019
33.2441 253.019
33.2576 253.019
33.2711 253.019
33.2756 253.019
33.2801 253.019
33.2891 253.025
33.2891 253.025
33.2891 253.031
33.2891 253.042
S4DE_SS2SPAMERICA_2018H6_0

0
0 15000 67860 67920
0 0 0 1
28
33.2441 253.053
33.2441 253.071
33.2396 253.082
33.2351 253.088
33.2306 253.093
33.2216 253.099
33.2171 253.099
33.2126 253.099
33.1991 253.099
33.1946 253.099
33.1901 253.099
33.1857 253.099
33.1856 253.099
33.1767 253.093
33.1722 253.088
33.1677 253.076
33.1632 253.065
33.1632 253.059
33.1632 253.053
33.1632 253.048
33.1722 253.031
33.1812 253.025
33.1857 253.025
33.1901 253.025
33.2081 253.025
33.2261 253.031
33.2306 253.036
33.2441 253.053
S4DE_SS2SPAMERICA_2018H6_1

0
15000 30000 67860 67920
0 0 0 1
31
33.2441 253.071
33.2441 253.082
33.2396 253.093
33.2351 253.099
33.2351 253.099
33.2216 253.105
33.2126 253.105
33.1947 253.105
33.1901 253.105
33.1857 253.105
33.1767 253.099
33.1722 253.093
33.1722 253.093
33.1677 253.082
33.1632 253.071
33.1632 253.048
33.1632 253.042
33.1677 253.031
33.1722 253.025
33.1722 253.025
33.1856 253.019
33.1902 253.019
33.1991 253.019
33.2036 253.019
33.2261 253.025
33.2351 253.031
33.2396 253.036
33.2441 253.048
33.2441 253.048
33.2441 253.059
33.2441 253.071
S4DE_SS2SPAMERICA_2018H6_2

0
30000 45000 67860 67920
0 0 0 1
27
33.2396 253.053
33.2396 253.071
33.2396 253.071
33.2351 253.082
33.2306 253.088
33.2171 253.093
33.2081 253.093
33.2036 253.093
33.2036 253.093
33.1901 253.088
33.1767 253.076
33.1677 253.059
33.1677 253.053
33.1677 253.031
33.1677 253.025
33.1677 253.025
33.1722 253.019
33.1722 253.019
33.1767 253.019
33.1812 253.019
33.1857 253.019
33.1901 253.019
33.2036 253.019
33.2261 253.019
33.2351 253.031
33.2396 253.048
33.2396 253.053
S4DE_SS2SPAMERICA_2018H6_3

0
45000 60000 67860 67920
0 0 0 1
20
33.2306 253.048
33.2306 253.059
33.2306 253.065
33.2306 253.065
33.2261 253.065
33.2081 253.065
33.2036 253.065
33.1991 253.065
33.1946 253.065
33.1857 253.059
33.1856 253.059
33.1856 253.053
33.1856 253.019
33.1856 253.019
33.1901 253.019
33.2126 253.019
33.2306 253.019
33.2306 253.019
33.2306 253.019
33.2306 253.048
S4DE_SS2TITUS_2018H0_0

0
0 15000 41400 41460
0 0 0 1
23
28.9072 279.65
28.9043 279.654
28.9014 279.658
28.8951 279.659
28.8853 279.656
28.8819 279.652
28.8681 279.638
28.8647 279.634
28.8647 279.634
28.8647 279.634
28.863 279.61
28.863 279.61
28.8659 279.606
28.8746 279.593
28.8774 279.588
28.8838 279.587
28.8901 279.587
28.8901 279.587
28.9039 279.601
28.9211 279.62
28.9188 279.632
28.9159 279.637
28.9072 279.65
S4DE_SS2TITUS_2018H0_1

0
15000 30000 41400 41460
0 0 0 1
28
28.9199 279.648
28.9054 279.67
28.8991 279.671
28.8928 279.672
28.883 279.669
28.883 279.669
28.8795 279.665
28.8692 279.654
28.8623 279.647
28.8549 279.631
28.8463 279.6
28.8458 279.592
28.851 279.575
28.851 279.575
28.8597 279.562
28.8723 279.56
28.8723 279.56
28.9028 279.585
28.9062 279.589
28.9131 279.596
28.92 279.604
28.9235 279.607
28.9269 279.611
28.9269 279.611
28.9275 279.619
28.928 279.627
28.9257 279.64
28.9199 279.648
S4DE_SS2TITUS_2018H0_2

0
30000 45000 41400 41460
0 0 0 1
29
28.9228 279.644
28.917 279.653
28.9141 279.657
28.9141 279.657
28.9141 279.657
28.9049 279.662
28.8986 279.663
28.8922 279.663
28.879 279.657
28.8721 279.65
28.8503 279.611
28.8503 279.611
28.8458 279.592
28.8447 279.576
28.847 279.563
28.8499 279.559
28.8586 279.546
28.8649 279.545
28.8649 279.545
28.8747 279.548
28.9086 279.577
28.9155 279.584
28.9258 279.595
28.9298 279.607
28.9298 279.607
28.9309 279.623
28.9257 279.64
28.9257 279.64
28.9228 279.644
S4DE_SS2TITUS_2018H0_3

0
45000 60000 41400 41460
0 0 0 1
30
28.9246 279.623
28.913 279.641
28.913 279.641
28.9038 279.646
28.9003 279.642
28.8969 279.639
28.8934 279.635
28.89 279.631
28.8624 279.602
28.851 279.575
28.8504 279.567
28.8499 279.559
28.8528 279.554
28.8586 279.546
28.8614 279.541
28.8741 279.54
28.9075 279.561
28.9144 279.568
28.9178 279.572
28.9212 279.575
28.9247 279.579
28.9287 279.591
28.9327 279.602
28.9327 279.602
28.9327 279.602
28.9332 279.61
28.9332 279.61
28.9304 279.615
28.9275 279.619
28.9246 279.623
S4DE_SS2TITUS_2018H4_2

0
30000 45000 41640 41700
0 0 0 1
13
28.8401 279.556
28.8401 279.556
28.8338 279.557
28.8303 279.553
28.8298 279.545
28.8327 279.54
28.8327 279.54
28.839 279.54
28.839 279.54
28.8424 279.543
28.8424 279.543
28.843 279.551
28.8401 279.556
S4DE_SS2TITUS_2018H4_3

0
45000 60000 41640 41700
0 0 0 1
16
28.8626 279.557
28.8568 279.566
28.8504 279.567
28.8367 279.552
28.8298 279.545
28.8298 279.545
28.8327 279.54
28.8384 279.532
28.8413 279.527
28.8442 279.523
28.8442 279.523
28.8615 279.541
28.8649 279.545
28.8649 279.545
28.8655 279.553
28.8626 279.557
S4DE_SS2TITUS_2018H5_0

0
0 15000 41700 41760
0 0 0 1
23
28.8062 279.527
28.8004 279.536
28.7975 279.54
28.7975 279.54
28.7975 279.54
28.7912 279.541
28.7676 279.523
28.7642 279.52
28.7607 279.516
28.7602 279.508
28.7596 279.5
28.7596 279.5
28.7741 279.478
28.777 279.474
28.777 279.474
28.7902 279.48
28.7902 279.48
28.7937 279.484
28.7971 279.488
28.808 279.507
28.812 279.518
28.812 279.518
28.8062 279.527
S4DE_SS2TITUS_2018H5_1

0
15000 30000 41700 41760
0 0 0 1
27
28.801 279.544
28.801 279.544
28.7918 279.549
28.7918 279.549
28.782 279.546
28.7751 279.539
28.7613 279.524
28.7579 279.52
28.7544 279.517
28.7544 279.517
28.7533 279.501
28.7533 279.501
28.7556 279.488
28.7585 279.484
28.7643 279.475
28.7764 279.466
28.7862 279.469
28.7897 279.472
28.7931 279.476
28.8034 279.487
28.8069 279.491
28.8138 279.498
28.8178 279.51
28.8154 279.522
28.8125 279.526
28.8097 279.531
28.801 279.544
S4DE_SS2TITUS_2018H5_2

0
30000 45000 41700 41760
0 0 0 1
25
28.8401 279.556
28.8309 279.561
28.7849 279.542
28.7814 279.538
28.778 279.534
28.7676 279.523
28.7607 279.516
28.7567 279.504
28.7562 279.496
28.7614 279.479
28.7643 279.475
28.7672 279.471
28.7701 279.466
28.7701 279.466
28.7701 279.466
28.7822 279.457
28.7857 279.461
28.8167 279.494
28.8201 279.497
28.8236 279.501
28.8453 279.539
28.8453 279.539
28.843 279.551
28.843 279.551
28.8401 279.556
S4DE_SS2TITUS_2018H5_3

0
45000 60000 41700 41760
0 0 0 1
25
28.8493 279.551
28.8436 279.56
28.8338 279.557
28.8068 279.535
28.8033 279.532
28.7999 279.528
28.7826 279.51
28.7723 279.499
28.7689 279.495
28.7683 279.487
28.777 279.474
28.7885 279.456
28.792 279.46
28.7989 279.467
28.8092 279.478
28.8161 279.486
28.8265 279.497
28.8368 279.508
28.8471 279.519
28.8506 279.522
28.854 279.526
28.858 279.538
28.858 279.538
28.8551 279.542
28.8493 279.551
S4DE_SS2TITUS_2018H6_0

0
0 15000 41760 41820
0 0 0 1
28
28.8091 279.523
28.8004 279.536
28.7912 279.541
28.7849 279.542
28.7785 279.542
28.7687 279.539
28.7653 279.536
28.7619 279.532
28.7515 279.521
28.7481 279.517
28.7446 279.514
28.7412 279.51
28.7412 279.51
28.7372 279.498
28.7366 279.49
28.739 279.478
28.7413 279.466
28.7442 279.461
28.7471 279.457
28.75 279.452
28.7655 279.447
28.7753 279.45
28.7788 279.453
28.7822 279.457
28.796 279.472
28.8069 279.491
28.8074 279.499
28.8091 279.523
S4DE_SS2TITUS_2018H6_1

0
15000 30000 41760 41820
0 0 0 1
31
28.8004 279.536
28.7946 279.545
28.7854 279.55
28.7791 279.55
28.7791 279.55
28.7659 279.544
28.759 279.536
28.7452 279.522
28.7417 279.518
28.7383 279.514
28.7343 279.503
28.7337 279.495
28.7337 279.495
28.7361 279.482
28.7384 279.47
28.75 279.452
28.7529 279.448
28.7621 279.443
28.7684 279.442
28.7684 279.442
28.7817 279.449
28.7851 279.453
28.792 279.46
28.7954 279.464
28.8098 279.486
28.8138 279.498
28.8143 279.506
28.812 279.518
28.812 279.518
28.8062 279.527
28.8004 279.536
S4DE_SS2TITUS_2018H6_2

0
30000 45000 41760 41820
0 0 0 1
27
28.8057 279.519
28.797 279.532
28.797 279.532
28.7878 279.537
28.7814 279.538
28.7682 279.531
28.7613 279.524
28.7579 279.52
28.7579 279.52
28.7504 279.505
28.7459 279.485
28.7476 279.465
28.7505 279.46
28.7621 279.443
28.765 279.439
28.765 279.439
28.7713 279.438
28.7713 279.438
28.7748 279.442
28.7782 279.445
28.7817 279.449
28.7851 279.453
28.7954 279.464
28.8127 279.482
28.8138 279.498
28.8085 279.515
28.8057 279.519
S4DE_SS2TITUS_2018H6_3

0
45000 60000 41760 41820
0 0 0 1
20
28.8017 279.507
28.7959 279.516
28.793 279.521
28.793 279.521
28.7895 279.517
28.7758 279.502
28.7723 279.499
28.7689 279.495
28.7654 279.491
28.7614 279.479
28.7614 279.479
28.7643 279.475
28.7817 279.449
28.7817 279.449
28.7851 279.453
28.8023 279.471
28.8161 279.486
28.8161 279.486
28.8161 279.486
28.8017 279.507
