S4DE_ANTARESMARS_2018M0_0

0
0 15000 54000 54060
0 0 0 1
34
37.839 284.636
37.8172 284.646
37.8172 284.646
37.7949 284.642
37.7826 284.638
37.7658 284.624
37.7636 284.619
37.7613 284.614
37.7523 284.594
37.7501 284.589
37.7501 284.589
37.7472 284.572
37.7454 284.533
37.751 284.523
37.751 284.523
37.766 284.499
37.766 284.499
37.7793 284.482
37.7793 284.482
37.7832 284.479
37.7871 284.477
37.7949 284.471
37.8266 284.461
37.8467 284.459
37.8528 284.461
37.8528 284.461
37.8573 284.471
37.8753 284.511
37.8771 284.549
37.8761 284.57
37.8745 284.577
37.8712 284.593
37.8545 284.625
37.839 284.636
S4DE_ANTARESMARS_2018M0_1

0
15000 30000 54000 54060
0 0 0 1
29
37.8388 284.59
37.8271 284.599
37.8271 284.599
37.8132 284.602
37.8009 284.598
37.7925 284.591
37.7902 284.586
37.7813 284.567
37.779 284.562
37.779 284.562
37.7768 284.557
37.7739 284.539
37.7749 284.518
37.775 284.518
37.7805 284.508
37.7899 284.494
37.7938 284.491
37.7977 284.489
37.8016 284.486
37.8272 284.474
37.8412 284.47
37.8412 284.47
37.8682 284.529
37.8616 284.56
37.8599 284.568
37.8505 284.582
37.8466 284.585
37.8427 284.587
37.8388 284.59
S4DE_ANTARESMARS_2018M1_0

0
0 15000 54060 54120
0 0 0 1
30
37.8402 284.662
37.8129 284.682
37.7711 284.693
37.7711 284.693
37.7711 284.693
37.765 284.69
37.765 284.69
37.7476 284.664
37.7453 284.659
37.7431 284.654
37.738 284.631
37.7323 284.596
37.7305 284.558
37.7337 284.542
37.7621 284.501
37.7793 284.482
37.7832 284.479
37.8451 284.467
37.8512 284.469
37.8534 284.474
37.8579 284.484
37.8602 284.489
37.8624 284.494
37.8647 284.499
37.8669 284.504
37.8714 284.514
37.874 284.611
37.848 284.656
37.8479 284.656
37.8402 284.662
S4DE_ANTARESMARS_2018M1_1

0
15000 30000 54060 54120
0 0 0 1
39
37.7542 284.804
37.7347 284.818
37.7347 284.818
37.7224 284.814
37.7202 284.809
37.7157 284.799
37.7134 284.794
37.7112 284.789
37.7089 284.784
37.7089 284.784
37.7043 284.728
37.72 284.592
37.7233 284.576
37.7249 284.568
37.7249 284.568
37.7305 284.558
37.736 284.547
37.7454 284.533
37.7549 284.52
37.7682 284.504
37.7721 284.501
37.776 284.498
37.7877 284.489
37.7916 284.486
37.8094 284.48
37.8272 284.474
37.8412 284.47
37.8434 284.475
37.8592 284.509
37.8637 284.519
37.8659 284.524
37.8681 284.529
37.8688 284.542
37.864 284.611
37.864 284.611
37.859 284.635
37.7981 284.752
37.7581 284.801
37.7542 284.804
S4DE_ANTARESMARS_2018M1_2

0
30000 45000 54060 54120
0 0 0 1
33
37.6687 285.084
37.6609 285.09
37.6492 285.098
37.6492 285.098
37.647 285.093
37.6447 285.088
37.6425 285.083
37.6402 285.078
37.6384 285.04
37.6782 284.774
37.6848 284.743
37.7029 284.657
37.7046 284.649
37.7101 284.638
37.7212 284.617
37.7323 284.596
37.7472 284.572
37.7567 284.558
37.7756 284.531
37.7928 284.512
37.7967 284.509
37.8278 284.486
37.8418 284.483
37.8418 284.483
37.8463 284.493
37.8553 284.512
37.862 284.527
37.8665 284.537
37.8264 284.711
37.7833 284.822
37.6964 285.031
37.6765 285.078
37.6687 285.084
S4DE_ANTARESMARS_2018M1_3

0
45000 60000 54060 54120
0 0 0 1
44
37.6671 285.092
37.6593 285.097
37.6593 285.097
37.657 285.092
37.6548 285.088
37.6503 285.078
37.6435 285.063
37.639 285.053
37.6366 285.002
37.6387 284.961
37.6628 284.831
37.6644 284.823
37.6677 284.808
37.6782 284.774
37.6992 284.706
37.7136 284.669
37.7191 284.658
37.7878 284.535
37.7878 284.535
37.7956 284.53
37.8151 284.515
37.8268 284.507
37.8346 284.501
37.8346 284.501
37.8346 284.501
37.8368 284.506
37.8548 284.546
37.8571 284.551
37.8593 284.555
37.8544 284.579
37.8527 284.587
37.8225 284.714
37.8071 284.772
37.7806 284.85
37.7397 284.966
37.7325 284.984
37.7198 285.014
37.7071 285.043
37.7015 285.053
37.6921 285.067
37.6826 285.08
37.6788 285.083
37.6749 285.086
37.6671 285.092
S4DE_ANTARESMARS_2018M2_2

0
30000 45000 54120 54180
0 0 0 1
26
37.6726 285.081
37.6531 285.095
37.6492 285.098
37.6492 285.098
37.6425 285.083
37.6402 285.078
37.6396 285.066
37.6384 285.04
37.65 284.986
37.6516 284.978
37.6555 284.975
37.6594 284.972
37.6672 284.966
37.675 284.961
37.6789 284.958
37.685 284.96
37.6912 284.962
37.6912 284.962
37.6934 284.967
37.6979 284.977
37.6991 285.002
37.6981 285.023
37.6964 285.031
37.6765 285.078
37.6765 285.078
37.6726 285.081
S4DE_ANTARESMARS_2018M2_3

0
45000 60000 54120 54180
0 0 0 1
29
37.576 285.382
37.5722 285.385
37.5654 285.37
37.5632 285.366
37.5609 285.361
37.5609 285.361
37.5657 285.291
37.57 285.255
37.6088 285.009
37.6104 285.001
37.6552 284.883
37.6624 284.864
37.6773 284.84
37.6812 284.837
37.689 284.832
37.6929 284.829
37.6929 284.829
37.703 284.828
37.7331 284.826
37.7392 284.828
37.7476 284.835
37.7499 284.84
37.7527 284.858
37.7545 284.896
37.7479 284.927
37.7397 284.966
37.7132 285.045
37.5799 285.38
37.576 285.382
S4DE_ATLASVAFB_2018M0_0

0
0 15000 48600 48660
0 0 0 1
24
34.4521 239.478
34.4494 239.473
34.4503 239.465
34.4584 239.45
34.4584 239.45
34.4764 239.433
34.4836 239.426
34.5007 239.417
34.5007 239.417
34.5124 239.427
34.5232 239.446
34.5286 239.455
34.5313 239.459
34.5357 239.477
34.5312 239.488
34.5312 239.488
34.5276 239.491
34.5024 239.515
34.4988 239.519
34.4952 239.522
34.4853 239.524
34.4853 239.524
34.4763 239.519
34.4521 239.478
S4DE_ATLASVAFB_2018M0_1

0
15000 30000 48600 48660
0 0 0 1
24
34.4754 239.498
34.4647 239.48
34.4593 239.471
34.4566 239.466
34.4602 239.463
34.471 239.453
34.4782 239.446
34.4962 239.429
34.4998 239.425
34.4998 239.425
34.5025 239.43
34.5079 239.439
34.516 239.453
34.5267 239.471
34.5294 239.475
34.5294 239.475
34.5222 239.482
34.497 239.506
34.4934 239.51
34.4898 239.513
34.4835 239.512
34.4835 239.512
34.4808 239.507
34.4754 239.498
S4DE_ATLASVAFB_2018M1_0

0
0 15000 48660 48720
0 0 0 1
25
34.4593 239.471
34.4566 239.466
34.4566 239.466
34.4575 239.458
34.4827 239.434
34.4863 239.431
34.4962 239.429
34.5016 239.438
34.5124 239.456
34.5151 239.461
34.5178 239.465
34.5169 239.473
34.5168 239.473
34.5133 239.477
34.5024 239.487
34.4952 239.494
34.4916 239.497
34.488 239.501
34.4844 239.504
34.4844 239.504
34.4754 239.498
34.4754 239.498
34.4728 239.494
34.4701 239.489
34.4593 239.471
S4DE_ATLASVAFB_2018M1_1

0
15000 30000 48660 48720
0 0 0 1
28
34.2875 239.456
34.2848 239.451
34.2821 239.447
34.2821 239.447
34.2893 239.44
34.418 239.41
34.4503 239.408
34.4566 239.409
34.4629 239.41
34.4629 239.41
34.4782 239.417
34.4962 239.429
34.4989 239.433
34.507 239.447
34.5178 239.465
34.5205 239.47
34.5231 239.474
34.5231 239.474
34.5231 239.474
34.5195 239.478
34.4943 239.502
34.4835 239.512
34.417 239.504
34.4044 239.502
34.3981 239.5
34.3423 239.482
34.2875 239.456
34.2875 239.456
S4DE_ATLASVAFB_2018M1_2

0
30000 45000 48660 48720
0 0 0 1
33
34.1454 239.434
34.1427 239.429
34.1499 239.422
34.1535 239.419
34.1607 239.412
34.1706 239.41
34.3028 239.405
34.409 239.405
34.4315 239.405
34.454 239.405
34.4629 239.41
34.4719 239.416
34.4836 239.426
34.4863 239.431
34.5052 239.463
34.5043 239.471
34.4998 239.482
34.4926 239.489
34.489 239.493
34.4853 239.496
34.4853 239.496
34.4646 239.508
34.4646 239.508
34.4224 239.513
34.4062 239.514
34.39 239.515
34.39 239.515
34.3648 239.511
34.3585 239.509
34.2524 239.482
34.1661 239.45
34.1571 239.444
34.1454 239.434
S4DE_ATLASVAFB_2018M1_3

0
45000 60000 48660 48720
0 0 0 1
41
34.1175 239.425
34.1121 239.415
34.1157 239.412
34.1193 239.409
34.1194 239.409
34.1625 239.396
34.1724 239.394
34.23 239.396
34.4306 239.413
34.4494 239.416
34.462 239.418
34.462 239.418
34.462 239.418
34.4647 239.423
34.4674 239.427
34.4782 239.446
34.4863 239.459
34.489 239.464
34.4917 239.469
34.4917 239.469
34.4881 239.472
34.4845 239.475
34.4773 239.482
34.4773 239.482
34.4593 239.499
34.4521 239.506
34.4521 239.506
34.4422 239.508
34.3837 239.514
34.3549 239.513
34.3198 239.511
34.3072 239.508
34.3009 239.507
34.2227 239.489
34.1706 239.467
34.1616 239.461
34.1526 239.455
34.1319 239.439
34.1202 239.429
34.1202 239.429
34.1175 239.425
S4DE_ATLASVAFB_2018M2_2

0
30000 45000 48720 48780
0 0 0 1
20
34.1454 239.434
34.1427 239.429
34.1463 239.426
34.1535 239.419
34.1571 239.416
34.1607 239.412
34.1706 239.41
34.1769 239.411
34.1895 239.413
34.1949 239.422
34.1976 239.427
34.203 239.436
34.203 239.436
34.1886 239.45
34.185 239.453
34.1787 239.452
34.1724 239.451
34.1661 239.45
34.1571 239.444
34.1454 239.434
S4DE_ATLASVAFB_2018M2_3

0
45000 60000 48720 48780
0 0 0 1
31
33.9628 239.4
33.9628 239.4
33.9665 239.397
33.9763 239.395
34.0861 239.39
34.1086 239.39
34.23 239.396
34.2426 239.399
34.2579 239.405
34.2758 239.417
34.2758 239.417
34.2785 239.421
34.2866 239.435
34.292 239.444
34.2947 239.449
34.2974 239.453
34.2965 239.461
34.2956 239.469
34.2956 239.469
34.2848 239.48
34.2848 239.48
34.274 239.49
34.2704 239.493
34.2704 239.493
34.2605 239.496
34.1849 239.482
34.1786 239.481
34.1724 239.479
33.9682 239.41
33.9655 239.405
33.9628 239.4
S4DE_DRAGONREENTRY_2018M6_0

0
0 60000 84060 84120
0 0 0 1
31
32.1629 237.866
32.1495 237.893
32.1495 237.893
31.9322 238.216
31.8436 238.336
31.7993 238.396
30.0681 240.72
30.0372 240.752
30.0372 240.752
30.0197 240.758
30.0022 240.763
29.9847 240.768
29.9497 240.779
29.9322 240.784
29.9322 240.784
29.9322 240.784
29.893 240.772
29.8714 240.755
29.8714 240.755
29.859 240.688
29.8466 240.622
29.8466 240.622
29.8559 240.572
29.8827 240.517
31.925 238.078
32.0619 237.919
32.0928 237.887
32.1237 237.854
32.1588 237.843
32.1588 237.843
32.1629 237.866
S4DE_DRAGONREENTRY_2018M7_0

0
0 60000 84120 84180
0 0 0 1
15
29.9558 240.613
29.9764 240.724
29.9764 240.724
29.9764 240.724
29.9414 240.734
29.9064 240.745
29.8889 240.75
29.8806 240.705
29.8683 240.639
29.8683 240.639
29.8858 240.633
29.9033 240.628
29.9383 240.618
29.9558 240.613
29.9558 240.613
S4DE_SS2SPAMERICA_2018M0_0

0
0 15000 67500 67560
0 0 0 1
23
33.3835 253.071
33.3835 253.076
33.3835 253.082
33.379 253.088
33.37 253.093
33.3655 253.093
33.3476 253.093
33.3431 253.093
33.3431 253.093
33.3431 253.093
33.3296 253.076
33.3296 253.076
33.3296 253.071
33.3296 253.053
33.3296 253.048
33.3341 253.042
33.3386 253.036
33.3386 253.036
33.3565 253.036
33.379 253.036
33.3835 253.048
33.3835 253.053
33.3835 253.071
S4DE_SS2SPAMERICA_2018M0_1

0
15000 30000 67500 67560
0 0 0 1
28
33.3925 253.059
33.3925 253.088
33.388 253.093
33.3835 253.099
33.3745 253.105
33.3745 253.105
33.37 253.105
33.3565 253.105
33.3476 253.105
33.3341 253.099
33.3116 253.082
33.3071 253.076
33.3026 253.059
33.3026 253.059
33.3026 253.042
33.3116 253.031
33.3116 253.031
33.3476 253.025
33.3521 253.025
33.361 253.025
33.37 253.025
33.3745 253.025
33.379 253.025
33.379 253.025
33.3835 253.031
33.388 253.036
33.3925 253.048
33.3925 253.059
S4DE_SS2SPAMERICA_2018M0_2

0
30000 45000 67500 67560
0 0 0 1
29
33.3925 253.053
33.3925 253.065
33.3925 253.071
33.3925 253.071
33.3925 253.071
33.388 253.082
33.3835 253.088
33.379 253.093
33.3655 253.099
33.3566 253.099
33.3206 253.088
33.3206 253.088
33.3071 253.076
33.2981 253.065
33.2936 253.053
33.2936 253.048
33.2936 253.031
33.2981 253.025
33.2981 253.025
33.3071 253.019
33.3476 253.013
33.3565 253.013
33.37 253.013
33.379 253.019
33.379 253.019
33.388 253.031
33.3925 253.048
33.3925 253.048
33.3925 253.053
S4DE_SS2SPAMERICA_2018M0_3

0
45000 60000 67500 67560
0 0 0 1
30
33.3835 253.036
33.3835 253.059
33.3835 253.059
33.379 253.071
33.3745 253.071
33.37 253.071
33.3655 253.071
33.361 253.071
33.3251 253.071
33.3026 253.059
33.2981 253.053
33.2936 253.048
33.2936 253.042
33.2936 253.031
33.2936 253.025
33.3026 253.013
33.3386 253.002
33.3476 253.002
33.3521 253.002
33.3566 253.002
33.361 253.002
33.37 253.008
33.379 253.013
33.379 253.013
33.379 253.013
33.3835 253.019
33.3835 253.019
33.3835 253.025
33.3835 253.031
33.3835 253.036
S4DE_SS2SPAMERICA_2018M4_2

0
30000 45000 67740 67800
0 0 0 1
13
33.2846 253.053
33.2846 253.053
33.2801 253.059
33.2756 253.059
33.2711 253.053
33.2711 253.048
33.2711 253.048
33.2756 253.042
33.2756 253.042
33.2801 253.042
33.2801 253.042
33.2846 253.048
33.2846 253.053
S4DE_SS2SPAMERICA_2018M4_3

0
45000 60000 67740 67800
0 0 0 1
16
33.3026 253.036
33.3026 253.048
33.2981 253.053
33.2801 253.053
33.2711 253.053
33.2711 253.053
33.2711 253.048
33.2711 253.036
33.2711 253.031
33.2711 253.025
33.2711 253.025
33.2936 253.025
33.2981 253.025
33.2981 253.025
33.3026 253.031
33.3026 253.036
S4DE_SS2SPAMERICA_2018M5_0

0
0 15000 67800 67860
0 0 0 1
23
33.2441 253.059
33.2441 253.071
33.2441 253.076
33.2441 253.076
33.2441 253.076
33.2396 253.082
33.2126 253.088
33.2081 253.088
33.2036 253.088
33.1991 253.082
33.1946 253.076
33.1946 253.076
33.1946 253.048
33.1946 253.042
33.1946 253.042
33.2081 253.036
33.2081 253.036
33.2126 253.036
33.2171 253.036
33.2351 253.042
33.2441 253.048
33.2441 253.048
33.2441 253.059
S4DE_SS2SPAMERICA_2018M5_1

0
15000 30000 67800 67860
0 0 0 1
27
33.2486 253.076
33.2486 253.076
33.2441 253.088
33.2441 253.088
33.2351 253.093
33.2261 253.093
33.2081 253.093
33.2036 253.093
33.1991 253.093
33.1991 253.093
33.1902 253.082
33.1901 253.082
33.1857 253.071
33.1856 253.065
33.1856 253.053
33.1901 253.036
33.1991 253.031
33.2036 253.031
33.2081 253.031
33.2216 253.031
33.2261 253.031
33.2351 253.031
33.2441 253.036
33.2486 253.048
33.2486 253.053
33.2486 253.059
33.2486 253.076
S4DE_SS2SPAMERICA_2018M5_2

0
30000 45000 67800 67860
0 0 0 1
25
33.2846 253.053
33.2801 253.065
33.2351 253.088
33.2306 253.088
33.2261 253.088
33.2126 253.088
33.2036 253.088
33.1946 253.082
33.1901 253.076
33.1857 253.059
33.1856 253.053
33.1856 253.048
33.1857 253.042
33.1857 253.042
33.1857 253.042
33.1901 253.025
33.1946 253.025
33.2351 253.025
33.2396 253.025
33.2441 253.025
33.2801 253.036
33.2801 253.036
33.2846 253.048
33.2846 253.048
33.2846 253.053
S4DE_SS2SPAMERICA_2018M5_3

0
45000 60000 67800 67860
0 0 0 1
25
33.2891 253.042
33.2891 253.053
33.2801 253.059
33.2486 253.065
33.2441 253.065
33.2396 253.065
33.2171 253.065
33.2036 253.065
33.1991 253.065
33.1946 253.059
33.1946 253.042
33.1946 253.019
33.1991 253.019
33.2081 253.019
33.2216 253.019
33.2306 253.019
33.2441 253.019
33.2576 253.019
33.2711 253.019
33.2756 253.019
33.2801 253.019
33.2891 253.025
33.2891 253.025
33.2891 253.031
33.2891 253.042
S4DE_SS2SPAMERICA_2018M6_0

0
0 15000 67860 67920
0 0 0 1
28
33.2441 253.053
33.2441 253.071
33.2396 253.082
33.2351 253.088
33.2306 253.093
33.2216 253.099
33.2171 253.099
33.2126 253.099
33.1991 253.099
33.1946 253.099
33.1901 253.099
33.1857 253.099
33.1856 253.099
33.1767 253.093
33.1722 253.088
33.1677 253.076
33.1632 253.065
33.1632 253.059
33.1632 253.053
33.1632 253.048
33.1722 253.031
33.1812 253.025
33.1857 253.025
33.1901 253.025
33.2081 253.025
33.2261 253.031
33.2306 253.036
33.2441 253.053
S4DE_SS2SPAMERICA_2018M6_1

0
15000 30000 67860 67920
0 0 0 1
31
33.2441 253.071
33.2441 253.082
33.2396 253.093
33.2351 253.099
33.2351 253.099
33.2216 253.105
33.2126 253.105
33.1947 253.105
33.1901 253.105
33.1857 253.105
33.1767 253.099
33.1722 253.093
33.1722 253.093
33.1677 253.082
33.1632 253.071
33.1632 253.048
33.1632 253.042
33.1677 253.031
33.1722 253.025
33.1722 253.025
33.1856 253.019
33.1902 253.019
33.1991 253.019
33.2036 253.019
33.2261 253.025
33.2351 253.031
33.2396 253.036
33.2441 253.048
33.2441 253.048
33.2441 253.059
33.2441 253.071
S4DE_SS2SPAMERICA_2018M6_2

0
30000 45000 67860 67920
0 0 0 1
27
33.2396 253.053
33.2396 253.071
33.2396 253.071
33.2351 253.082
33.2306 253.088
33.2171 253.093
33.2081 253.093
33.2036 253.093
33.2036 253.093
33.1901 253.088
33.1767 253.076
33.1677 253.059
33.1677 253.053
33.1677 253.031
33.1677 253.025
33.1677 253.025
33.1722 253.019
33.1722 253.019
33.1767 253.019
33.1812 253.019
33.1857 253.019
33.1901 253.019
33.2036 253.019
33.2261 253.019
33.2351 253.031
33.2396 253.048
33.2396 253.053
S4DE_SS2SPAMERICA_2018M6_3

0
45000 60000 67860 67920
0 0 0 1
20
33.2306 253.048
33.2306 253.059
33.2306 253.065
33.2306 253.065
33.2261 253.065
33.2081 253.065
33.2036 253.065
33.1991 253.065
33.1946 253.065
33.1857 253.059
33.1856 253.059
33.1856 253.053
33.1856 253.019
33.1856 253.019
33.1901 253.019
33.2126 253.019
33.2306 253.019
33.2306 253.019
33.2306 253.019
33.2306 253.048
