LYNX_SS2_MIDLAND_120DEG

0
0 99900 72300 74100
0 0 0 1
5
32.5340916667 258.257641667
31.5427666667 257.29885
29.98785 259.573355556
31.0471611111 260.544236111
32.5340916667 258.257641667
SS2_SPACEPORTAM_0DEG

0
0 99900 57000 58800
0 0 0 1
5
32.9301666667 252.311155556
32.93365 253.773522222
35.5076 253.731213889
35.4869361111 252.2768
32.9301666667 252.311155556
W-386_WALLOPS_PEGASUS

0
0 99900 57900 60420
0 0 0 1
9
38.6138888889 285.003055556
38.75 285.116944444
38.75 285.666666667
37.95 286.991666667
37.2275 287.333333333
37.0 284.5
37.1336111111 284.5
37.1336111111 284.216944444
38.6138888889 285.003055556
WALLOPS_PEGASUS1

0
0 99900 57900 60420
0 0 0 1
5
37.8053330556 286.066954722
37.9639625 286.240953333
37.3646494444 287.185693056
37.2069622222 287.023138889
37.8053330556 286.066954722
WALLOPS_PEGASUS2

0
0 99900 57900 60420
0 0 0 1
5
33.4381694444 291.0231075
33.7893069444 291.462579444
32.5293716667 293.047419722
32.1957880556 292.603970833
33.4381694444 291.0231075
WALLOPS_PEGASUS3

0
0 99900 57900 60420
0 0 0 1
5
28.1899288889 296.530119722
28.6123677778 297.109880833
26.1542261111 299.615496667
25.7217552778 299.005673333
28.1899288889 296.530119722
WALLOPS_PEGASUS4

0
0 99900 57900 60420
0 0 0 1
5
8.32883638889 313.3703
8.61370472222 313.761895278
6.91173277778 315.078725
6.6455575 314.663746389
8.32883638889 313.3703
