S4DE_ARMADILLOSPAMERICA_2025L0_0

0
0 15000 54600 54660
0 0 0 1
35
32.9917 253.099
32.9783 253.101
32.951 253.1
32.951 253.1
32.9509 253.1
32.9414 253.096
32.9223 253.088
32.9148 253.061
32.9141 253.055
32.9129 253.044
32.9161 253.032
32.9237 253.019
32.9359 253.005
32.9359 253.005
32.9486 252.997
32.9613 252.989
32.9658 252.988
32.9747 252.987
32.988 252.984
32.9925 252.984
33.0065 252.987
33.0116 252.992
33.0166 252.997
33.023 253.013
33.0255 253.035
33.0261 253.041
33.0274 253.052
33.028 253.058
33.0248 253.07
33.021 253.076
33.0171 253.083
33.0171 253.083
33.0006 253.097
32.9961 253.098
32.9917 253.099
S4DE_ARMADILLOSPAMERICA_2025L0_1

0
15000 30000 54600 54660
0 0 0 1
32
32.991 253.093
32.9599 253.099
32.9554 253.1
32.9459 253.096
32.9268 253.087
32.9217 253.083
32.916 253.072
32.9154 253.066
32.9135 253.049
32.9129 253.044
32.9129 253.044
32.9129 253.044
32.9161 253.032
32.9199 253.025
32.9237 253.019
32.9359 253.005
32.9441 252.998
32.9486 252.997
32.9753 252.992
32.9842 252.991
32.9931 252.989
32.9976 252.988
33.0116 252.992
33.0134 253.009
33.0166 253.037
33.0178 253.048
33.0191 253.059
33.0197 253.065
33.0197 253.065
33.0159 253.072
32.9999 253.092
32.991 253.093
S4DE_ARMADILLOSPAMERICA_2025L0_2

0
30000 45000 54600 54660
0 0 0 1
28
32.9586 253.088
32.9446 253.084
32.9395 253.079
32.9345 253.075
32.9332 253.063
32.9301 253.035
32.9294 253.029
32.9294 253.029
32.9409 253.01
32.9492 253.003
32.9537 253.002
32.9804 252.997
32.9893 252.996
32.9982 252.994
33.0027 252.993
33.0071 252.992
33.0071 252.992
33.0122 252.997
33.0141 253.014
33.0178 253.048
33.0185 253.054
33.0191 253.059
33.007 253.073
32.9942 253.081
32.9942 253.081
32.9898 253.082
32.9809 253.084
32.9586 253.088
S4DE_ARMADILLOSPAMERICA_2025L0_3

0
45000 60000 54600 54660
0 0 0 1
29
32.9752 253.073
32.9707 253.074
32.9612 253.07
32.9612 253.07
32.9606 253.064
32.9593 253.053
32.9549 253.013
32.9543 253.008
32.9626 253.0
32.9626 253.0
32.9848 252.996
32.9893 252.996
33.0027 252.993
33.0116 252.992
33.0166 252.997
33.023 253.013
33.0236 253.018
33.0242 253.024
33.0249 253.03
33.0255 253.035
33.0235 253.059
33.0235 253.059
33.0153 253.066
33.0153 253.066
33.0108 253.067
33.0063 253.068
33.0019 253.068
32.9974 253.069
32.9752 253.073
S4DE_ARMADILLOSPAMERICA_2025L11_1

0
15000 30000 55260 55320
0 0 0 1
24
33.215 253.065
33.2105 253.066
33.2061 253.066
33.1965 253.062
33.1965 253.062
33.1914 253.058
33.1914 253.058
33.1908 253.052
33.1896 253.041
33.1889 253.035
33.1966 253.022
33.2004 253.016
33.2004 253.016
33.2093 253.014
33.2138 253.013
33.2233 253.017
33.2233 253.017
33.229 253.028
33.2296 253.033
33.2303 253.039
33.2309 253.045
33.2277 253.057
33.2194 253.064
33.215 253.065
S4DE_ARMADILLOSPAMERICA_2025L11_2

0
30000 45000 55260 55320
0 0 0 1
34
33.2156 253.071
33.2111 253.071
33.2067 253.072
33.1972 253.068
33.1971 253.068
33.1921 253.063
33.1914 253.058
33.1877 253.024
33.1915 253.017
33.1953 253.011
33.2036 253.004
33.2036 253.004
33.2081 253.003
33.2125 253.002
33.217 253.001
33.2214 253.0
33.2259 253.0
33.2354 253.004
33.2354 253.004
33.2405 253.008
33.2462 253.019
33.2462 253.019
33.2468 253.025
33.2475 253.03
33.2481 253.036
33.2487 253.042
33.2487 253.042
33.2487 253.042
33.2455 253.054
33.2417 253.06
33.2289 253.068
33.2245 253.069
33.22 253.07
33.2156 253.071
S4DE_ARMADILLOSPAMERICA_2025L11_3

0
45000 60000 55260 55320
0 0 0 1
26
33.22 253.07
33.2156 253.071
33.2016 253.067
33.2016 253.067
33.1965 253.062
33.1959 253.057
33.1921 253.023
33.1915 253.017
33.1953 253.011
33.2036 253.004
33.2253 252.994
33.2253 252.994
33.2297 252.993
33.2482 252.996
33.2539 253.006
33.2545 253.012
33.2576 253.04
33.2582 253.046
33.2582 253.046
33.2544 253.052
33.2506 253.059
33.2334 253.067
33.2334 253.067
33.229 253.068
33.2245 253.069
33.22 253.07
S4DE_ARMADILLOSPAMERICA_2025L12_0

0
0 15000 55320 55380
0 0 0 1
34
33.2047 253.096
33.1958 253.097
33.1818 253.094
33.1723 253.09
33.1672 253.085
33.1621 253.08
33.1552 253.058
33.1552 253.058
33.1546 253.053
33.1539 253.047
33.1565 253.029
33.1603 253.023
33.1642 253.016
33.168 253.01
33.1763 253.003
33.189 252.995
33.1935 252.994
33.1979 252.993
33.2024 252.992
33.2157 252.99
33.2202 252.989
33.2297 252.993
33.2348 252.998
33.2399 253.003
33.2456 253.013
33.2462 253.019
33.2487 253.042
33.25 253.053
33.2506 253.059
33.2474 253.071
33.2436 253.077
33.227 253.092
33.2181 253.093
33.2047 253.096
S4DE_ARMADILLOSPAMERICA_2025L12_1

0
15000 30000 55320 55380
0 0 0 1
29
33.2187 253.099
33.2054 253.101
33.1965 253.103
33.1875 253.104
33.1875 253.104
33.164 253.097
33.1494 253.088
33.1437 253.078
33.1431 253.072
33.1393 253.038
33.147 253.025
33.1591 253.011
33.1674 253.004
33.1757 252.997
33.1973 252.987
33.1973 252.987
33.2017 252.987
33.2062 252.986
33.2291 252.987
33.2393 252.997
33.2494 253.007
33.25 253.013
33.2513 253.024
33.2538 253.046
33.255 253.058
33.248 253.076
33.2232 253.098
33.2232 253.098
33.2187 253.099
S4DE_ARMADILLOSPAMERICA_2025L12_2

0
30000 45000 55320 55380
0 0 0 1
31
33.2175 253.088
33.1997 253.091
33.1952 253.091
33.1812 253.088
33.1717 253.084
33.1666 253.079
33.1596 253.057
33.159 253.052
33.1584 253.046
33.161 253.028
33.161 253.028
33.1724 253.009
33.189 252.995
33.1935 252.994
33.2024 252.992
33.2068 252.991
33.2113 252.991
33.2246 252.988
33.2431 252.991
33.2431 252.991
33.2482 252.996
33.2482 252.996
33.2557 253.023
33.2564 253.029
33.257 253.034
33.255 253.058
33.2474 253.071
33.2391 253.078
33.2264 253.086
33.2219 253.087
33.2175 253.088
S4DE_ARMADILLOSPAMERICA_2025L12_3

0
45000 60000 55320 55380
0 0 0 1
28
33.2251 253.075
33.2118 253.077
33.1978 253.074
33.1927 253.069
33.1921 253.063
33.1908 253.052
33.1908 253.052
33.1871 253.018
33.1864 253.012
33.1903 253.006
33.1941 252.999
33.1941 252.999
33.2068 252.991
33.2068 252.991
33.2113 252.991
33.2202 252.989
33.2335 252.987
33.238 252.986
33.2475 252.99
33.2526 252.995
33.2577 253.0
33.2577 253.0
33.2627 253.045
33.2633 253.051
33.2557 253.063
33.2474 253.071
33.2429 253.071
33.2251 253.075
S4DE_ARMADILLOSPAMERICA_2025L13_0

0
0 15000 55380 55440
0 0 0 1
41
33.2104 253.106
33.1875 253.104
33.178 253.1
33.1589 253.092
33.1488 253.082
33.1488 253.082
33.1475 253.071
33.1469 253.066
33.145 253.049
33.1444 253.043
33.1438 253.037
33.1476 253.031
33.1514 253.024
33.1674 253.004
33.1674 253.004
33.1801 252.996
33.1928 252.988
33.1928 252.988
33.1973 252.987
33.2017 252.987
33.224 252.983
33.2329 252.981
33.2329 252.981
33.2425 252.985
33.2475 252.99
33.2526 252.995
33.2608 253.028
33.2615 253.034
33.2627 253.045
33.2627 253.045
33.2601 253.063
33.2569 253.075
33.2531 253.081
33.2493 253.088
33.241 253.095
33.2283 253.103
33.2282 253.103
33.2238 253.104
33.2193 253.104
33.2149 253.105
33.2104 253.106
S4DE_ARMADILLOSPAMERICA_2025L13_1

0
15000 30000 55380 55440
0 0 0 1
38
33.2149 253.105
33.1971 253.108
33.1926 253.109
33.1786 253.106
33.1596 253.098
33.15 253.094
33.15 253.094
33.1399 253.084
33.1386 253.073
33.1367 253.056
33.1355 253.044
33.1349 253.039
33.1349 253.039
33.1425 253.026
33.1546 253.012
33.1629 253.005
33.1712 252.998
33.1884 252.989
33.2062 252.986
33.2196 252.983
33.224 252.983
33.2285 252.982
33.238 252.986
33.2482 252.996
33.2545 253.012
33.2545 253.012
33.2551 253.017
33.257 253.034
33.2582 253.046
33.2589 253.051
33.2595 253.057
33.2563 253.069
33.2525 253.075
33.2404 253.089
33.2321 253.096
33.2321 253.096
33.2193 253.104
33.2149 253.105
S4DE_ARMADILLOSPAMERICA_2025L13_2

0
30000 45000 55380 55440
0 0 0 1
34
33.2041 253.09
33.1996 253.091
33.1812 253.088
33.1812 253.088
33.1717 253.084
33.1666 253.079
33.1596 253.057
33.159 253.052
33.1584 253.046
33.161 253.028
33.161 253.028
33.1648 253.022
33.1724 253.009
33.189 252.995
33.189 252.995
33.1979 252.993
33.2113 252.991
33.2157 252.99
33.2202 252.989
33.2431 252.991
33.2482 252.996
33.2482 252.996
33.2532 253.041
33.2538 253.046
33.2544 253.052
33.255 253.058
33.255 253.058
33.255 253.058
33.2512 253.064
33.2512 253.064
33.2347 253.079
33.2175 253.088
33.2175 253.088
33.2041 253.09
S4DE_ARMADILLOSPAMERICA_2025L13_3

0
45000 60000 55380 55440
0 0 0 1
17
33.2061 253.066
33.2016 253.067
33.201 253.062
33.1978 253.033
33.1953 253.011
33.1947 253.005
33.1947 253.005
33.2214 253.0
33.2393 252.997
33.2482 252.996
33.2482 252.996
33.2494 253.007
33.2544 253.052
33.255 253.058
33.2506 253.059
33.2461 253.059
33.2061 253.066
S4DE_ARMADILLOSPAMERICA_2025L14_0

0
0 15000 55440 55500
0 0 0 1
29
33.2245 253.069
33.22 253.07
33.2067 253.072
33.2022 253.073
33.1971 253.068
33.1959 253.057
33.1928 253.029
33.1915 253.017
33.1909 253.012
33.1903 253.006
33.1903 253.006
33.1903 253.006
33.1941 252.999
33.1941 252.999
33.2119 252.996
33.2342 252.992
33.2431 252.991
33.2475 252.99
33.2475 252.99
33.2475 252.99
33.2482 252.996
33.2488 253.001
33.2494 253.007
33.2544 253.052
33.255 253.058
33.2557 253.063
33.2557 253.063
33.2468 253.065
33.2245 253.069
S4DE_LYNXCECIL_2025L0_0

0
0 15000 51480 51540
0 0 0 1
31
30.1806 278.192
30.1806 278.174
30.1806 278.14
30.1806 278.134
30.1806 278.129
30.2211 278.1
30.2211 278.1
30.2256 278.1
30.2661 278.1
30.2706 278.1
30.2706 278.1
30.2706 278.117
30.2706 278.123
30.2706 278.129
30.2706 278.134
30.2706 278.117
30.2706 278.174
30.2706 278.18
30.2706 278.18
30.2661 278.186
30.2616 278.192
30.2526 278.197
30.2346 278.203
30.2346 278.203
30.2166 278.203
30.1986 278.203
30.1941 278.203
30.1896 278.203
30.1896 278.203
30.1806 278.197
30.1806 278.192
S4DE_LYNXCECIL_2025L1_0

0
0 15000 51540 51600
0 0 0 1
42
30.0637 278.146
30.0637 278.129
30.0637 278.123
30.0637 278.123
30.0682 278.117
30.0682 278.117
30.0817 278.112
30.0952 278.106
30.0952 278.106
30.0997 278.106
30.1132 278.106
30.1222 278.106
30.1402 278.106
30.1447 278.106
30.1582 278.106
30.1627 278.106
30.1627 278.106
30.1851 278.112
30.2076 278.117
30.2256 278.123
30.2391 278.129
30.2391 278.129
30.2391 278.174
30.2391 278.186
30.2391 278.197
30.2301 278.203
30.2256 278.203
30.2166 278.203
30.2076 278.203
30.1986 278.203
30.1851 278.203
30.1672 278.203
30.1627 278.203
30.1312 278.197
30.1132 278.192
30.0952 278.18
30.0862 278.174
30.0862 278.174
30.0817 278.169
30.0682 278.152
30.0637 278.146
30.0637 278.146
S4DE_LYNXCECIL_2025L1_1

0
15000 30000 51540 51600
0 0 0 1
29
30.0547 278.129
30.0547 278.123
30.0637 278.112
30.0682 278.106
30.0682 278.106
30.0772 278.106
30.1177 278.106
30.1222 278.106
30.2166 278.134
30.2166 278.134
30.2166 278.14
30.2166 278.157
30.2166 278.186
30.2166 278.197
30.2166 278.197
30.1986 278.197
30.1672 278.197
30.1492 278.197
30.1087 278.197
30.0952 278.192
30.0952 278.192
30.0682 278.174
30.0592 278.169
30.0592 278.169
30.0547 278.157
30.0547 278.157
30.0547 278.157
30.0547 278.146
30.0547 278.129
S4DE_LYNXCECIL_2025L1_2

0
30000 45000 51540 51600
0 0 0 1
32
30.0592 278.157
30.0592 278.14
30.0592 278.134
30.0592 278.129
30.0682 278.123
30.0682 278.123
30.0952 278.123
30.0997 278.123
30.1042 278.123
30.1267 278.129
30.1492 278.134
30.1492 278.134
30.1492 278.146
30.1492 278.157
30.1492 278.169
30.1492 278.192
30.1492 278.192
30.1492 278.192
30.1447 278.197
30.1447 278.197
30.1267 278.197
30.1132 278.197
30.1087 278.197
30.0952 278.197
30.0862 278.197
30.0772 278.197
30.0727 278.197
30.0727 278.197
30.0682 278.192
30.0592 278.18
30.0592 278.18
30.0592 278.157
S4DE_LYNXCECIL_2025L2_0

0
0 15000 51600 51660
0 0 0 1
19
30.0592 278.129
30.0592 278.123
30.0682 278.117
30.0727 278.117
30.0772 278.117
30.0817 278.117
30.0862 278.117
30.0907 278.129
30.0907 278.134
30.0907 278.14
30.0862 278.152
30.0772 278.152
30.0727 278.152
30.0682 278.152
30.0682 278.152
30.0592 278.14
30.0592 278.14
30.0592 278.14
30.0592 278.129
S4DE_LYNXCECIL_2025L2_1

0
15000 30000 51600 51660
0 0 0 1
31
30.0367 278.129
30.0367 278.117
30.0457 278.112
30.0592 278.106
30.0637 278.106
30.0682 278.106
30.0727 278.106
30.0772 278.106
30.0952 278.106
30.0997 278.106
30.0997 278.106
30.1087 278.112
30.1087 278.112
30.1087 278.117
30.1087 278.123
30.1087 278.134
30.1087 278.146
30.1087 278.152
30.1042 278.163
30.0997 278.169
30.0907 278.174
30.0862 278.174
30.0682 278.174
30.0682 278.174
30.0592 278.169
30.0502 278.163
30.0457 278.157
30.0367 278.146
30.0367 278.146
30.0367 278.14
30.0367 278.129
S4DE_LYNXCECIL_2025L2_2

0
30000 45000 51600 51660
0 0 0 1
30
30.0232 278.146
30.0232 278.14
30.0232 278.14
30.0277 278.129
30.0367 278.123
30.0502 278.117
30.0547 278.117
30.0682 278.117
30.0862 278.117
30.1042 278.123
30.1132 278.129
30.1177 278.134
30.1177 278.134
30.1177 278.134
30.1177 278.14
30.1177 278.146
30.1177 278.157
30.1177 278.174
30.1177 278.18
30.1132 278.192
30.1132 278.192
30.0997 278.197
30.0907 278.197
30.0772 278.197
30.0727 278.197
30.0727 278.197
30.0412 278.18
30.0277 278.169
30.0232 278.152
30.0232 278.146
S4DE_LYNXCECIL_2025L2_3

0
45000 60000 51600 51660
0 0 0 1
29
30.0232 278.163
30.0232 278.157
30.0232 278.152
30.0232 278.152
30.0277 278.14
30.0322 278.134
30.0322 278.134
30.0367 278.134
30.0502 278.134
30.0547 278.134
30.0727 278.134
30.0817 278.134
30.0862 278.134
30.0862 278.134
30.0907 278.14
30.0907 278.14
30.0907 278.146
30.0907 278.186
30.0907 278.192
30.0907 278.192
30.0907 278.192
30.0682 278.197
30.0592 278.197
30.0457 278.197
30.0367 278.197
30.0277 278.186
30.0232 278.18
30.0232 278.174
30.0232 278.163
S4DE_LYNXCECIL_2025L6_1

0
15000 30000 51840 51900
0 0 0 1
25
29.7534 278.14
29.7534 278.123
29.7534 278.123
29.7579 278.117
29.7714 278.117
29.7849 278.117
29.7894 278.117
29.7939 278.117
29.8119 278.123
29.8119 278.123
29.8164 278.129
29.8164 278.134
29.8164 278.14
29.8164 278.146
29.8164 278.146
29.8119 278.152
29.7939 278.157
29.7894 278.157
29.7714 278.157
29.7624 278.157
29.7579 278.157
29.7579 278.157
29.7534 278.152
29.7534 278.146
29.7534 278.14
S4DE_LYNXCECIL_2025L6_2

0
30000 45000 51840 51900
0 0 0 1
32
29.7489 278.146
29.7489 278.134
29.7489 278.129
29.7489 278.129
29.7534 278.123
29.7624 278.117
29.7624 278.117
29.7669 278.117
29.7714 278.117
29.7939 278.117
29.8029 278.117
29.8029 278.117
29.8298 278.123
29.8299 278.123
29.8344 278.134
29.8344 278.134
29.8344 278.146
29.8344 278.157
29.8344 278.163
29.8344 278.163
29.8299 278.174
29.8299 278.174
29.8164 278.18
29.8119 278.18
29.7804 278.18
29.7669 278.18
29.7624 278.18
29.7579 278.18
29.7534 278.174
29.7489 278.169
29.7489 278.163
29.7489 278.146
S4DE_LYNXCECIL_2025L6_3

0
45000 60000 51840 51900
0 0 0 1
26
29.7534 278.186
29.7534 278.14
29.7579 278.134
29.7624 278.129
29.7624 278.129
29.7669 278.129
29.7759 278.129
29.7894 278.129
29.7984 278.129
29.8209 278.129
29.8254 278.129
29.8344 278.134
29.8389 278.14
29.8389 278.157
29.8389 278.174
29.8388 278.18
29.8344 278.192
29.8344 278.192
29.8254 278.192
29.8119 278.192
29.7984 278.192
29.7849 278.192
29.7669 278.192
29.7624 278.192
29.7534 278.186
29.7534 278.186
S4DE_LYNXCECIL_2025L7_0

0
0 15000 51900 51960
0 0 0 1
32
29.551 278.015
29.5555 278.003
29.5645 277.986
29.578 277.986
29.5915 277.986
29.7669 278.112
29.7669 278.112
29.7714 278.117
29.7714 278.117
29.7714 278.117
29.7714 278.123
29.7714 278.129
29.7714 278.134
29.7714 278.134
29.7669 278.14
29.7669 278.14
29.7624 278.14
29.7579 278.14
29.7534 278.14
29.7534 278.14
29.7174 278.134
29.6949 278.129
29.6949 278.129
29.6545 278.117
29.605 278.1
29.605 278.1
29.596 278.095
29.578 278.083
29.5735 278.077
29.56 278.06
29.551 278.032
29.551 278.015
S4DE_LYNXCECIL_2025L7_1

0
15000 30000 51900 51960
0 0 0 1
36
29.5465 278.043
29.5465 278.015
29.5465 278.015
29.5555 277.986
29.56 277.98
29.5645 277.975
29.5735 277.969
29.5735 277.969
29.578 277.969
29.587 277.969
29.5915 277.969
29.5915 277.969
29.605 277.975
29.7804 278.106
29.7849 278.112
29.7849 278.112
29.7849 278.117
29.7849 278.123
29.7849 278.14
29.7849 278.152
29.7804 278.157
29.7804 278.157
29.7759 278.157
29.7714 278.157
29.7669 278.157
29.7489 278.157
29.7174 278.152
29.6994 278.146
29.65 278.129
29.605 278.112
29.5735 278.095
29.5555 278.072
29.551 278.06
29.5465 278.043
29.5465 278.043
29.5465 278.043
S4DE_LYNXCECIL_2025L7_2

0
30000 45000 51900 51960
0 0 0 1
32
29.5555 278.009
29.5555 278.009
29.56 277.997
29.5645 277.992
29.5645 277.992
29.5645 277.992
29.569 277.992
29.6095 277.992
29.6095 277.992
29.7894 278.112
29.7939 278.117
29.7984 278.123
29.7984 278.123
29.7984 278.134
29.7984 278.146
29.7984 278.163
29.7939 278.174
29.7894 278.18
29.7804 278.18
29.7669 278.18
29.7624 278.18
29.7579 278.18
29.7174 278.169
29.6994 278.163
29.6095 278.129
29.587 278.117
29.587 278.117
29.569 278.1
29.5645 278.095
29.5555 278.077
29.5555 278.072
29.5555 278.009
S4DE_LYNXCECIL_2025L7_3

0
45000 60000 51900 51960
0 0 0 1
31
29.6365 278.095
29.6365 278.083
29.6545 278.083
29.6724 278.083
29.6769 278.083
29.6814 278.083
29.6994 278.089
29.7894 278.123
29.7984 278.129
29.8074 278.14
29.8074 278.14
29.8074 278.146
29.8074 278.152
29.8074 278.163
29.8074 278.169
29.8074 278.174
29.8029 278.186
29.7984 278.192
29.7939 278.192
29.7894 278.192
29.7714 278.192
29.7669 278.192
29.7624 278.192
29.7444 278.186
29.7084 278.174
29.6634 278.157
29.641 278.146
29.6365 278.14
29.6365 278.14
29.6365 278.129
29.6365 278.095
S4DE_LYNXCECIL_2025L8_1

0
15000 30000 51960 52020
0 0 0 1
24
29.56 278.003
29.56 277.998
29.56 277.992
29.5645 277.975
29.5645 277.975
29.5735 277.969
29.578 277.969
29.587 277.969
29.596 277.969
29.6005 277.969
29.6005 277.969
29.6095 277.975
29.6095 277.992
29.6095 277.997
29.6095 278.003
29.6095 278.015
29.6005 278.026
29.5915 278.032
29.587 278.032
29.569 278.032
29.5645 278.026
29.5645 278.026
29.56 278.009
29.56 278.003
S4DE_LYNXCECIL_2025L8_2

0
30000 45000 51960 52020
0 0 0 1
25
29.56 278.015
29.56 277.998
29.56 277.997
29.5645 277.992
29.5735 277.986
29.578 277.986
29.596 277.986
29.605 277.986
29.6095 277.986
29.614 277.992
29.614 277.992
29.614 277.997
29.614 278.009
29.614 278.015
29.614 278.02
29.614 278.026
29.614 278.032
29.6095 278.049
29.6005 278.049
29.578 278.049
29.569 278.049
29.5645 278.049
29.56 278.043
29.56 278.037
29.56 278.015
S4DE_LYNXMIDLAND_2025L0_0

0
0 15000 49500 49560
0 0 0 1
31
31.963 257.876
31.9522 257.865
31.9307 257.845
31.9271 257.841
31.9235 257.838
31.9299 257.78
31.9299 257.78
31.9326 257.775
31.957 257.734
31.9597 257.73
31.9597 257.73
31.9705 257.74
31.9741 257.743
31.9776 257.747
31.9812 257.75
31.9705 257.74
32.0064 257.774
32.01 257.778
32.01 257.778
32.0109 257.786
32.0117 257.794
32.0099 257.806
32.0027 257.828
32.0027 257.828
31.9919 257.846
31.981 257.864
31.9783 257.869
31.9756 257.873
31.9756 257.873
31.9666 257.879
31.963 257.876
S4DE_LYNXMIDLAND_2025L1_0

0
0 15000 49560 49620
0 0 0 1
42
31.8639 257.967
31.8531 257.956
31.8495 257.953
31.8495 257.953
31.8487 257.945
31.8487 257.945
31.8532 257.928
31.8577 257.911
31.8577 257.911
31.8604 257.906
31.8685 257.893
31.874 257.883
31.8848 257.865
31.8875 257.861
31.8956 257.847
31.8983 257.842
31.8983 257.842
31.9154 257.823
31.9326 257.804
31.947 257.789
31.9587 257.779
31.9587 257.779
31.9874 257.806
31.9946 257.813
32.0018 257.82
32.0 257.832
31.9973 257.837
31.9919 257.846
31.9864 257.855
31.981 257.864
31.9729 257.878
31.9621 257.896
31.9594 257.901
31.9368 257.929
31.9224 257.944
31.9044 257.955
31.8954 257.961
31.8954 257.961
31.8891 257.962
31.8702 257.966
31.8639 257.967
31.8639 257.967
S4DE_LYNXMIDLAND_2025L1_1

0
15000 30000 49560 49620
0 0 0 1
29
31.8477 257.966
31.8441 257.962
31.8424 257.946
31.8415 257.938
31.8415 257.938
31.8469 257.929
31.8712 257.888
31.874 257.883
31.9488 257.805
31.9488 257.805
31.9523 257.808
31.9631 257.819
31.9811 257.836
31.9883 257.843
31.9883 257.843
31.9774 257.861
31.9585 257.893
31.9477 257.911
31.9233 257.952
31.9116 257.962
31.9116 257.962
31.8846 257.979
31.8756 257.985
31.8756 257.985
31.8657 257.983
31.8657 257.983
31.8657 257.983
31.8585 257.976
31.8477 257.966
S4DE_LYNXMIDLAND_2025L1_2

0
30000 45000 49560 49620
0 0 0 1
32
31.8684 257.978
31.8576 257.968
31.854 257.964
31.8504 257.961
31.8522 257.948
31.8523 257.948
31.8685 257.921
31.8712 257.917
31.8739 257.912
31.891 257.893
31.9082 257.873
31.9082 257.873
31.9153 257.88
31.9225 257.887
31.9297 257.894
31.9441 257.908
31.9441 257.908
31.9441 257.908
31.945 257.916
31.945 257.916
31.9341 257.934
31.926 257.947
31.9233 257.952
31.9152 257.966
31.9098 257.975
31.9044 257.984
31.9017 257.989
31.9016 257.989
31.8954 257.99
31.8828 257.992
31.8828 257.992
31.8684 257.978
S4DE_LYNXMIDLAND_2025L2_0

0
0 15000 49620 49680
0 0 0 1
19
31.8504 257.961
31.8468 257.958
31.8487 257.945
31.8514 257.94
31.8541 257.936
31.8568 257.931
31.8595 257.927
31.8694 257.929
31.873 257.932
31.8766 257.936
31.881 257.947
31.8756 257.956
31.8729 257.961
31.8702 257.966
31.8702 257.966
31.8576 257.968
31.8576 257.968
31.8576 257.968
31.8504 257.961
S4DE_LYNXMIDLAND_2025L2_1

0
15000 30000 49620 49680
0 0 0 1
31
31.8369 257.984
31.8297 257.977
31.8315 257.964
31.8361 257.947
31.8388 257.943
31.8415 257.938
31.8442 257.934
31.8469 257.929
31.8577 257.911
31.8604 257.906
31.8604 257.906
31.8694 257.901
31.8694 257.901
31.873 257.904
31.8766 257.907
31.8838 257.914
31.891 257.921
31.8946 257.925
31.899 257.936
31.8999 257.944
31.8981 257.957
31.8954 257.961
31.8846 257.979
31.8846 257.979
31.8756 257.985
31.8666 257.991
31.8603 257.992
31.8477 257.994
31.8477 257.994
31.8441 257.991
31.8369 257.984
S4DE_LYNXMIDLAND_2025L2_2

0
30000 45000 49620 49680
0 0 0 1
30
31.8396 258.008
31.836 258.004
31.836 258.004
31.8315 257.993
31.8333 257.98
31.8378 257.963
31.8405 257.959
31.8487 257.945
31.8595 257.927
31.8739 257.912
31.8829 257.906
31.8892 257.905
31.8892 257.905
31.8892 257.905
31.8928 257.909
31.8964 257.912
31.9036 257.919
31.9144 257.929
31.9179 257.933
31.9224 257.944
31.9224 257.944
31.9179 257.961
31.9125 257.97
31.9044 257.984
31.9017 257.989
31.9017 257.989
31.8719 258.01
31.8566 258.017
31.8431 258.011
31.8396 258.008
S4DE_LYNXMIDLAND_2025L2_3

0
45000 60000 49620 49680
0 0 0 1
29
31.8503 258.018
31.8467 258.015
31.8431 258.011
31.8431 258.011
31.8387 258.0
31.8378 257.992
31.8378 257.992
31.8405 257.987
31.8486 257.974
31.8513 257.969
31.8621 257.951
31.8676 257.942
31.8703 257.937
31.8703 257.937
31.8766 257.936
31.8766 257.936
31.8802 257.939
31.9053 257.963
31.9089 257.967
31.9089 257.967
31.9089 257.967
31.8989 257.993
31.8935 258.002
31.8854 258.016
31.88 258.025
31.8674 258.027
31.8611 258.028
31.8575 258.025
31.8503 258.018
S4DE_LYNXMIDLAND_2025L6_1

0
15000 30000 49860 49920
0 0 0 1
25
31.6736 258.278
31.6628 258.267
31.6628 258.267
31.6619 258.259
31.67 258.246
31.6781 258.232
31.6809 258.228
31.6836 258.223
31.698 258.208
31.698 258.208
31.7043 258.207
31.7079 258.211
31.7115 258.214
31.7151 258.217
31.7151 258.217
31.7159 258.225
31.7087 258.247
31.706 258.252
31.6952 258.27
31.6898 258.279
31.6871 258.284
31.6871 258.284
31.6808 258.285
31.6772 258.281
31.6736 258.278
S4DE_LYNXMIDLAND_2025L6_2

0
30000 45000 49860 49920
0 0 0 1
32
31.6745 258.286
31.6673 258.279
31.6637 258.275
31.6637 258.275
31.6628 258.267
31.6646 258.255
31.6646 258.255
31.6673 258.25
31.67 258.246
31.6836 258.223
31.689 258.214
31.689 258.214
31.7088 258.19
31.7088 258.19
31.7187 258.192
31.7187 258.192
31.7259 258.199
31.7331 258.206
31.7367 258.209
31.7367 258.209
31.7411 258.221
31.7411 258.221
31.7366 258.238
31.7339 258.243
31.715 258.274
31.7068 258.288
31.7041 258.293
31.7014 258.297
31.6951 258.298
31.6888 258.3
31.6852 258.296
31.6745 258.286
S4DE_LYNXMIDLAND_2025L6_3

0
45000 60000 49860 49920
0 0 0 1
26
31.7023 258.305
31.6736 258.278
31.6727 258.27
31.6718 258.262
31.6718 258.262
31.6745 258.257
31.6799 258.248
31.688 258.234
31.6934 258.225
31.707 258.203
31.7097 258.198
31.7187 258.192
31.725 258.191
31.7358 258.201
31.7465 258.212
31.7501 258.215
31.7546 258.227
31.7546 258.227
31.7492 258.236
31.7411 258.249
31.733 258.263
31.7248 258.277
31.714 258.295
31.7113 258.3
31.7023 258.305
31.7023 258.305
S4DE_LYNXMIDLAND_2025L7_0

0
0 15000 49920 49980
0 0 0 1
32
31.4728 258.407
31.4683 258.396
31.4629 258.376
31.471 258.363
31.4792 258.349
31.6637 258.247
31.6637 258.247
31.67 258.246
31.67 258.246
31.67 258.246
31.6736 258.249
31.6772 258.253
31.6808 258.256
31.6808 258.256
31.6817 258.264
31.6817 258.264
31.679 258.269
31.6763 258.273
31.6736 258.278
31.6736 258.278
31.6483 258.311
31.6312 258.33
31.6312 258.33
31.5997 258.364
31.5591 258.404
31.5591 258.404
31.5501 258.41
31.5321 258.421
31.5258 258.422
31.5069 258.426
31.4835 258.418
31.4728 258.407
S4DE_LYNXMIDLAND_2025L7_1

0
15000 30000 49920 49980
0 0 0 1
36
31.488 258.429
31.47 258.412
31.47 258.412
31.4575 258.386
31.4566 258.378
31.4557 258.37
31.4576 258.357
31.4576 258.357
31.4603 258.352
31.4657 258.343
31.4684 258.339
31.4684 258.339
31.4801 258.329
31.6683 258.23
31.6746 258.229
31.6746 258.229
31.6782 258.232
31.6817 258.236
31.6925 258.246
31.6997 258.253
31.7006 258.261
31.7006 258.261
31.6979 258.265
31.6952 258.27
31.6925 258.274
31.6816 258.293
31.6591 258.321
31.6447 258.336
31.6041 258.376
31.5663 258.411
31.5366 258.433
31.5114 258.437
31.5015 258.435
31.488 258.429
31.488 258.429
31.488 258.429
S4DE_LYNXMIDLAND_2025L7_2

0
30000 45000 49920 49980
0 0 0 1
32
31.4719 258.399
31.4719 258.399
31.4674 258.388
31.4665 258.38
31.4665 258.38
31.4665 258.38
31.4692 258.375
31.4936 258.334
31.4936 258.334
31.6773 258.224
31.6836 258.223
31.6899 258.222
31.6899 258.222
31.697 258.229
31.7042 258.236
31.715 258.246
31.7195 258.257
31.7204 258.265
31.715 258.274
31.7068 258.288
31.7041 258.293
31.7014 258.297
31.6699 258.331
31.6555 258.346
31.5798 258.417
31.5591 258.433
31.5591 258.433
31.5375 258.441
31.5312 258.442
31.515 258.441
31.5114 258.437
31.4719 258.399
S4DE_LYNXMIDLAND_2025L7_3

0
45000 60000 49920 49980
0 0 0 1
31
31.5745 258.369
31.5673 258.362
31.5781 258.344
31.5889 258.325
31.5916 258.321
31.5943 258.316
31.6088 258.302
31.6844 258.231
31.6935 258.225
31.706 258.223
31.7061 258.223
31.7096 258.227
31.7132 258.23
31.7204 258.237
31.724 258.24
31.7276 258.244
31.7321 258.255
31.733 258.263
31.7303 258.268
31.7275 258.272
31.7167 258.29
31.714 258.295
31.7113 258.3
31.6969 258.314
31.6681 258.344
31.6302 258.379
31.6095 258.395
31.6032 258.396
31.6032 258.396
31.596 258.389
31.5745 258.369
S4DE_LYNXMIDLAND_2025L8_1

0
15000 30000 49980 50040
0 0 0 1
24
31.471 258.391
31.4674 258.388
31.4638 258.384
31.4557 258.37
31.4557 258.37
31.4576 258.357
31.4603 258.352
31.4657 258.343
31.4711 258.334
31.4738 258.33
31.4738 258.33
31.4828 258.324
31.4936 258.334
31.4972 258.338
31.5008 258.341
31.5079 258.348
31.5097 258.364
31.5079 258.377
31.5052 258.381
31.4944 258.399
31.4881 258.401
31.4881 258.401
31.4746 258.395
31.471 258.391
S4DE_LYNXMIDLAND_2025L8_2

0
30000 45000 49980 50040
0 0 0 1
25
31.4782 258.398
31.4674 258.388
31.4674 258.388
31.4665 258.38
31.4683 258.367
31.471 258.363
31.4819 258.345
31.4873 258.335
31.49 258.331
31.4963 258.33
31.4963 258.33
31.4999 258.333
31.5071 258.34
31.5106 258.344
31.5142 258.347
31.5178 258.35
31.5214 258.354
31.5295 258.369
31.5241 258.378
31.5106 258.401
31.5051 258.41
31.5024 258.414
31.4961 258.415
31.4925 258.412
31.4782 258.398
S4DE_LYNXMOJAVE_2025L0_0

0
0 15000 66900 66960
0 0 0 1
31
35.1225 241.824
35.1142 241.838
35.0975 241.865
35.0948 241.869
35.092 241.874
35.0463 241.865
35.0463 241.865
35.0427 241.861
35.0108 241.829
35.0073 241.826
35.0073 241.826
35.0156 241.812
35.0183 241.808
35.0211 241.803
35.0239 241.799
35.0156 241.812
35.0433 241.767
35.046 241.763
35.046 241.763
35.0524 241.762
35.0587 241.761
35.0685 241.764
35.0855 241.773
35.0855 241.773
35.0996 241.787
35.1138 241.801
35.1174 241.805
35.1209 241.808
35.1209 241.808
35.1252 241.82
35.1225 241.824
S4DE_LYNXMOJAVE_2025L1_0

0
0 15000 66960 67020
0 0 0 1
42
35.1924 241.952
35.1841 241.965
35.1814 241.97
35.1814 241.97
35.1751 241.971
35.1751 241.971
35.1617 241.965
35.1483 241.958
35.1483 241.958
35.1447 241.955
35.1341 241.944
35.127 241.937
35.1128 241.923
35.1093 241.92
35.0986 241.909
35.0951 241.906
35.0951 241.906
35.0801 241.884
35.0652 241.862
35.0538 241.843
35.0459 241.828
35.0459 241.828
35.0681 241.792
35.0736 241.783
35.0792 241.774
35.089 241.777
35.0926 241.78
35.0996 241.787
35.1067 241.794
35.1138 241.801
35.1244 241.812
35.1386 241.826
35.1422 241.829
35.1642 241.858
35.1756 241.877
35.1843 241.9
35.1886 241.912
35.1886 241.912
35.1893 241.92
35.1917 241.944
35.1925 241.952
35.1924 241.952
S4DE_LYNXMOJAVE_2025L1_1

0
15000 30000 66960 67020
0 0 0 1
29
35.1912 241.972
35.1885 241.977
35.1758 241.979
35.1695 241.98
35.1695 241.98
35.1624 241.973
35.1305 241.941
35.127 241.937
35.0664 241.841
35.0664 241.841
35.0692 241.837
35.0775 241.823
35.0913 241.801
35.0969 241.792
35.0969 241.792
35.1111 241.806
35.1359 241.83
35.15 241.844
35.1819 241.876
35.1898 241.891
35.1898 241.891
35.2028 241.926
35.2071 241.937
35.2071 241.937
35.2051 241.95
35.2051 241.95
35.2051 241.95
35.1995 241.959
35.1912 241.972
S4DE_LYNXMOJAVE_2025L1_2

0
30000 45000 66960 67020
0 0 0 1
32
35.2015 241.946
35.1932 241.96
35.1905 241.964
35.1877 241.969
35.1778 241.966
35.1778 241.966
35.1566 241.945
35.153 241.941
35.1495 241.938
35.1345 241.916
35.1196 241.894
35.1196 241.894
35.1251 241.885
35.1306 241.876
35.1362 241.867
35.1473 241.849
35.1473 241.849
35.1473 241.849
35.1536 241.848
35.1536 241.848
35.1678 241.862
35.1784 241.872
35.1819 241.876
35.1926 241.887
35.1996 241.894
35.2067 241.901
35.2103 241.904
35.2103 241.904
35.2111 241.912
35.2126 241.928
35.2126 241.928
35.2015 241.946
S4DE_LYNXMOJAVE_2025L2_0

0
0 15000 67020 67080
0 0 0 1
19
35.1877 241.969
35.1849 241.973
35.1751 241.971
35.1715 241.967
35.168 241.964
35.1644 241.96
35.1609 241.957
35.1629 241.944
35.1656 241.939
35.1684 241.935
35.1775 241.93
35.1846 241.937
35.1881 241.94
35.1917 241.944
35.1917 241.944
35.1932 241.96
35.1932 241.96
35.1932 241.96
35.1877 241.969
S4DE_LYNXMOJAVE_2025L2_1

0
15000 30000 67020 67080
0 0 0 1
31
35.2054 241.986
35.1999 241.995
35.19 241.993
35.1766 241.987
35.1731 241.983
35.1695 241.98
35.166 241.976
35.1624 241.973
35.1483 241.958
35.1447 241.955
35.1447 241.955
35.1404 241.943
35.1404 241.943
35.1432 241.939
35.1459 241.934
35.1515 241.925
35.157 241.916
35.1598 241.912
35.1689 241.906
35.1752 241.905
35.185 241.908
35.1886 241.912
35.2027 241.926
35.2027 241.926
35.2071 241.937
35.2114 241.949
35.2122 241.957
35.2137 241.973
35.2137 241.973
35.2109 241.977
35.2054 241.986
S4DE_LYNXMOJAVE_2025L2_2

0
30000 45000 67020 67080
0 0 0 1
30
35.2243 241.983
35.2216 241.988
35.2216 241.988
35.2125 241.993
35.2026 241.991
35.1892 241.985
35.1857 241.981
35.1751 241.971
35.1609 241.957
35.1495 241.938
35.1452 241.926
35.1444 241.918
35.1444 241.918
35.1444 241.918
35.1471 241.914
35.1499 241.909
35.1555 241.9
35.1638 241.887
35.1665 241.882
35.1756 241.877
35.1756 241.877
35.189 241.883
35.1961 241.89
35.2067 241.901
35.2103 241.904
35.2103 241.904
35.2268 241.942
35.2319 241.962
35.2271 241.979
35.2243 241.983
S4DE_LYNXMOJAVE_2025L2_3

0
45000 60000 67020 67080
0 0 0 1
29
35.2327 241.97
35.2299 241.974
35.2271 241.979
35.2271 241.979
35.218 241.984
35.2117 241.985
35.2117 241.985
35.2082 241.982
35.1975 241.971
35.194 241.968
35.1798 241.954
35.1727 241.947
35.1692 241.943
35.1692 241.943
35.1684 241.935
35.1684 241.935
35.1712 241.931
35.1906 241.899
35.1933 241.895
35.1933 241.895
35.1933 241.895
35.2138 241.908
35.2209 241.915
35.2315 241.925
35.2386 241.932
35.2402 241.948
35.241 241.956
35.2382 241.961
35.2327 241.97
S4DE_LYNXMOJAVE_2025L6_1

0
15000 30000 67260 67320
0 0 0 1
25
35.4342 242.199
35.4259 242.212
35.4259 242.212
35.4196 242.213
35.409 242.202
35.3983 242.192
35.3948 242.188
35.3912 242.185
35.3798 242.166
35.3798 242.166
35.3791 242.158
35.3818 242.154
35.3846 242.149
35.3874 242.145
35.3874 242.145
35.3937 242.144
35.4106 242.153
35.4142 242.157
35.4283 242.171
35.4354 242.178
35.439 242.182
35.439 242.182
35.4397 242.19
35.437 242.194
35.4342 242.199
S4DE_LYNXMOJAVE_2025L6_2

0
30000 45000 67260 67320
0 0 0 1
32
35.4405 242.198
35.435 242.207
35.4322 242.211
35.4322 242.211
35.4259 242.212
35.4161 242.209
35.416 242.209
35.4125 242.206
35.409 242.202
35.3912 242.185
35.3842 242.178
35.3841 242.178
35.3657 242.152
35.3657 242.152
35.3676 242.14
35.3676 242.14
35.3732 242.131
35.3787 242.122
35.3815 242.117
35.3815 242.117
35.3906 242.112
35.3906 242.112
35.404 242.118
35.4075 242.121
35.4323 242.146
35.443 242.157
35.4465 242.16
35.45 242.164
35.4508 242.172
35.4516 242.18
35.4488 242.184
35.4405 242.198
S4DE_LYNXMOJAVE_2025L6_3

0
45000 60000 67260 67320
0 0 0 1
26
35.4564 242.163
35.4342 242.199
35.4279 242.2
35.4216 242.2
35.4216 242.2
35.418 242.197
35.411 242.19
35.4003 242.179
35.3932 242.172
35.3755 242.155
35.372 242.151
35.3676 242.14
35.3669 242.132
35.3752 242.118
35.3835 242.105
35.3863 242.1
35.3953 242.095
35.3953 242.095
35.4024 242.102
35.4131 242.112
35.4237 242.123
35.4343 242.133
35.4485 242.148
35.452 242.151
35.4564 242.163
35.4564 242.163
S4DE_LYNXMOJAVE_2025L7_0

0
0 15000 67320 67380
0 0 0 1
32
35.5328 242.456
35.5237 242.461
35.5083 242.468
35.4977 242.457
35.487 242.446
35.4097 242.21
35.4097 242.21
35.409 242.202
35.409 242.202
35.409 242.202
35.4117 242.198
35.4145 242.193
35.4173 242.189
35.4173 242.189
35.4236 242.188
35.4236 242.188
35.4271 242.191
35.4307 242.195
35.4342 242.199
35.4342 242.199
35.4598 242.231
35.4747 242.253
35.4747 242.253
35.5011 242.294
35.5318 242.346
35.5318 242.346
35.5361 242.357
35.5447 242.381
35.5455 242.389
35.5478 242.413
35.5411 242.442
35.5328 242.456
S4DE_LYNXMOJAVE_2025L7_1

0
15000 30000 67320 67380
0 0 0 1
36
35.5502 242.437
35.5363 242.459
35.5363 242.459
35.5154 242.475
35.5091 242.476
35.5028 242.477
35.4929 242.474
35.4929 242.474
35.4894 242.47
35.4823 242.463
35.4787 242.46
35.4787 242.46
35.4709 242.445
35.3963 242.204
35.3956 242.196
35.3956 242.196
35.3983 242.192
35.4011 242.187
35.4094 242.174
35.4149 242.165
35.4213 242.164
35.4213 242.164
35.4248 242.167
35.4283 242.171
35.4319 242.174
35.4461 242.189
35.4681 242.218
35.4795 242.236
35.5102 242.288
35.5373 242.337
35.5538 242.375
35.5569 242.407
35.5549 242.42
35.5502 242.437
35.5502 242.437
35.5502 242.437
S4DE_LYNXMOJAVE_2025L7_2

0
30000 45000 67320 67380
0 0 0 1
32
35.5265 242.457
35.5265 242.457
35.5174 242.462
35.5111 242.463
35.5111 242.463
35.5111 242.463
35.5075 242.46
35.4756 242.428
35.4756 242.428
35.392 242.193
35.3912 242.185
35.3905 242.177
35.3905 242.177
35.396 242.168
35.4015 242.159
35.4098 242.145
35.4189 242.14
35.4252 242.139
35.4323 242.146
35.443 242.157
35.4465 242.16
35.45 242.164
35.4764 242.204
35.4878 242.223
35.5421 242.32
35.5543 242.347
35.5543 242.347
35.5601 242.374
35.5609 242.382
35.5597 242.403
35.5569 242.407
35.5265 242.457
S4DE_LYNXMOJAVE_2025L7_3

0
45000 60000 67320 67380
0 0 0 1
31
35.5042 242.326
35.4987 242.335
35.4845 242.321
35.4703 242.307
35.4668 242.303
35.4632 242.3
35.4518 242.281
35.3975 242.184
35.3932 242.172
35.3917 242.156
35.3917 242.156
35.3945 242.152
35.3972 242.147
35.4028 242.138
35.4055 242.134
35.4083 242.129
35.4174 242.124
35.4237 242.123
35.4272 242.126
35.4308 242.13
35.445 242.144
35.4485 242.148
35.452 242.151
35.4635 242.17
35.4863 242.207
35.5134 242.255
35.5256 242.282
35.5264 242.29
35.5264 242.29
35.5208 242.299
35.5042 242.326
S4DE_LYNXMOJAVE_2025L8_1

0
15000 30000 67380 67440
0 0 0 1
24
35.5201 242.458
35.5174 242.462
35.5146 242.467
35.5028 242.477
35.5028 242.477
35.4929 242.474
35.4894 242.47
35.4823 242.463
35.4752 242.456
35.4716 242.453
35.4716 242.453
35.4673 242.441
35.4756 242.428
35.4784 242.423
35.4812 242.419
35.4867 242.41
35.4993 242.408
35.5092 242.41
35.5127 242.414
35.5269 242.428
35.5277 242.436
35.5277 242.436
35.5229 242.453
35.5201 242.458
S4DE_LYNXMOJAVE_2025L8_2

0
30000 45000 67380 67440
0 0 0 1
25
35.5257 242.449
35.5174 242.462
35.5174 242.462
35.5111 242.463
35.5012 242.461
35.4977 242.457
35.4835 242.443
35.4764 242.436
35.4729 242.432
35.4721 242.424
35.4721 242.424
35.4748 242.42
35.4804 242.411
35.4832 242.406
35.4859 242.402
35.4887 242.397
35.4915 242.393
35.5033 242.383
35.5104 242.39
35.5281 242.408
35.5352 242.415
35.5388 242.418
35.5395 242.426
35.5368 242.431
35.5257 242.449
S4DE_SROCKETPOKERFLAT_2025L0_0

0
0 15000 77400 77460
0 0 0 1
35
65.098 212.631
65.085 212.626
65.0601 212.612
65.0601 212.612
65.0601 212.612
65.0526 212.603
65.0375 212.586
65.039 212.557
65.0401 212.552
65.0425 212.541
65.0492 212.531
65.0602 212.523
65.0755 212.517
65.0755 212.517
65.0897 212.516
65.1039 212.514
65.1083 212.516
65.117 212.519
65.13 212.523
65.1343 212.525
65.1462 212.535
65.1494 212.542
65.1526 212.549
65.1534 212.567
65.1488 212.589
65.1476 212.594
65.1453 212.605
65.1441 212.611
65.1374 212.62
65.1319 212.624
65.1264 212.628
65.1264 212.628
65.1067 212.634
65.1024 212.632
65.098 212.631
S4DE_SROCKETPOKERFLAT_2025L0_1

0
15000 30000 77400 77460
0 0 0 1
32
65.0992 212.625
65.0688 212.615
65.0644 212.613
65.0569 212.605
65.0419 212.588
65.0387 212.581
65.0367 212.568
65.0378 212.563
65.0413 212.546
65.0425 212.541
65.0425 212.541
65.0425 212.541
65.0491 212.531
65.0547 212.527
65.0602 212.523
65.0755 212.517
65.0854 212.514
65.0897 212.516
65.1158 212.524
65.1245 212.527
65.1332 212.53
65.1375 212.532
65.1494 212.542
65.1459 212.558
65.1401 212.586
65.1377 212.597
65.1354 212.608
65.1342 212.613
65.1342 212.613
65.1287 212.617
65.1079 212.628
65.0992 212.625
S4DE_SROCKETPOKERFLAT_2025L0_2

0
30000 45000 77400 77460
0 0 0 1
28
65.0711 212.604
65.0592 212.594
65.056 212.587
65.0529 212.58
65.0552 212.569
65.061 212.541
65.0622 212.536
65.0622 212.536
65.0787 212.524
65.0886 212.521
65.0929 212.523
65.119 212.531
65.1277 212.534
65.1363 212.537
65.1407 212.539
65.145 212.54
65.145 212.54
65.1482 212.547
65.1447 212.564
65.1377 212.597
65.1366 212.602
65.1354 212.608
65.1201 212.614
65.1059 212.616
65.1059 212.616
65.1015 212.614
65.0928 212.611
65.0711 212.604
S4DE_SROCKETPOKERFLAT_2025L0_3

0
45000 60000 77400 77460
0 0 0 1
29
65.0908 212.599
65.0865 212.597
65.0789 212.589
65.0789 212.589
65.0801 212.583
65.0824 212.572
65.0906 212.534
65.0917 212.528
65.1016 212.525
65.1016 212.525
65.1233 212.533
65.1277 212.534
65.1407 212.539
65.1494 212.542
65.1526 212.549
65.1534 212.567
65.1523 212.572
65.1511 212.578
65.1499 212.583
65.1488 212.589
65.1398 212.609
65.1397 212.609
65.1299 212.612
65.1299 212.612
65.1256 212.61
65.1212 212.609
65.1169 212.607
65.1125 212.606
65.0908 212.599
S4DE_SROCKETPOKERFLAT_2025L11_1

0
15000 30000 78060 78120
0 0 0 1
24
65.3141 212.71
65.3097 212.709
65.3054 212.707
65.2978 212.699
65.2978 212.699
65.2947 212.692
65.2947 212.692
65.2958 212.686
65.2982 212.675
65.2993 212.67
65.3103 212.661
65.3158 212.657
65.3158 212.657
65.3245 212.66
65.3289 212.662
65.3364 212.67
65.3364 212.67
65.3384 212.683
65.3373 212.688
65.3361 212.694
65.3349 212.699
65.3283 212.709
65.3184 212.711
65.3141 212.71
S4DE_SROCKETPOKERFLAT_2025L11_2

0
30000 45000 78060 78120
0 0 0 1
34
65.3129 212.716
65.3085 212.714
65.3042 212.713
65.2967 212.704
65.2967 212.704
65.2935 212.697
65.2947 212.692
65.3016 212.658
65.3072 212.654
65.3127 212.65
65.3225 212.648
65.3225 212.648
65.3269 212.649
65.3312 212.651
65.3355 212.652
65.3399 212.654
65.3442 212.655
65.3518 212.664
65.3518 212.664
65.3549 212.671
65.357 212.683
65.357 212.683
65.3558 212.689
65.3546 212.694
65.3535 212.7
65.3523 212.705
65.3523 212.705
65.3523 212.705
65.3456 212.715
65.3401 212.719
65.3259 212.72
65.3216 212.718
65.3172 212.717
65.3129 212.716
S4DE_SROCKETPOKERFLAT_2025L11_3

0
45000 60000 78060 78120
0 0 0 1
26
65.3172 212.717
65.3129 212.716
65.301 212.706
65.301 212.706
65.2978 212.699
65.299 212.693
65.306 212.66
65.3072 212.654
65.3127 212.65
65.3225 212.648
65.3454 212.65
65.3454 212.65
65.3497 212.651
65.366 212.663
65.368 212.675
65.3668 212.681
65.361 212.708
65.3598 212.714
65.3598 212.714
65.3543 212.718
65.3488 212.722
65.3303 212.721
65.3303 212.721
65.3259 212.72
65.3216 212.718
65.3172 212.717
S4DE_SROCKETPOKERFLAT_2025L12_0

0
0 15000 78120 78180
0 0 0 1
34
65.2952 212.733
65.2865 212.73
65.2746 212.72
65.2671 212.712
65.2639 212.705
65.2608 212.698
65.2611 212.674
65.2611 212.674
65.2622 212.669
65.2634 212.663
65.2712 212.648
65.2767 212.644
65.2823 212.64
65.2878 212.636
65.2976 212.633
65.3118 212.632
65.3162 212.634
65.3205 212.635
65.3248 212.637
65.3379 212.641
65.3422 212.643
65.3497 212.651
65.3529 212.658
65.3561 212.665
65.3581 212.678
65.357 212.683
65.3523 212.705
65.35 212.716
65.3488 212.722
65.3421 212.731
65.3366 212.735
65.3169 212.741
65.3082 212.738
65.2952 212.733
S4DE_SROCKETPOKERFLAT_2025L12_1

0
15000 30000 78120 78180
0 0 0 1
29
65.3071 212.743
65.294 212.739
65.2854 212.736
65.2767 212.733
65.2767 212.733
65.2573 212.714
65.2466 212.699
65.2445 212.686
65.2457 212.681
65.2527 212.648
65.2637 212.64
65.2791 212.633
65.2889 212.631
65.2988 212.628
65.3217 212.63
65.3217 212.63
65.326 212.631
65.3304 212.633
65.3509 212.646
65.3573 212.66
65.3636 212.674
65.3625 212.679
65.3601 212.69
65.3555 212.712
65.3532 212.723
65.341 212.737
65.3114 212.745
65.3114 212.745
65.3071 212.743
S4DE_SROCKETPOKERFLAT_2025L12_2

0
30000 45000 78120 78180
0 0 0 1
31
65.3094 212.732
65.292 212.726
65.2877 212.725
65.2758 212.715
65.2683 212.706
65.2651 212.699
65.2654 212.676
65.2666 212.67
65.2677 212.665
65.2756 212.65
65.2756 212.65
65.2921 212.638
65.3118 212.632
65.3162 212.634
65.3248 212.637
65.3292 212.638
65.3335 212.64
65.3466 212.644
65.3628 212.656
65.3628 212.656
65.366 212.663
65.366 212.663
65.3645 212.692
65.3633 212.697
65.3622 212.703
65.3532 212.723
65.3421 212.731
65.3323 212.734
65.3181 212.735
65.3137 212.734
65.3094 212.732
S4DE_SROCKETPOKERFLAT_2025L12_3

0
45000 60000 78120 78180
0 0 0 1
28
65.3204 212.724
65.3074 212.72
65.2955 212.71
65.2923 212.703
65.2935 212.697
65.2958 212.686
65.2958 212.686
65.3028 212.653
65.304 212.647
65.3095 212.643
65.315 212.639
65.315 212.639
65.3292 212.638
65.3292 212.638
65.3335 212.64
65.3422 212.643
65.3553 212.647
65.3596 212.649
65.3671 212.657
65.3703 212.664
65.3735 212.671
65.3735 212.671
65.3642 212.715
65.363 212.721
65.352 212.729
65.3421 212.731
65.3378 212.73
65.3204 212.724
S4DE_SROCKETPOKERFLAT_2025L13_0

0
0 15000 78180 78240
0 0 0 1
41
65.2972 212.746
65.2767 212.733
65.2691 212.724
65.2541 212.707
65.2477 212.693
65.2477 212.693
65.2501 212.682
65.2512 212.677
65.2547 212.66
65.2559 212.655
65.257 212.649
65.2625 212.645
65.2681 212.641
65.2889 212.631
65.2889 212.631
65.3031 212.629
65.3173 212.628
65.3173 212.628
65.3217 212.63
65.326 212.631
65.3477 212.639
65.3564 212.642
65.3564 212.642
65.3639 212.65
65.3671 212.657
65.3703 212.664
65.3677 212.699
65.3665 212.704
65.3642 212.715
65.3642 212.715
65.3563 212.73
65.3497 212.74
65.3442 212.744
65.3386 212.748
65.3288 212.75
65.3146 212.752
65.3146 212.752
65.3103 212.75
65.3059 212.749
65.3016 212.747
65.2972 212.746
S4DE_SROCKETPOKERFLAT_2025L13_1

0
15000 30000 78180 78240
0 0 0 1
38
65.3016 212.747
65.2842 212.741
65.2798 212.74
65.268 212.73
65.2529 212.713
65.2454 212.704
65.2454 212.704
65.239 212.69
65.2414 212.679
65.2449 212.663
65.2472 212.652
65.2484 212.646
65.2484 212.646
65.2594 212.638
65.2747 212.632
65.2846 212.629
65.2944 212.627
65.313 212.627
65.3303 212.633
65.3434 212.637
65.3477 212.639
65.3521 212.64
65.3596 212.649
65.366 212.663
65.3668 212.681
65.3668 212.681
65.3657 212.686
65.3622 212.703
65.3598 212.714
65.3587 212.719
65.3575 212.725
65.3508 212.734
65.3453 212.738
65.33 212.745
65.3201 212.747
65.3201 212.748
65.3059 212.749
65.3016 212.747
S4DE_SROCKETPOKERFLAT_2025L13_2

0
30000 45000 78180 78240
0 0 0 1
34
65.2964 212.728
65.292 212.726
65.2758 212.715
65.2758 212.715
65.2683 212.706
65.2651 212.699
65.2654 212.676
65.2666 212.67
65.2677 212.665
65.2756 212.65
65.2756 212.65
65.2811 212.646
65.2921 212.638
65.3118 212.632
65.3118 212.632
65.3205 212.635
65.3335 212.64
65.3379 212.641
65.3422 212.643
65.3628 212.656
65.366 212.663
65.366 212.663
65.3566 212.707
65.3555 212.712
65.3543 212.718
65.3532 212.723
65.3532 212.723
65.3532 212.723
65.3476 212.727
65.3476 212.727
65.3279 212.732
65.3094 212.732
65.3094 212.732
65.2964 212.728
S4DE_SROCKETPOKERFLAT_2025L13_3

0
45000 60000 78180 78240
0 0 0 1
17
65.3054 212.707
65.301 212.706
65.3022 212.7
65.308 212.672
65.3127 212.65
65.3138 212.645
65.3138 212.645
65.3399 212.654
65.3573 212.66
65.366 212.663
65.366 212.663
65.3636 212.674
65.3543 212.718
65.3532 212.723
65.3488 212.722
65.3445 212.72
65.3054 212.707
S4DE_SROCKETPOKERFLAT_2025L14_0

0
0 15000 78240 78300
0 0 0 1
29
65.3216 212.718
65.3172 212.717
65.3042 212.713
65.2999 212.711
65.2967 212.704
65.299 212.693
65.3048 212.665
65.3072 212.654
65.3083 212.649
65.3095 212.643
65.3095 212.643
65.3095 212.643
65.315 212.639
65.315 212.639
65.3324 212.645
65.3541 212.653
65.3628 212.656
65.3671 212.657
65.3671 212.657
65.3671 212.657
65.366 212.663
65.3648 212.668
65.3636 212.674
65.3543 212.718
65.3532 212.723
65.352 212.729
65.352 212.729
65.3433 212.726
65.3216 212.718
S4DE_SS2SPAMERICA_2025L0_0

0
0 15000 73200 73260
0 0 0 1
23
33.3835 253.071
33.3835 253.076
33.3835 253.082
33.379 253.088
33.37 253.093
33.3655 253.093
33.3476 253.093
33.3431 253.093
33.3431 253.093
33.3431 253.093
33.3296 253.076
33.3296 253.076
33.3296 253.071
33.3296 253.053
33.3296 253.048
33.3341 253.042
33.3386 253.036
33.3386 253.036
33.3565 253.036
33.379 253.036
33.3835 253.048
33.3835 253.053
33.3835 253.071
S4DE_SS2SPAMERICA_2025L0_1

0
15000 30000 73200 73260
0 0 0 1
28
33.3925 253.059
33.3925 253.088
33.388 253.093
33.3835 253.099
33.3745 253.105
33.3745 253.105
33.37 253.105
33.3565 253.105
33.3476 253.105
33.3341 253.099
33.3116 253.082
33.3071 253.076
33.3026 253.059
33.3026 253.059
33.3026 253.042
33.3116 253.031
33.3116 253.031
33.3476 253.025
33.3521 253.025
33.361 253.025
33.37 253.025
33.3745 253.025
33.379 253.025
33.379 253.025
33.3835 253.031
33.388 253.036
33.3925 253.048
33.3925 253.059
S4DE_SS2SPAMERICA_2025L0_2

0
30000 45000 73200 73260
0 0 0 1
29
33.3925 253.053
33.3925 253.065
33.3925 253.071
33.3925 253.071
33.3925 253.071
33.388 253.082
33.3835 253.088
33.379 253.093
33.3655 253.099
33.3566 253.099
33.3206 253.088
33.3206 253.088
33.3071 253.076
33.2981 253.065
33.2936 253.053
33.2936 253.048
33.2936 253.031
33.2981 253.025
33.2981 253.025
33.3071 253.019
33.3476 253.013
33.3565 253.013
33.37 253.013
33.379 253.019
33.379 253.019
33.388 253.031
33.3925 253.048
33.3925 253.048
33.3925 253.053
S4DE_SS2SPAMERICA_2025L0_3

0
45000 60000 73200 73260
0 0 0 1
30
33.3835 253.036
33.3835 253.059
33.3835 253.059
33.379 253.071
33.3745 253.071
33.37 253.071
33.3655 253.071
33.361 253.071
33.3251 253.071
33.3026 253.059
33.2981 253.053
33.2936 253.048
33.2936 253.042
33.2936 253.031
33.2936 253.025
33.3026 253.013
33.3386 253.002
33.3476 253.002
33.3521 253.002
33.3566 253.002
33.361 253.002
33.37 253.008
33.379 253.013
33.379 253.013
33.379 253.013
33.3835 253.019
33.3835 253.019
33.3835 253.025
33.3835 253.031
33.3835 253.036
S4DE_SS2SPAMERICA_2025L4_2

0
30000 45000 73440 73500
0 0 0 1
13
33.2846 253.053
33.2846 253.053
33.2801 253.059
33.2756 253.059
33.2711 253.053
33.2711 253.048
33.2711 253.048
33.2756 253.042
33.2756 253.042
33.2801 253.042
33.2801 253.042
33.2846 253.048
33.2846 253.053
S4DE_SS2SPAMERICA_2025L4_3

0
45000 60000 73440 73500
0 0 0 1
16
33.3026 253.036
33.3026 253.048
33.2981 253.053
33.2801 253.053
33.2711 253.053
33.2711 253.053
33.2711 253.048
33.2711 253.036
33.2711 253.031
33.2711 253.025
33.2711 253.025
33.2936 253.025
33.2981 253.025
33.2981 253.025
33.3026 253.031
33.3026 253.036
S4DE_SS2SPAMERICA_2025L5_0

0
0 15000 73500 73560
0 0 0 1
23
33.2441 253.059
33.2441 253.071
33.2441 253.076
33.2441 253.076
33.2441 253.076
33.2396 253.082
33.2126 253.088
33.2081 253.088
33.2036 253.088
33.1991 253.082
33.1946 253.076
33.1946 253.076
33.1946 253.048
33.1946 253.042
33.1946 253.042
33.2081 253.036
33.2081 253.036
33.2126 253.036
33.2171 253.036
33.2351 253.042
33.2441 253.048
33.2441 253.048
33.2441 253.059
S4DE_SS2SPAMERICA_2025L5_1

0
15000 30000 73500 73560
0 0 0 1
27
33.2486 253.076
33.2486 253.076
33.2441 253.088
33.2441 253.088
33.2351 253.093
33.2261 253.093
33.2081 253.093
33.2036 253.093
33.1991 253.093
33.1991 253.093
33.1902 253.082
33.1901 253.082
33.1857 253.071
33.1856 253.065
33.1856 253.053
33.1901 253.036
33.1991 253.031
33.2036 253.031
33.2081 253.031
33.2216 253.031
33.2261 253.031
33.2351 253.031
33.2441 253.036
33.2486 253.048
33.2486 253.053
33.2486 253.059
33.2486 253.076
S4DE_SS2SPAMERICA_2025L5_2

0
30000 45000 73500 73560
0 0 0 1
25
33.2846 253.053
33.2801 253.065
33.2351 253.088
33.2306 253.088
33.2261 253.088
33.2126 253.088
33.2036 253.088
33.1946 253.082
33.1901 253.076
33.1857 253.059
33.1856 253.053
33.1856 253.048
33.1857 253.042
33.1857 253.042
33.1857 253.042
33.1901 253.025
33.1946 253.025
33.2351 253.025
33.2396 253.025
33.2441 253.025
33.2801 253.036
33.2801 253.036
33.2846 253.048
33.2846 253.048
33.2846 253.053
S4DE_SS2SPAMERICA_2025L5_3

0
45000 60000 73500 73560
0 0 0 1
25
33.2891 253.042
33.2891 253.053
33.2801 253.059
33.2486 253.065
33.2441 253.065
33.2396 253.065
33.2171 253.065
33.2036 253.065
33.1991 253.065
33.1946 253.059
33.1946 253.042
33.1946 253.019
33.1991 253.019
33.2081 253.019
33.2216 253.019
33.2306 253.019
33.2441 253.019
33.2576 253.019
33.2711 253.019
33.2756 253.019
33.2801 253.019
33.2891 253.025
33.2891 253.025
33.2891 253.031
33.2891 253.042
S4DE_SS2SPAMERICA_2025L6_0

0
0 15000 73560 73620
0 0 0 1
28
33.2441 253.053
33.2441 253.071
33.2396 253.082
33.2351 253.088
33.2306 253.093
33.2216 253.099
33.2171 253.099
33.2126 253.099
33.1991 253.099
33.1946 253.099
33.1901 253.099
33.1857 253.099
33.1856 253.099
33.1767 253.093
33.1722 253.088
33.1677 253.076
33.1632 253.065
33.1632 253.059
33.1632 253.053
33.1632 253.048
33.1722 253.031
33.1812 253.025
33.1857 253.025
33.1901 253.025
33.2081 253.025
33.2261 253.031
33.2306 253.036
33.2441 253.053
S4DE_SS2SPAMERICA_2025L6_1

0
15000 30000 73560 73620
0 0 0 1
31
33.2441 253.071
33.2441 253.082
33.2396 253.093
33.2351 253.099
33.2351 253.099
33.2216 253.105
33.2126 253.105
33.1947 253.105
33.1901 253.105
33.1857 253.105
33.1767 253.099
33.1722 253.093
33.1722 253.093
33.1677 253.082
33.1632 253.071
33.1632 253.048
33.1632 253.042
33.1677 253.031
33.1722 253.025
33.1722 253.025
33.1856 253.019
33.1902 253.019
33.1991 253.019
33.2036 253.019
33.2261 253.025
33.2351 253.031
33.2396 253.036
33.2441 253.048
33.2441 253.048
33.2441 253.059
33.2441 253.071
S4DE_SS2SPAMERICA_2025L6_2

0
30000 45000 73560 73620
0 0 0 1
27
33.2396 253.053
33.2396 253.071
33.2396 253.071
33.2351 253.082
33.2306 253.088
33.2171 253.093
33.2081 253.093
33.2036 253.093
33.2036 253.093
33.1901 253.088
33.1767 253.076
33.1677 253.059
33.1677 253.053
33.1677 253.031
33.1677 253.025
33.1677 253.025
33.1722 253.019
33.1722 253.019
33.1767 253.019
33.1812 253.019
33.1857 253.019
33.1901 253.019
33.2036 253.019
33.2261 253.019
33.2351 253.031
33.2396 253.048
33.2396 253.053
S4DE_SS2SPAMERICA_2025L6_3

0
45000 60000 73560 73620
0 0 0 1
20
33.2306 253.048
33.2306 253.059
33.2306 253.065
33.2306 253.065
33.2261 253.065
33.2081 253.065
33.2036 253.065
33.1991 253.065
33.1946 253.065
33.1857 253.059
33.1856 253.059
33.1856 253.053
33.1856 253.019
33.1856 253.019
33.1901 253.019
33.2126 253.019
33.2306 253.019
33.2306 253.019
33.2306 253.019
33.2306 253.048
