S4DE_FALCON9VAFB_2025M0_0

0
0 15000 65400 65460
0 0 0 1
24
34.4703 239.507
34.4669 239.503
34.4666 239.495
34.4723 239.479
34.4723 239.479
34.4874 239.457
34.4935 239.449
34.5089 239.436
34.5089 239.436
34.5219 239.443
34.5353 239.458
34.5419 239.466
34.5453 239.47
34.5522 239.486
34.5495 239.498
34.5495 239.498
34.5465 239.502
34.5254 239.532
34.5223 239.536
34.5193 239.54
34.5099 239.545
34.5099 239.545
34.5002 239.541
34.4703 239.507
S4DE_FALCON9VAFB_2025M0_1

0
15000 30000 65400 65460
0 0 0 1
24
34.4963 239.521
34.483 239.506
34.4763 239.498
34.473 239.495
34.476 239.49
34.4851 239.478
34.4911 239.469
34.5062 239.448
34.5092 239.444
34.5092 239.444
34.5126 239.448
34.5192 239.455
34.5292 239.467
34.5425 239.482
34.5459 239.486
34.5459 239.486
34.5398 239.495
34.5187 239.524
34.5157 239.528
34.5126 239.533
34.5063 239.533
34.5063 239.533
34.503 239.529
34.4963 239.521
S4DE_FALCON9VAFB_2025M1_0

0
0 15000 65460 65520
0 0 0 1
25
34.4763 239.498
34.473 239.495
34.473 239.495
34.4727 239.487
34.4938 239.457
34.4968 239.453
34.5062 239.448
34.5129 239.456
34.5262 239.471
34.5295 239.475
34.5329 239.479
34.5332 239.487
34.5332 239.487
34.5301 239.491
34.5211 239.504
34.515 239.512
34.512 239.516
34.509 239.521
34.506 239.525
34.506 239.525
34.4963 239.521
34.4963 239.521
34.493 239.518
34.4896 239.514
34.4763 239.498
S4DE_FALCON9VAFB_2025M1_1

0
15000 30000 65460 65520
0 0 0 1
28
34.3054 239.525
34.3021 239.521
34.2987 239.518
34.2987 239.518
34.3048 239.509
34.4266 239.449
34.4581 239.439
34.4644 239.439
34.4708 239.438
34.4708 239.438
34.4868 239.441
34.5062 239.448
34.5095 239.452
34.5195 239.463
34.5329 239.479
34.5362 239.483
34.5395 239.486
34.5395 239.486
34.5395 239.486
34.5365 239.491
34.5154 239.52
34.5063 239.533
34.4397 239.541
34.427 239.542
34.4207 239.542
34.3632 239.538
34.3054 239.525
34.3054 239.525
S4DE_FALCON9VAFB_2025M1_2

0
30000 45000 65460 65520
0 0 0 1
33
34.1626 239.538
34.1593 239.534
34.1653 239.526
34.1684 239.522
34.1744 239.513
34.1838 239.509
34.3129 239.472
34.417 239.446
34.439 239.44
34.4611 239.435
34.4708 239.438
34.4805 239.442
34.4935 239.449
34.4968 239.453
34.5202 239.48
34.5205 239.488
34.5178 239.5
34.5117 239.508
34.5087 239.513
34.5057 239.517
34.5057 239.517
34.4872 239.534
34.4872 239.534
34.4464 239.549
34.4307 239.554
34.415 239.559
34.415 239.559
34.3895 239.56
34.3832 239.561
34.2749 239.559
34.1853 239.549
34.1756 239.545
34.1626 239.538
S4DE_FALCON9VAFB_2025M1_3

0
45000 60000 65460 65520
0 0 0 1
41
34.1339 239.536
34.1272 239.528
34.1302 239.524
34.1333 239.52
34.1333 239.52
34.1738 239.497
34.1832 239.492
34.24 239.481
34.4393 239.448
34.4584 239.447
34.4711 239.446
34.4711 239.446
34.4711 239.446
34.4744 239.45
34.4778 239.454
34.4911 239.469
34.5011 239.481
34.5044 239.485
34.5078 239.488
34.5078 239.488
34.5047 239.493
34.5017 239.497
34.4957 239.505
34.4957 239.505
34.4806 239.527
34.4745 239.535
34.4745 239.535
34.4652 239.54
34.4086 239.559
34.3802 239.565
34.3454 239.571
34.3327 239.572
34.3263 239.572
34.2468 239.573
34.1923 239.565
34.1826 239.561
34.1729 239.558
34.1502 239.547
34.1372 239.54
34.1372 239.54
34.1339 239.536
S4DE_FALCON9VAFB_2025M2_2

0
30000 45000 65520 65580
0 0 0 1
20
34.1626 239.538
34.1593 239.534
34.1623 239.53
34.1684 239.522
34.1714 239.517
34.1744 239.513
34.1838 239.509
34.1901 239.508
34.2028 239.507
34.2095 239.515
34.2128 239.519
34.2195 239.527
34.2195 239.527
34.2074 239.543
34.2044 239.548
34.198 239.548
34.1917 239.548
34.1853 239.549
34.1756 239.545
34.1626 239.538
S4DE_FALCON9VAFB_2025M2_3

0
45000 60000 65520 65580
0 0 0 1
31
33.9784 239.55
33.9784 239.55
33.9814 239.545
33.9908 239.541
34.0979 239.51
34.1199 239.504
34.24 239.481
34.2527 239.48
34.2688 239.483
34.2881 239.49
34.2881 239.49
34.2915 239.494
34.3015 239.505
34.3081 239.513
34.3114 239.517
34.3148 239.521
34.3151 239.529
34.3154 239.537
34.3154 239.537
34.3063 239.549
34.3063 239.549
34.2973 239.562
34.2943 239.566
34.2942 239.566
34.2849 239.571
34.2086 239.576
34.2023 239.576
34.1959 239.576
33.9851 239.557
33.9817 239.553
33.9784 239.55
S4DE_LYNXMIDLAND_2025M0_0

0
0 15000 81300 81360
0 0 0 1
31
31.9809 257.728
31.9809 257.745
31.9809 257.779
31.9809 257.785
31.9809 257.791
31.9404 257.819
31.9404 257.819
31.9359 257.819
31.8955 257.819
31.891 257.819
31.891 257.819
31.891 257.802
31.891 257.796
31.891 257.791
31.891 257.785
31.891 257.802
31.891 257.745
31.891 257.739
31.891 257.739
31.8955 257.734
31.9 257.728
31.909 257.722
31.9269 257.717
31.9269 257.717
31.9449 257.717
31.9629 257.717
31.9674 257.717
31.9719 257.717
31.9719 257.717
31.9809 257.722
31.9809 257.728
S4DE_LYNXMIDLAND_2025M1_0

0
0 15000 81360 81420
0 0 0 1
42
32.0978 257.774
32.0978 257.791
32.0978 257.796
32.0978 257.796
32.0933 257.802
32.0933 257.802
32.0799 257.808
32.0664 257.814
32.0664 257.814
32.0619 257.814
32.0484 257.814
32.0394 257.814
32.0214 257.814
32.0169 257.814
32.0034 257.814
31.9989 257.814
31.9989 257.814
31.9764 257.808
31.9539 257.802
31.9359 257.796
31.9224 257.791
31.9224 257.791
31.9224 257.745
31.9224 257.734
31.9224 257.722
31.9314 257.717
31.9359 257.717
31.9449 257.717
31.9539 257.717
31.9629 257.717
31.9764 257.717
31.9944 257.717
31.9989 257.717
32.0304 257.722
32.0484 257.728
32.0664 257.739
32.0754 257.745
32.0754 257.745
32.0799 257.751
32.0933 257.768
32.0978 257.774
32.0978 257.774
S4DE_LYNXMIDLAND_2025M1_1

0
15000 30000 81360 81420
0 0 0 1
29
32.1068 257.791
32.1068 257.796
32.0978 257.808
32.0933 257.814
32.0933 257.814
32.0843 257.814
32.0439 257.814
32.0394 257.814
31.9449 257.785
31.9449 257.785
31.9449 257.779
31.9449 257.762
31.9449 257.734
31.9449 257.722
31.9449 257.722
31.9629 257.722
31.9944 257.722
32.0124 257.722
32.0529 257.722
32.0664 257.728
32.0664 257.728
32.0933 257.745
32.1023 257.751
32.1023 257.751
32.1068 257.762
32.1068 257.762
32.1068 257.762
32.1068 257.774
32.1068 257.791
S4DE_LYNXMIDLAND_2025M1_2

0
30000 45000 81360 81420
0 0 0 1
32
32.1023 257.762
32.1023 257.779
32.1023 257.785
32.1023 257.791
32.0933 257.796
32.0933 257.796
32.0664 257.796
32.0619 257.796
32.0574 257.796
32.0349 257.791
32.0124 257.785
32.0124 257.785
32.0124 257.774
32.0124 257.762
32.0124 257.751
32.0124 257.728
32.0124 257.728
32.0124 257.728
32.0169 257.722
32.0169 257.722
32.0349 257.722
32.0484 257.722
32.0529 257.722
32.0664 257.722
32.0753 257.722
32.0843 257.722
32.0888 257.722
32.0888 257.722
32.0933 257.728
32.1023 257.739
32.1023 257.739
32.1023 257.762
S4DE_LYNXMIDLAND_2025M2_0

0
0 15000 81420 81480
0 0 0 1
19
32.1023 257.791
32.1023 257.796
32.0933 257.802
32.0888 257.802
32.0844 257.802
32.0799 257.802
32.0754 257.802
32.0709 257.791
32.0709 257.785
32.0709 257.779
32.0753 257.768
32.0843 257.768
32.0888 257.768
32.0933 257.768
32.0933 257.768
32.1023 257.779
32.1023 257.779
32.1023 257.779
32.1023 257.791
S4DE_LYNXMIDLAND_2025M2_1

0
15000 30000 81420 81480
0 0 0 1
31
32.1248 257.791
32.1248 257.802
32.1158 257.808
32.1023 257.814
32.0978 257.814
32.0933 257.814
32.0888 257.814
32.0843 257.814
32.0664 257.814
32.0619 257.814
32.0619 257.814
32.0529 257.808
32.0529 257.808
32.0529 257.802
32.0529 257.796
32.0529 257.785
32.0529 257.774
32.0529 257.768
32.0574 257.756
32.0619 257.751
32.0709 257.745
32.0754 257.745
32.0933 257.745
32.0933 257.745
32.1023 257.751
32.1113 257.756
32.1158 257.762
32.1248 257.774
32.1248 257.774
32.1248 257.779
32.1248 257.791
S4DE_LYNXMIDLAND_2025M2_2

0
30000 45000 81420 81480
0 0 0 1
30
32.1383 257.774
32.1383 257.779
32.1383 257.779
32.1338 257.791
32.1248 257.796
32.1113 257.802
32.1068 257.802
32.0933 257.802
32.0754 257.802
32.0574 257.796
32.0484 257.791
32.0439 257.785
32.0439 257.785
32.0439 257.785
32.0439 257.779
32.0439 257.774
32.0439 257.762
32.0439 257.745
32.0439 257.739
32.0484 257.728
32.0484 257.728
32.0619 257.722
32.0709 257.722
32.0843 257.722
32.0888 257.722
32.0888 257.722
32.1203 257.739
32.1338 257.751
32.1383 257.768
32.1383 257.774
S4DE_LYNXMIDLAND_2025M2_3

0
45000 60000 81420 81480
0 0 0 1
29
32.1383 257.756
32.1383 257.762
32.1383 257.768
32.1383 257.768
32.1338 257.779
32.1293 257.785
32.1293 257.785
32.1248 257.785
32.1113 257.785
32.1068 257.785
32.0888 257.785
32.0799 257.785
32.0754 257.785
32.0753 257.785
32.0709 257.779
32.0709 257.779
32.0709 257.774
32.0709 257.734
32.0709 257.728
32.0709 257.728
32.0709 257.728
32.0933 257.722
32.1023 257.722
32.1158 257.722
32.1248 257.722
32.1338 257.734
32.1383 257.739
32.1383 257.745
32.1383 257.756
S4DE_LYNXMIDLAND_2025M6_1

0
15000 30000 81660 81720
0 0 0 1
25
32.4082 257.779
32.4082 257.796
32.4082 257.796
32.4037 257.802
32.3902 257.802
32.3767 257.802
32.3722 257.802
32.3677 257.802
32.3497 257.796
32.3497 257.796
32.3452 257.791
32.3452 257.785
32.3452 257.779
32.3452 257.774
32.3452 257.774
32.3497 257.768
32.3677 257.762
32.3722 257.762
32.3902 257.762
32.3992 257.762
32.4037 257.762
32.4037 257.762
32.4082 257.768
32.4082 257.774
32.4082 257.779
S4DE_LYNXMIDLAND_2025M6_2

0
30000 45000 81660 81720
0 0 0 1
32
32.4127 257.774
32.4127 257.785
32.4127 257.791
32.4127 257.791
32.4082 257.796
32.3992 257.802
32.3992 257.802
32.3947 257.802
32.3902 257.802
32.3677 257.802
32.3587 257.802
32.3587 257.802
32.3317 257.796
32.3317 257.796
32.3272 257.785
32.3272 257.785
32.3272 257.774
32.3272 257.762
32.3272 257.756
32.3272 257.756
32.3317 257.745
32.3317 257.745
32.3452 257.739
32.3497 257.739
32.3812 257.739
32.3947 257.739
32.3992 257.739
32.4037 257.739
32.4082 257.745
32.4127 257.751
32.4127 257.756
32.4127 257.774
S4DE_LYNXMIDLAND_2025M6_3

0
45000 60000 81660 81720
0 0 0 1
26
32.4082 257.734
32.4082 257.779
32.4037 257.785
32.3992 257.791
32.3992 257.791
32.3947 257.791
32.3857 257.791
32.3722 257.791
32.3632 257.791
32.3407 257.791
32.3362 257.791
32.3272 257.785
32.3227 257.779
32.3227 257.762
32.3227 257.745
32.3227 257.739
32.3272 257.728
32.3272 257.728
32.3362 257.728
32.3497 257.728
32.3632 257.728
32.3767 257.728
32.3947 257.728
32.3992 257.728
32.4082 257.734
32.4082 257.734
S4DE_LYNXMIDLAND_2025M7_0

0
0 15000 81720 81780
0 0 0 1
32
32.6105 257.905
32.606 257.916
32.597 257.933
32.5836 257.933
32.5701 257.933
32.3947 257.808
32.3947 257.808
32.3902 257.802
32.3902 257.802
32.3902 257.802
32.3902 257.796
32.3902 257.791
32.3902 257.785
32.3902 257.785
32.3947 257.779
32.3947 257.779
32.3992 257.779
32.4037 257.779
32.4082 257.779
32.4082 257.779
32.4441 257.785
32.4666 257.791
32.4666 257.791
32.5071 257.802
32.5566 257.819
32.5566 257.819
32.5656 257.825
32.5836 257.836
32.5881 257.842
32.6015 257.859
32.6105 257.888
32.6105 257.905
S4DE_LYNXMIDLAND_2025M7_1

0
15000 30000 81720 81780
0 0 0 1
36
32.615 257.876
32.615 257.905
32.615 257.905
32.606 257.933
32.6015 257.939
32.597 257.945
32.5881 257.951
32.588 257.951
32.5835 257.951
32.5746 257.951
32.5701 257.951
32.5701 257.951
32.5566 257.945
32.3812 257.814
32.3767 257.808
32.3767 257.808
32.3767 257.802
32.3767 257.796
32.3767 257.779
32.3767 257.768
32.3812 257.762
32.3812 257.762
32.3857 257.762
32.3902 257.762
32.3947 257.762
32.4127 257.762
32.4441 257.768
32.4621 257.774
32.5116 257.791
32.5566 257.808
32.588 257.825
32.606 257.848
32.6105 257.859
32.615 257.876
32.615 257.876
32.615 257.876
S4DE_LYNXMIDLAND_2025M7_2

0
30000 45000 81720 81780
0 0 0 1
32
32.606 257.911
32.606 257.911
32.6015 257.922
32.597 257.928
32.597 257.928
32.597 257.928
32.5925 257.928
32.5521 257.928
32.5521 257.928
32.3722 257.808
32.3677 257.802
32.3632 257.796
32.3632 257.796
32.3632 257.785
32.3632 257.774
32.3632 257.756
32.3677 257.745
32.3722 257.739
32.3812 257.739
32.3947 257.739
32.3992 257.739
32.4037 257.739
32.4441 257.751
32.4621 257.756
32.5521 257.791
32.5746 257.802
32.5746 257.802
32.5925 257.819
32.597 257.825
32.606 257.842
32.606 257.848
32.606 257.911
S4DE_LYNXMIDLAND_2025M7_3

0
45000 60000 81720 81780
0 0 0 1
31
32.5251 257.825
32.5251 257.836
32.5071 257.836
32.4891 257.836
32.4846 257.836
32.4801 257.836
32.4621 257.831
32.3722 257.796
32.3632 257.791
32.3542 257.779
32.3542 257.779
32.3542 257.774
32.3542 257.768
32.3542 257.756
32.3542 257.751
32.3542 257.745
32.3587 257.734
32.3632 257.728
32.3677 257.728
32.3722 257.728
32.3902 257.728
32.3947 257.728
32.3992 257.728
32.4172 257.734
32.4531 257.745
32.4981 257.762
32.5206 257.774
32.5251 257.779
32.5251 257.779
32.5251 257.791
32.5251 257.825
S4DE_LYNXMIDLAND_2025M8_1

0
15000 30000 81780 81840
0 0 0 1
24
32.6015 257.916
32.6015 257.922
32.6015 257.928
32.597 257.945
32.597 257.945
32.588 257.951
32.5835 257.951
32.5746 257.951
32.5656 257.951
32.5611 257.951
32.5611 257.951
32.5521 257.945
32.5521 257.928
32.5521 257.922
32.5521 257.916
32.5521 257.905
32.5611 257.893
32.5701 257.888
32.5746 257.888
32.5925 257.888
32.597 257.893
32.597 257.893
32.6015 257.911
32.6015 257.916
S4DE_LYNXMIDLAND_2025M8_2

0
30000 45000 81780 81840
0 0 0 1
25
32.6015 257.905
32.6015 257.922
32.6015 257.922
32.597 257.928
32.588 257.933
32.5835 257.933
32.5656 257.933
32.5566 257.933
32.5521 257.933
32.5476 257.928
32.5476 257.928
32.5476 257.922
32.5476 257.911
32.5476 257.905
32.5476 257.899
32.5476 257.893
32.5476 257.888
32.5521 257.871
32.5611 257.871
32.5835 257.871
32.5925 257.871
32.597 257.871
32.6015 257.876
32.6015 257.882
32.6015 257.905
S4DE_LYNXMOJAVE_2025M0_0

0
0 15000 66900 66960
0 0 0 1
31
35.1225 241.824
35.1142 241.838
35.0975 241.865
35.0948 241.869
35.092 241.874
35.0463 241.865
35.0463 241.865
35.0427 241.861
35.0108 241.829
35.0073 241.826
35.0073 241.826
35.0156 241.812
35.0183 241.808
35.0211 241.803
35.0239 241.799
35.0156 241.812
35.0433 241.767
35.046 241.763
35.046 241.763
35.0524 241.762
35.0587 241.761
35.0685 241.764
35.0855 241.773
35.0855 241.773
35.0996 241.787
35.1138 241.801
35.1174 241.805
35.1209 241.808
35.1209 241.808
35.1252 241.82
35.1225 241.824
S4DE_LYNXMOJAVE_2025M1_0

0
0 15000 66960 67020
0 0 0 1
42
35.1924 241.952
35.1841 241.965
35.1814 241.97
35.1814 241.97
35.1751 241.971
35.1751 241.971
35.1617 241.965
35.1483 241.958
35.1483 241.958
35.1447 241.955
35.1341 241.944
35.127 241.937
35.1128 241.923
35.1093 241.92
35.0986 241.909
35.0951 241.906
35.0951 241.906
35.0801 241.884
35.0652 241.862
35.0538 241.843
35.0459 241.828
35.0459 241.828
35.0681 241.792
35.0736 241.783
35.0792 241.774
35.089 241.777
35.0926 241.78
35.0996 241.787
35.1067 241.794
35.1138 241.801
35.1244 241.812
35.1386 241.826
35.1422 241.829
35.1642 241.858
35.1756 241.877
35.1843 241.9
35.1886 241.912
35.1886 241.912
35.1893 241.92
35.1917 241.944
35.1925 241.952
35.1924 241.952
S4DE_LYNXMOJAVE_2025M1_1

0
15000 30000 66960 67020
0 0 0 1
29
35.1912 241.972
35.1885 241.977
35.1758 241.979
35.1695 241.98
35.1695 241.98
35.1624 241.973
35.1305 241.941
35.127 241.937
35.0664 241.841
35.0664 241.841
35.0692 241.837
35.0775 241.823
35.0913 241.801
35.0969 241.792
35.0969 241.792
35.1111 241.806
35.1359 241.83
35.15 241.844
35.1819 241.876
35.1898 241.891
35.1898 241.891
35.2028 241.926
35.2071 241.937
35.2071 241.937
35.2051 241.95
35.2051 241.95
35.2051 241.95
35.1995 241.959
35.1912 241.972
S4DE_LYNXMOJAVE_2025M1_2

0
30000 45000 66960 67020
0 0 0 1
32
35.2015 241.946
35.1932 241.96
35.1905 241.964
35.1877 241.969
35.1778 241.966
35.1778 241.966
35.1566 241.945
35.153 241.941
35.1495 241.938
35.1345 241.916
35.1196 241.894
35.1196 241.894
35.1251 241.885
35.1306 241.876
35.1362 241.867
35.1473 241.849
35.1473 241.849
35.1473 241.849
35.1536 241.848
35.1536 241.848
35.1678 241.862
35.1784 241.872
35.1819 241.876
35.1926 241.887
35.1996 241.894
35.2067 241.901
35.2103 241.904
35.2103 241.904
35.2111 241.912
35.2126 241.928
35.2126 241.928
35.2015 241.946
S4DE_LYNXMOJAVE_2025M2_0

0
0 15000 67020 67080
0 0 0 1
19
35.1877 241.969
35.1849 241.973
35.1751 241.971
35.1715 241.967
35.168 241.964
35.1644 241.96
35.1609 241.957
35.1629 241.944
35.1656 241.939
35.1684 241.935
35.1775 241.93
35.1846 241.937
35.1881 241.94
35.1917 241.944
35.1917 241.944
35.1932 241.96
35.1932 241.96
35.1932 241.96
35.1877 241.969
S4DE_LYNXMOJAVE_2025M2_1

0
15000 30000 67020 67080
0 0 0 1
31
35.2054 241.986
35.1999 241.995
35.19 241.993
35.1766 241.987
35.1731 241.983
35.1695 241.98
35.166 241.976
35.1624 241.973
35.1483 241.958
35.1447 241.955
35.1447 241.955
35.1404 241.943
35.1404 241.943
35.1432 241.939
35.1459 241.934
35.1515 241.925
35.157 241.916
35.1598 241.912
35.1689 241.906
35.1752 241.905
35.185 241.908
35.1886 241.912
35.2027 241.926
35.2027 241.926
35.2071 241.937
35.2114 241.949
35.2122 241.957
35.2137 241.973
35.2137 241.973
35.2109 241.977
35.2054 241.986
S4DE_LYNXMOJAVE_2025M2_2

0
30000 45000 67020 67080
0 0 0 1
30
35.2243 241.983
35.2216 241.988
35.2216 241.988
35.2125 241.993
35.2026 241.991
35.1892 241.985
35.1857 241.981
35.1751 241.971
35.1609 241.957
35.1495 241.938
35.1452 241.926
35.1444 241.918
35.1444 241.918
35.1444 241.918
35.1471 241.914
35.1499 241.909
35.1555 241.9
35.1638 241.887
35.1665 241.882
35.1756 241.877
35.1756 241.877
35.189 241.883
35.1961 241.89
35.2067 241.901
35.2103 241.904
35.2103 241.904
35.2268 241.942
35.2319 241.962
35.2271 241.979
35.2243 241.983
S4DE_LYNXMOJAVE_2025M2_3

0
45000 60000 67020 67080
0 0 0 1
29
35.2327 241.97
35.2299 241.974
35.2271 241.979
35.2271 241.979
35.218 241.984
35.2117 241.985
35.2117 241.985
35.2082 241.982
35.1975 241.971
35.194 241.968
35.1798 241.954
35.1727 241.947
35.1692 241.943
35.1692 241.943
35.1684 241.935
35.1684 241.935
35.1712 241.931
35.1906 241.899
35.1933 241.895
35.1933 241.895
35.1933 241.895
35.2138 241.908
35.2209 241.915
35.2315 241.925
35.2386 241.932
35.2402 241.948
35.241 241.956
35.2382 241.961
35.2327 241.97
S4DE_LYNXMOJAVE_2025M6_1

0
15000 30000 67260 67320
0 0 0 1
25
35.4342 242.199
35.4259 242.212
35.4259 242.212
35.4196 242.213
35.409 242.202
35.3983 242.192
35.3948 242.188
35.3912 242.185
35.3798 242.166
35.3798 242.166
35.3791 242.158
35.3818 242.154
35.3846 242.149
35.3874 242.145
35.3874 242.145
35.3937 242.144
35.4106 242.153
35.4142 242.157
35.4283 242.171
35.4354 242.178
35.439 242.182
35.439 242.182
35.4397 242.19
35.437 242.194
35.4342 242.199
S4DE_LYNXMOJAVE_2025M6_2

0
30000 45000 67260 67320
0 0 0 1
32
35.4405 242.198
35.435 242.207
35.4322 242.211
35.4322 242.211
35.4259 242.212
35.4161 242.209
35.416 242.209
35.4125 242.206
35.409 242.202
35.3912 242.185
35.3842 242.178
35.3841 242.178
35.3657 242.152
35.3657 242.152
35.3676 242.14
35.3676 242.14
35.3732 242.131
35.3787 242.122
35.3815 242.117
35.3815 242.117
35.3906 242.112
35.3906 242.112
35.404 242.118
35.4075 242.121
35.4323 242.146
35.443 242.157
35.4465 242.16
35.45 242.164
35.4508 242.172
35.4516 242.18
35.4488 242.184
35.4405 242.198
S4DE_LYNXMOJAVE_2025M6_3

0
45000 60000 67260 67320
0 0 0 1
26
35.4564 242.163
35.4342 242.199
35.4279 242.2
35.4216 242.2
35.4216 242.2
35.418 242.197
35.411 242.19
35.4003 242.179
35.3932 242.172
35.3755 242.155
35.372 242.151
35.3676 242.14
35.3669 242.132
35.3752 242.118
35.3835 242.105
35.3863 242.1
35.3953 242.095
35.3953 242.095
35.4024 242.102
35.4131 242.112
35.4237 242.123
35.4343 242.133
35.4485 242.148
35.452 242.151
35.4564 242.163
35.4564 242.163
S4DE_LYNXMOJAVE_2025M7_0

0
0 15000 67320 67380
0 0 0 1
32
35.5328 242.456
35.5237 242.461
35.5083 242.468
35.4977 242.457
35.487 242.446
35.4097 242.21
35.4097 242.21
35.409 242.202
35.409 242.202
35.409 242.202
35.4117 242.198
35.4145 242.193
35.4173 242.189
35.4173 242.189
35.4236 242.188
35.4236 242.188
35.4271 242.191
35.4307 242.195
35.4342 242.199
35.4342 242.199
35.4598 242.231
35.4747 242.253
35.4747 242.253
35.5011 242.294
35.5318 242.346
35.5318 242.346
35.5361 242.357
35.5447 242.381
35.5455 242.389
35.5478 242.413
35.5411 242.442
35.5328 242.456
S4DE_LYNXMOJAVE_2025M7_1

0
15000 30000 67320 67380
0 0 0 1
36
35.5502 242.437
35.5363 242.459
35.5363 242.459
35.5154 242.475
35.5091 242.476
35.5028 242.477
35.4929 242.474
35.4929 242.474
35.4894 242.47
35.4823 242.463
35.4787 242.46
35.4787 242.46
35.4709 242.445
35.3963 242.204
35.3956 242.196
35.3956 242.196
35.3983 242.192
35.4011 242.187
35.4094 242.174
35.4149 242.165
35.4213 242.164
35.4213 242.164
35.4248 242.167
35.4283 242.171
35.4319 242.174
35.4461 242.189
35.4681 242.218
35.4795 242.236
35.5102 242.288
35.5373 242.337
35.5538 242.375
35.5569 242.407
35.5549 242.42
35.5502 242.437
35.5502 242.437
35.5502 242.437
S4DE_LYNXMOJAVE_2025M7_2

0
30000 45000 67320 67380
0 0 0 1
32
35.5265 242.457
35.5265 242.457
35.5174 242.462
35.5111 242.463
35.5111 242.463
35.5111 242.463
35.5075 242.46
35.4756 242.428
35.4756 242.428
35.392 242.193
35.3912 242.185
35.3905 242.177
35.3905 242.177
35.396 242.168
35.4015 242.159
35.4098 242.145
35.4189 242.14
35.4252 242.139
35.4323 242.146
35.443 242.157
35.4465 242.16
35.45 242.164
35.4764 242.204
35.4878 242.223
35.5421 242.32
35.5543 242.347
35.5543 242.347
35.5601 242.374
35.5609 242.382
35.5597 242.403
35.5569 242.407
35.5265 242.457
S4DE_LYNXMOJAVE_2025M7_3

0
45000 60000 67320 67380
0 0 0 1
31
35.5042 242.326
35.4987 242.335
35.4845 242.321
35.4703 242.307
35.4668 242.303
35.4632 242.3
35.4518 242.281
35.3975 242.184
35.3932 242.172
35.3917 242.156
35.3917 242.156
35.3945 242.152
35.3972 242.147
35.4028 242.138
35.4055 242.134
35.4083 242.129
35.4174 242.124
35.4237 242.123
35.4272 242.126
35.4308 242.13
35.445 242.144
35.4485 242.148
35.452 242.151
35.4635 242.17
35.4863 242.207
35.5134 242.255
35.5256 242.282
35.5264 242.29
35.5264 242.29
35.5208 242.299
35.5042 242.326
S4DE_LYNXMOJAVE_2025M8_1

0
15000 30000 67380 67440
0 0 0 1
24
35.5201 242.458
35.5174 242.462
35.5146 242.467
35.5028 242.477
35.5028 242.477
35.4929 242.474
35.4894 242.47
35.4823 242.463
35.4752 242.456
35.4716 242.453
35.4716 242.453
35.4673 242.441
35.4756 242.428
35.4784 242.423
35.4812 242.419
35.4867 242.41
35.4993 242.408
35.5092 242.41
35.5127 242.414
35.5269 242.428
35.5277 242.436
35.5277 242.436
35.5229 242.453
35.5201 242.458
S4DE_LYNXMOJAVE_2025M8_2

0
30000 45000 67380 67440
0 0 0 1
25
35.5257 242.449
35.5174 242.462
35.5174 242.462
35.5111 242.463
35.5012 242.461
35.4977 242.457
35.4835 242.443
35.4764 242.436
35.4729 242.432
35.4721 242.424
35.4721 242.424
35.4748 242.42
35.4804 242.411
35.4832 242.406
35.4859 242.402
35.4887 242.397
35.4915 242.393
35.5033 242.383
35.5104 242.39
35.5281 242.408
35.5352 242.415
35.5388 242.418
35.5395 242.426
35.5368 242.431
35.5257 242.449
S4DE_REENTRYELLFIELD_2025M6_0

0
0 60000 58560 58620
0 0 0 1
31
27.5874 261.762
27.6077 261.781
27.6078 261.781
27.8423 262.084
27.929 262.207
27.9724 262.268
29.6452 264.659
29.6682 264.701
29.6682 264.701
29.6708 264.723
29.6733 264.746
29.6759 264.769
29.6811 264.814
29.6837 264.836
29.6837 264.836
29.6837 264.836
29.671 264.885
29.6558 264.911
29.6558 264.911
29.6024 264.921
29.549 264.93
29.549 264.93
29.5108 264.914
29.47 264.876
27.7329 262.081
27.6207 261.894
27.5977 261.852
27.5747 261.81
27.5696 261.765
27.5696 261.765
27.5874 261.762
S4DE_REENTRYELLFIELD_2025M7_0

0
0 60000 58620 58680
0 0 0 1
15
29.5513 264.792
29.6403 264.775
29.6403 264.775
29.6403 264.775
29.6455 264.82
29.6506 264.866
29.6532 264.888
29.6176 264.895
29.5642 264.905
29.5642 264.905
29.5616 264.882
29.559 264.859
29.5539 264.814
29.5513 264.792
29.5513 264.792
S4DE_SROCKETWSMR_2025M0_0

0
0 15000 79200 79260
0 0 0 1
35
33.9122 253.432
33.8989 253.434
33.8715 253.433
33.8715 253.433
33.8715 253.433
33.862 253.429
33.8429 253.421
33.8353 253.393
33.8347 253.388
33.8334 253.376
33.8366 253.364
33.8443 253.352
33.8564 253.338
33.8564 253.338
33.8691 253.33
33.8819 253.322
33.8863 253.321
33.8952 253.319
33.9086 253.317
33.9131 253.316
33.927 253.319
33.9321 253.324
33.9372 253.329
33.9435 253.345
33.946 253.368
33.9467 253.374
33.9479 253.385
33.9485 253.391
33.9453 253.403
33.9415 253.409
33.9377 253.416
33.9377 253.416
33.9211 253.43
33.9167 253.431
33.9122 253.432
S4DE_SROCKETWSMR_2025M0_1

0
15000 30000 79200 79260
0 0 0 1
32
33.9116 253.426
33.8804 253.432
33.876 253.432
33.8664 253.428
33.8474 253.42
33.8423 253.415
33.8366 253.405
33.8359 253.399
33.8341 253.382
33.8334 253.377
33.8334 253.376
33.8334 253.376
33.8366 253.364
33.8405 253.358
33.8443 253.352
33.8564 253.338
33.8647 253.331
33.8691 253.33
33.8959 253.325
33.9048 253.323
33.9137 253.322
33.9181 253.321
33.9321 253.324
33.934 253.341
33.9371 253.37
33.9384 253.381
33.9396 253.392
33.9403 253.398
33.9403 253.398
33.9364 253.404
33.9205 253.424
33.9116 253.426
S4DE_SROCKETWSMR_2025M0_2

0
30000 45000 79200 79260
0 0 0 1
28
33.8792 253.42
33.8652 253.417
33.8601 253.412
33.855 253.407
33.8538 253.396
33.8506 253.368
33.85 253.362
33.85 253.362
33.8615 253.343
33.8698 253.335
33.8742 253.335
33.9009 253.33
33.9099 253.328
33.9188 253.327
33.9232 253.326
33.9277 253.325
33.9277 253.325
33.9328 253.33
33.9346 253.347
33.9384 253.381
33.939 253.386
33.9396 253.392
33.9275 253.406
33.9148 253.414
33.9148 253.414
33.9103 253.415
33.9014 253.416
33.8792 253.42
S4DE_SROCKETWSMR_2025M0_3

0
45000 60000 79200 79260
0 0 0 1
29
33.8957 253.406
33.8913 253.407
33.8817 253.402
33.8817 253.402
33.8811 253.397
33.8799 253.386
33.8755 253.346
33.8749 253.34
33.8831 253.333
33.8831 253.333
33.9054 253.329
33.9099 253.328
33.9232 253.326
33.9321 253.324
33.9372 253.329
33.9435 253.345
33.9442 253.351
33.9448 253.357
33.9454 253.362
33.946 253.368
33.9441 253.391
33.9441 253.391
33.9358 253.399
33.9358 253.399
33.9314 253.399
33.9269 253.4
33.9224 253.401
33.918 253.402
33.8957 253.406
S4DE_SROCKETWSMR_2025M11_1

0
15000 30000 79860 79920
0 0 0 1
24
34.1355 253.398
34.1311 253.398
34.1266 253.399
34.1171 253.395
34.1171 253.395
34.112 253.39
34.112 253.39
34.1114 253.385
34.1101 253.373
34.1095 253.368
34.1171 253.355
34.121 253.348
34.121 253.348
34.1299 253.347
34.1343 253.346
34.1439 253.35
34.1439 253.35
34.1496 253.36
34.1502 253.366
34.1508 253.372
34.1515 253.377
34.1483 253.39
34.14 253.397
34.1355 253.398
S4DE_SROCKETWSMR_2025M11_2

0
30000 45000 79860 79920
0 0 0 1
34
34.1361 253.403
34.1317 253.404
34.1272 253.405
34.1177 253.401
34.1177 253.401
34.1126 253.396
34.112 253.39
34.1082 253.356
34.1121 253.35
34.1159 253.343
34.1242 253.336
34.1242 253.336
34.1286 253.335
34.1331 253.335
34.1375 253.334
34.142 253.333
34.1464 253.332
34.156 253.336
34.156 253.336
34.1611 253.341
34.1668 253.352
34.1668 253.352
34.1674 253.357
34.168 253.363
34.1686 253.369
34.1693 253.374
34.1693 253.374
34.1693 253.374
34.1661 253.386
34.1622 253.393
34.1495 253.401
34.1451 253.402
34.1406 253.402
34.1361 253.403
S4DE_SROCKETWSMR_2025M11_3

0
45000 60000 79860 79920
0 0 0 1
26
34.1406 253.402
34.1361 253.403
34.1222 253.4
34.1222 253.4
34.1171 253.395
34.1164 253.389
34.1127 253.356
34.1121 253.35
34.1159 253.343
34.1242 253.336
34.1458 253.327
34.1458 253.327
34.1503 253.326
34.1687 253.328
34.1744 253.339
34.1751 253.344
34.1782 253.373
34.1788 253.378
34.1788 253.378
34.175 253.385
34.1711 253.391
34.154 253.4
34.154 253.4
34.1495 253.401
34.1451 253.402
34.1406 253.402
S4DE_SROCKETWSMR_2025M12_0

0
0 15000 79920 79980
0 0 0 1
34
34.1253 253.428
34.1164 253.43
34.1024 253.427
34.0929 253.422
34.0878 253.418
34.0827 253.413
34.0757 253.391
34.0757 253.391
34.0751 253.385
34.0745 253.38
34.0771 253.362
34.0809 253.355
34.0847 253.349
34.0886 253.343
34.0968 253.335
34.1096 253.327
34.114 253.326
34.1185 253.326
34.1229 253.325
34.1363 253.322
34.1407 253.322
34.1503 253.326
34.1554 253.331
34.1604 253.335
34.1661 253.346
34.1668 253.352
34.1693 253.374
34.1705 253.386
34.1712 253.391
34.168 253.403
34.1641 253.41
34.1476 253.424
34.1386 253.426
34.1253 253.428
S4DE_SROCKETWSMR_2025M12_1

0
15000 30000 79920 79980
0 0 0 1
29
34.1393 253.431
34.1259 253.434
34.117 253.435
34.1081 253.437
34.1081 253.437
34.0846 253.43
34.07 253.421
34.0643 253.41
34.0636 253.405
34.0599 253.371
34.0675 253.358
34.0796 253.344
34.0879 253.337
34.0962 253.33
34.1179 253.32
34.1179 253.32
34.1223 253.319
34.1268 253.318
34.1496 253.32
34.1598 253.33
34.17 253.34
34.1706 253.345
34.1719 253.356
34.1744 253.379
34.1756 253.39
34.1686 253.409
34.1437 253.431
34.1437 253.431
34.1393 253.431
S4DE_SROCKETWSMR_2025M12_2

0
30000 45000 79920 79980
0 0 0 1
31
34.138 253.42
34.1202 253.423
34.1158 253.424
34.1018 253.421
34.0922 253.417
34.0872 253.412
34.0802 253.39
34.0796 253.384
34.0789 253.379
34.0815 253.361
34.0815 253.361
34.093 253.342
34.1096 253.327
34.114 253.326
34.1229 253.325
34.1274 253.324
34.1318 253.323
34.1452 253.321
34.1636 253.323
34.1636 253.323
34.1687 253.328
34.1687 253.328
34.1763 253.356
34.1769 253.361
34.1776 253.367
34.1756 253.39
34.168 253.403
34.1597 253.411
34.1469 253.419
34.1425 253.419
34.138 253.42
S4DE_SROCKETWSMR_2025M12_3

0
45000 60000 79920 79980
0 0 0 1
28
34.1457 253.407
34.1323 253.41
34.1183 253.406
34.1132 253.402
34.1126 253.396
34.1114 253.385
34.1114 253.385
34.1076 253.351
34.107 253.345
34.1108 253.339
34.1146 253.332
34.1146 253.332
34.1274 253.324
34.1274 253.324
34.1318 253.323
34.1407 253.322
34.1541 253.319
34.1586 253.319
34.1681 253.323
34.1732 253.327
34.1783 253.332
34.1783 253.332
34.1833 253.378
34.1839 253.383
34.1762 253.396
34.1679 253.403
34.1635 253.404
34.1457 253.407
S4DE_SROCKETWSMR_2025M13_0

0
0 15000 79980 80040
0 0 0 1
41
34.131 253.439
34.1081 253.437
34.0986 253.433
34.0795 253.425
34.0693 253.415
34.0693 253.415
34.0681 253.404
34.0675 253.398
34.0656 253.381
34.065 253.376
34.0643 253.37
34.0682 253.363
34.072 253.357
34.0879 253.337
34.0879 253.337
34.1007 253.329
34.1134 253.321
34.1134 253.321
34.1179 253.32
34.1223 253.319
34.1446 253.315
34.1535 253.314
34.1535 253.314
34.163 253.318
34.1681 253.323
34.1732 253.327
34.1814 253.361
34.182 253.366
34.1833 253.378
34.1833 253.378
34.1807 253.395
34.1775 253.407
34.1737 253.414
34.1698 253.42
34.1615 253.427
34.1488 253.436
34.1488 253.436
34.1444 253.436
34.1399 253.437
34.1354 253.438
34.131 253.439
S4DE_SROCKETWSMR_2025M13_1

0
15000 30000 79980 80040
0 0 0 1
38
34.1354 253.438
34.1176 253.441
34.1132 253.442
34.0992 253.439
34.0801 253.43
34.0706 253.426
34.0706 253.426
34.0604 253.417
34.0592 253.405
34.0573 253.388
34.0561 253.377
34.0554 253.371
34.0554 253.371
34.0631 253.359
34.0752 253.345
34.0835 253.338
34.0918 253.33
34.1089 253.322
34.1268 253.318
34.1401 253.316
34.1446 253.315
34.149 253.314
34.1586 253.319
34.1687 253.328
34.1751 253.344
34.1751 253.344
34.1757 253.35
34.1776 253.367
34.1788 253.378
34.1794 253.384
34.1801 253.39
34.1769 253.402
34.173 253.408
34.1609 253.422
34.1526 253.429
34.1526 253.429
34.1399 253.437
34.1354 253.438
S4DE_SROCKETWSMR_2025M13_2

0
30000 45000 79980 80040
0 0 0 1
34
34.1247 253.423
34.1202 253.423
34.1018 253.421
34.1018 253.421
34.0922 253.417
34.0872 253.412
34.0802 253.39
34.0796 253.384
34.0789 253.379
34.0815 253.361
34.0815 253.361
34.0853 253.355
34.093 253.342
34.1096 253.327
34.1096 253.327
34.1185 253.326
34.1318 253.323
34.1363 253.322
34.1407 253.322
34.1636 253.323
34.1687 253.328
34.1687 253.328
34.1737 253.373
34.1744 253.379
34.175 253.385
34.1756 253.39
34.1756 253.39
34.1756 253.39
34.1718 253.397
34.1718 253.397
34.1552 253.411
34.138 253.42
34.138 253.42
34.1247 253.423
S4DE_SROCKETWSMR_2025M13_3

0
45000 60000 79980 80040
0 0 0 1
17
34.1266 253.399
34.1222 253.4
34.1215 253.394
34.1184 253.366
34.1159 253.343
34.1153 253.338
34.1153 253.338
34.142 253.333
34.1598 253.33
34.1687 253.328
34.1687 253.328
34.17 253.34
34.175 253.385
34.1756 253.39
34.1711 253.391
34.1667 253.392
34.1266 253.399
S4DE_SROCKETWSMR_2025M14_0

0
0 15000 80040 80100
0 0 0 1
29
34.1451 253.402
34.1406 253.402
34.1272 253.405
34.1228 253.406
34.1177 253.401
34.1164 253.389
34.1133 253.361
34.1121 253.35
34.1114 253.344
34.1108 253.339
34.1108 253.339
34.1108 253.339
34.1146 253.332
34.1146 253.332
34.1325 253.329
34.1547 253.325
34.1636 253.323
34.1681 253.323
34.1681 253.323
34.1681 253.323
34.1687 253.328
34.1693 253.334
34.17 253.34
34.175 253.385
34.1756 253.39
34.1762 253.396
34.1762 253.396
34.1673 253.398
34.1451 253.402
S4DE_SS2FRONTRANGE_2025M0_0

0
0 15000 74700 74760
0 0 0 1
23
39.4483 255.737
39.4456 255.732
39.443 255.727
39.444 255.719
39.4486 255.708
39.4522 255.705
39.4668 255.691
39.4704 255.688
39.4704 255.688
39.4704 255.688
39.4893 255.692
39.4893 255.692
39.4919 255.696
39.4999 255.71
39.5025 255.715
39.5015 255.723
39.5005 255.731
39.5005 255.731
39.486 255.744
39.4678 255.761
39.4588 255.755
39.4562 255.75
39.4483 255.737
S4DE_SS2FRONTRANGE_2025M0_1

0
15000 30000 74700 74760
0 0 0 1
28
39.4463 255.752
39.4331 255.729
39.4341 255.721
39.4351 255.713
39.4397 255.702
39.4397 255.702
39.4433 255.699
39.4542 255.689
39.4615 255.682
39.4751 255.677
39.5012 255.674
39.5075 255.675
39.5191 255.685
39.5191 255.685
39.527 255.699
39.525 255.715
39.525 255.715
39.4985 255.747
39.4949 255.75
39.4876 255.757
39.4803 255.763
39.4767 255.767
39.4731 255.77
39.4731 255.77
39.4668 255.769
39.4605 255.768
39.4516 255.762
39.4463 255.752
S4DE_SS2FRONTRANGE_2025M0_2

0
30000 45000 74700 74760
0 0 0 1
29
39.4489 255.757
39.4436 255.748
39.441 255.743
39.441 255.743
39.441 255.743
39.4393 255.731
39.4403 255.723
39.4413 255.715
39.4496 255.7
39.4569 255.693
39.4913 255.676
39.4913 255.676
39.5075 255.675
39.52 255.677
39.529 255.683
39.5316 255.688
39.5395 255.702
39.5386 255.71
39.5386 255.71
39.5339 255.721
39.5038 255.756
39.4965 255.763
39.4856 255.773
39.4757 255.775
39.4757 255.775
39.4631 255.772
39.4516 255.762
39.4516 255.762
39.4489 255.757
S4DE_SS2FRONTRANGE_2025M0_3

0
45000 60000 74700 74760
0 0 0 1
30
39.4641 255.764
39.4536 255.746
39.4536 255.746
39.4519 255.733
39.4555 255.73
39.4592 255.726
39.4628 255.723
39.4665 255.72
39.4956 255.693
39.5191 255.685
39.5253 255.687
39.5316 255.688
39.5343 255.693
39.5396 255.702
39.5422 255.706
39.5402 255.722
39.5164 255.758
39.5091 255.765
39.5055 255.768
39.5018 255.772
39.4982 255.775
39.4883 255.777
39.4784 255.779
39.4783 255.779
39.4783 255.779
39.4721 255.778
39.4721 255.778
39.4694 255.773
39.4668 255.769
39.4641 255.764
S4DE_SS2FRONTRANGE_2025M4_2

0
30000 45000 74940 75000
0 0 0 1
13
39.5362 255.677
39.5362 255.677
39.5372 255.669
39.5409 255.665
39.5472 255.667
39.5498 255.671
39.5498 255.671
39.5488 255.679
39.5488 255.679
39.5452 255.682
39.5452 255.682
39.5389 255.681
39.5362 255.677
S4DE_SS2FRONTRANGE_2025M4_3

0
45000 60000 74940 75000
0 0 0 1
16
39.5296 255.704
39.5243 255.695
39.5253 255.687
39.5399 255.673
39.5472 255.667
39.5472 255.667
39.5498 255.671
39.5551 255.68
39.5577 255.685
39.5604 255.69
39.5604 255.69
39.5422 255.706
39.5386 255.71
39.5385 255.71
39.5323 255.708
39.5296 255.704
S4DE_SS2FRONTRANGE_2025M5_0

0
0 15000 75000 75060
0 0 0 1
23
39.5663 255.642
39.5611 255.633
39.5584 255.628
39.5584 255.628
39.5584 255.628
39.5594 255.62
39.5786 255.595
39.5822 255.592
39.5859 255.589
39.5922 255.59
39.5984 255.591
39.5984 255.591
39.6117 255.614
39.6143 255.619
39.6143 255.619
39.606 255.633
39.606 255.633
39.6024 255.637
39.5988 255.64
39.5816 255.649
39.5716 255.651
39.5716 255.651
39.5663 255.642
S4DE_SS2FRONTRANGE_2025M5_1

0
15000 30000 75000 75060
0 0 0 1
27
39.5548 255.631
39.5548 255.631
39.5531 255.619
39.5531 255.619
39.5578 255.607
39.565 255.601
39.5796 255.587
39.5832 255.584
39.5869 255.581
39.5869 255.581
39.5994 255.583
39.5994 255.583
39.6084 255.589
39.611 255.594
39.6163 255.603
39.6206 255.62
39.616 255.631
39.6123 255.635
39.6087 255.638
39.5978 255.648
39.5941 255.651
39.5868 255.658
39.5769 255.66
39.568 255.654
39.5654 255.65
39.5627 255.645
39.5548 255.631
S4DE_SS2FRONTRANGE_2025M5_2

0
30000 45000 75000 75060
0 0 0 1
25
39.5362 255.677
39.5346 255.664
39.5604 255.612
39.564 255.609
39.5677 255.605
39.5786 255.595
39.5859 255.589
39.5958 255.586
39.6021 255.588
39.6137 255.598
39.6163 255.603
39.6189 255.607
39.6216 255.612
39.6216 255.612
39.6216 255.612
39.6259 255.629
39.6222 255.633
39.5895 255.663
39.5858 255.666
39.5822 255.669
39.5478 255.687
39.5478 255.687
39.5389 255.681
39.5389 255.681
39.5362 255.677
S4DE_SS2FRONTRANGE_2025M5_3

0
45000 60000 75000 75060
0 0 0 1
25
39.5379 255.689
39.5326 255.68
39.5372 255.669
39.5601 255.641
39.5637 255.637
39.5673 255.634
39.5855 255.617
39.5965 255.607
39.6001 255.604
39.6064 255.605
39.6143 255.619
39.6249 255.637
39.6212 255.641
39.614 255.647
39.6031 255.657
39.5958 255.664
39.5849 255.674
39.5739 255.684
39.563 255.694
39.5594 255.698
39.5557 255.701
39.5458 255.703
39.5458 255.703
39.5432 255.698
39.5379 255.689
S4DE_SS2FRONTRANGE_2025M6_0

0
0 15000 75060 75120
0 0 0 1
28
39.569 255.646
39.5611 255.633
39.5594 255.62
39.5604 255.612
39.5614 255.604
39.566 255.593
39.5697 255.589
39.5733 255.586
39.5842 255.576
39.5879 255.573
39.5915 255.569
39.5951 255.566
39.5951 255.566
39.6051 255.564
39.6113 255.565
39.6203 255.571
39.6292 255.577
39.6318 255.581
39.6345 255.586
39.6371 255.591
39.6378 255.611
39.6331 255.623
39.6295 255.626
39.6259 255.629
39.6113 255.643
39.5941 255.651
39.5878 255.65
39.569 255.646
S4DE_SS2FRONTRANGE_2025M6_1

0
15000 30000 75060 75120
0 0 0 1
31
39.5611 255.633
39.5558 255.623
39.5541 255.611
39.5551 255.603
39.5551 255.603
39.5634 255.588
39.5707 255.581
39.5852 255.568
39.5889 255.565
39.5925 255.561
39.6024 255.559
39.6087 255.56
39.6087 255.56
39.6176 255.566
39.6266 255.572
39.6371 255.591
39.6398 255.595
39.6414 255.608
39.6404 255.616
39.6404 255.616
39.6322 255.631
39.6285 255.634
39.6212 255.641
39.6176 255.644
39.5968 255.656
39.5868 255.658
39.5806 255.657
39.5716 255.651
39.5716 255.651
39.5663 255.642
39.5611 255.633
S4DE_SS2FRONTRANGE_2025M6_2

0
30000 45000 75060 75120
0 0 0 1
27
39.5726 255.643
39.5647 255.629
39.5647 255.629
39.563 255.617
39.564 255.609
39.5723 255.594
39.5796 255.587
39.5832 255.584
39.5832 255.584
39.5968 255.578
39.613 255.578
39.6282 255.585
39.6309 255.589
39.6414 255.608
39.6441 255.612
39.6441 255.612
39.6431 255.62
39.6431 255.62
39.6394 255.624
39.6358 255.627
39.6322 255.631
39.6285 255.634
39.6176 255.644
39.5994 255.661
39.5868 255.658
39.5753 255.648
39.5726 255.643
S4DE_SS2FRONTRANGE_2025M6_3

0
45000 60000 75060 75120
0 0 0 1
20
39.5826 255.641
39.5773 255.632
39.5746 255.627
39.5746 255.627
39.5783 255.624
39.5928 255.61
39.5965 255.607
39.6001 255.604
39.6037 255.6
39.6136 255.598
39.6137 255.598
39.6163 255.603
39.6322 255.631
39.6322 255.631
39.6285 255.634
39.6103 255.651
39.5958 255.664
39.5958 255.664
39.5958 255.664
39.5826 255.641
S4DE_SS2SPAMERICA1_2025M0_0

0
0 15000 57600 57660
0 0 0 1
23
33.3835 253.071
33.3835 253.076
33.3835 253.082
33.379 253.088
33.37 253.093
33.3655 253.093
33.3476 253.093
33.3431 253.093
33.3431 253.093
33.3431 253.093
33.3296 253.076
33.3296 253.076
33.3296 253.071
33.3296 253.053
33.3296 253.048
33.3341 253.042
33.3386 253.036
33.3386 253.036
33.3565 253.036
33.379 253.036
33.3835 253.048
33.3835 253.053
33.3835 253.071
S4DE_SS2SPAMERICA1_2025M0_1

0
15000 30000 57600 57660
0 0 0 1
28
33.3925 253.059
33.3925 253.088
33.388 253.093
33.3835 253.099
33.3745 253.105
33.3745 253.105
33.37 253.105
33.3565 253.105
33.3476 253.105
33.3341 253.099
33.3116 253.082
33.3071 253.076
33.3026 253.059
33.3026 253.059
33.3026 253.042
33.3116 253.031
33.3116 253.031
33.3476 253.025
33.3521 253.025
33.361 253.025
33.37 253.025
33.3745 253.025
33.379 253.025
33.379 253.025
33.3835 253.031
33.388 253.036
33.3925 253.048
33.3925 253.059
S4DE_SS2SPAMERICA1_2025M0_2

0
30000 45000 57600 57660
0 0 0 1
29
33.3925 253.053
33.3925 253.065
33.3925 253.071
33.3925 253.071
33.3925 253.071
33.388 253.082
33.3835 253.088
33.379 253.093
33.3655 253.099
33.3566 253.099
33.3206 253.088
33.3206 253.088
33.3071 253.076
33.2981 253.065
33.2936 253.053
33.2936 253.048
33.2936 253.031
33.2981 253.025
33.2981 253.025
33.3071 253.019
33.3476 253.013
33.3565 253.013
33.37 253.013
33.379 253.019
33.379 253.019
33.388 253.031
33.3925 253.048
33.3925 253.048
33.3925 253.053
S4DE_SS2SPAMERICA1_2025M0_3

0
45000 60000 57600 57660
0 0 0 1
30
33.3835 253.036
33.3835 253.059
33.3835 253.059
33.379 253.071
33.3745 253.071
33.37 253.071
33.3655 253.071
33.361 253.071
33.3251 253.071
33.3026 253.059
33.2981 253.053
33.2936 253.048
33.2936 253.042
33.2936 253.031
33.2936 253.025
33.3026 253.013
33.3386 253.002
33.3476 253.002
33.3521 253.002
33.3566 253.002
33.361 253.002
33.37 253.008
33.379 253.013
33.379 253.013
33.379 253.013
33.3835 253.019
33.3835 253.019
33.3835 253.025
33.3835 253.031
33.3835 253.036
S4DE_SS2SPAMERICA1_2025M4_2

0
30000 45000 57840 57900
0 0 0 1
13
33.2846 253.053
33.2846 253.053
33.2801 253.059
33.2756 253.059
33.2711 253.053
33.2711 253.048
33.2711 253.048
33.2756 253.042
33.2756 253.042
33.2801 253.042
33.2801 253.042
33.2846 253.048
33.2846 253.053
S4DE_SS2SPAMERICA1_2025M4_3

0
45000 60000 57840 57900
0 0 0 1
16
33.3026 253.036
33.3026 253.048
33.2981 253.053
33.2801 253.053
33.2711 253.053
33.2711 253.053
33.2711 253.048
33.2711 253.036
33.2711 253.031
33.2711 253.025
33.2711 253.025
33.2936 253.025
33.2981 253.025
33.2981 253.025
33.3026 253.031
33.3026 253.036
S4DE_SS2SPAMERICA1_2025M5_0

0
0 15000 57900 57960
0 0 0 1
23
33.2441 253.059
33.2441 253.071
33.2441 253.076
33.2441 253.076
33.2441 253.076
33.2396 253.082
33.2126 253.088
33.2081 253.088
33.2036 253.088
33.1991 253.082
33.1946 253.076
33.1946 253.076
33.1946 253.048
33.1946 253.042
33.1946 253.042
33.2081 253.036
33.2081 253.036
33.2126 253.036
33.2171 253.036
33.2351 253.042
33.2441 253.048
33.2441 253.048
33.2441 253.059
S4DE_SS2SPAMERICA1_2025M5_1

0
15000 30000 57900 57960
0 0 0 1
27
33.2486 253.076
33.2486 253.076
33.2441 253.088
33.2441 253.088
33.2351 253.093
33.2261 253.093
33.2081 253.093
33.2036 253.093
33.1991 253.093
33.1991 253.093
33.1902 253.082
33.1901 253.082
33.1857 253.071
33.1856 253.065
33.1856 253.053
33.1901 253.036
33.1991 253.031
33.2036 253.031
33.2081 253.031
33.2216 253.031
33.2261 253.031
33.2351 253.031
33.2441 253.036
33.2486 253.048
33.2486 253.053
33.2486 253.059
33.2486 253.076
S4DE_SS2SPAMERICA1_2025M5_2

0
30000 45000 57900 57960
0 0 0 1
25
33.2846 253.053
33.2801 253.065
33.2351 253.088
33.2306 253.088
33.2261 253.088
33.2126 253.088
33.2036 253.088
33.1946 253.082
33.1901 253.076
33.1857 253.059
33.1856 253.053
33.1856 253.048
33.1857 253.042
33.1857 253.042
33.1857 253.042
33.1901 253.025
33.1946 253.025
33.2351 253.025
33.2396 253.025
33.2441 253.025
33.2801 253.036
33.2801 253.036
33.2846 253.048
33.2846 253.048
33.2846 253.053
S4DE_SS2SPAMERICA1_2025M5_3

0
45000 60000 57900 57960
0 0 0 1
25
33.2891 253.042
33.2891 253.053
33.2801 253.059
33.2486 253.065
33.2441 253.065
33.2396 253.065
33.2171 253.065
33.2036 253.065
33.1991 253.065
33.1946 253.059
33.1946 253.042
33.1946 253.019
33.1991 253.019
33.2081 253.019
33.2216 253.019
33.2306 253.019
33.2441 253.019
33.2576 253.019
33.2711 253.019
33.2756 253.019
33.2801 253.019
33.2891 253.025
33.2891 253.025
33.2891 253.031
33.2891 253.042
S4DE_SS2SPAMERICA1_2025M6_0

0
0 15000 57960 58020
0 0 0 1
28
33.2441 253.053
33.2441 253.071
33.2396 253.082
33.2351 253.088
33.2306 253.093
33.2216 253.099
33.2171 253.099
33.2126 253.099
33.1991 253.099
33.1946 253.099
33.1901 253.099
33.1857 253.099
33.1856 253.099
33.1767 253.093
33.1722 253.088
33.1677 253.076
33.1632 253.065
33.1632 253.059
33.1632 253.053
33.1632 253.048
33.1722 253.031
33.1812 253.025
33.1857 253.025
33.1901 253.025
33.2081 253.025
33.2261 253.031
33.2306 253.036
33.2441 253.053
S4DE_SS2SPAMERICA1_2025M6_1

0
15000 30000 57960 58020
0 0 0 1
31
33.2441 253.071
33.2441 253.082
33.2396 253.093
33.2351 253.099
33.2351 253.099
33.2216 253.105
33.2126 253.105
33.1947 253.105
33.1901 253.105
33.1857 253.105
33.1767 253.099
33.1722 253.093
33.1722 253.093
33.1677 253.082
33.1632 253.071
33.1632 253.048
33.1632 253.042
33.1677 253.031
33.1722 253.025
33.1722 253.025
33.1856 253.019
33.1902 253.019
33.1991 253.019
33.2036 253.019
33.2261 253.025
33.2351 253.031
33.2396 253.036
33.2441 253.048
33.2441 253.048
33.2441 253.059
33.2441 253.071
S4DE_SS2SPAMERICA1_2025M6_2

0
30000 45000 57960 58020
0 0 0 1
27
33.2396 253.053
33.2396 253.071
33.2396 253.071
33.2351 253.082
33.2306 253.088
33.2171 253.093
33.2081 253.093
33.2036 253.093
33.2036 253.093
33.1901 253.088
33.1767 253.076
33.1677 253.059
33.1677 253.053
33.1677 253.031
33.1677 253.025
33.1677 253.025
33.1722 253.019
33.1722 253.019
33.1767 253.019
33.1812 253.019
33.1857 253.019
33.1901 253.019
33.2036 253.019
33.2261 253.019
33.2351 253.031
33.2396 253.048
33.2396 253.053
S4DE_SS2SPAMERICA1_2025M6_3

0
45000 60000 57960 58020
0 0 0 1
20
33.2306 253.048
33.2306 253.059
33.2306 253.065
33.2306 253.065
33.2261 253.065
33.2081 253.065
33.2036 253.065
33.1991 253.065
33.1946 253.065
33.1857 253.059
33.1856 253.059
33.1856 253.053
33.1856 253.019
33.1856 253.019
33.1901 253.019
33.2126 253.019
33.2306 253.019
33.2306 253.019
33.2306 253.019
33.2306 253.048
S4DE_SS2SPAMERICA2_2025M0_0

0
0 15000 75600 75660
0 0 0 1
23
33.3835 253.071
33.3835 253.076
33.3835 253.082
33.379 253.088
33.37 253.093
33.3655 253.093
33.3476 253.093
33.3431 253.093
33.3431 253.093
33.3431 253.093
33.3296 253.076
33.3296 253.076
33.3296 253.071
33.3296 253.053
33.3296 253.048
33.3341 253.042
33.3386 253.036
33.3386 253.036
33.3565 253.036
33.379 253.036
33.3835 253.048
33.3835 253.053
33.3835 253.071
S4DE_SS2SPAMERICA2_2025M0_1

0
15000 30000 75600 75660
0 0 0 1
28
33.3925 253.059
33.3925 253.088
33.388 253.093
33.3835 253.099
33.3745 253.105
33.3745 253.105
33.37 253.105
33.3565 253.105
33.3476 253.105
33.3341 253.099
33.3116 253.082
33.3071 253.076
33.3026 253.059
33.3026 253.059
33.3026 253.042
33.3116 253.031
33.3116 253.031
33.3476 253.025
33.3521 253.025
33.361 253.025
33.37 253.025
33.3745 253.025
33.379 253.025
33.379 253.025
33.3835 253.031
33.388 253.036
33.3925 253.048
33.3925 253.059
S4DE_SS2SPAMERICA2_2025M0_2

0
30000 45000 75600 75660
0 0 0 1
29
33.3925 253.053
33.3925 253.065
33.3925 253.071
33.3925 253.071
33.3925 253.071
33.388 253.082
33.3835 253.088
33.379 253.093
33.3655 253.099
33.3566 253.099
33.3206 253.088
33.3206 253.088
33.3071 253.076
33.2981 253.065
33.2936 253.053
33.2936 253.048
33.2936 253.031
33.2981 253.025
33.2981 253.025
33.3071 253.019
33.3476 253.013
33.3565 253.013
33.37 253.013
33.379 253.019
33.379 253.019
33.388 253.031
33.3925 253.048
33.3925 253.048
33.3925 253.053
S4DE_SS2SPAMERICA2_2025M0_3

0
45000 60000 75600 75660
0 0 0 1
30
33.3835 253.036
33.3835 253.059
33.3835 253.059
33.379 253.071
33.3745 253.071
33.37 253.071
33.3655 253.071
33.361 253.071
33.3251 253.071
33.3026 253.059
33.2981 253.053
33.2936 253.048
33.2936 253.042
33.2936 253.031
33.2936 253.025
33.3026 253.013
33.3386 253.002
33.3476 253.002
33.3521 253.002
33.3566 253.002
33.361 253.002
33.37 253.008
33.379 253.013
33.379 253.013
33.379 253.013
33.3835 253.019
33.3835 253.019
33.3835 253.025
33.3835 253.031
33.3835 253.036
S4DE_SS2SPAMERICA2_2025M4_2

0
30000 45000 75840 75900
0 0 0 1
13
33.2846 253.053
33.2846 253.053
33.2801 253.059
33.2756 253.059
33.2711 253.053
33.2711 253.048
33.2711 253.048
33.2756 253.042
33.2756 253.042
33.2801 253.042
33.2801 253.042
33.2846 253.048
33.2846 253.053
S4DE_SS2SPAMERICA2_2025M4_3

0
45000 60000 75840 75900
0 0 0 1
16
33.3026 253.036
33.3026 253.048
33.2981 253.053
33.2801 253.053
33.2711 253.053
33.2711 253.053
33.2711 253.048
33.2711 253.036
33.2711 253.031
33.2711 253.025
33.2711 253.025
33.2936 253.025
33.2981 253.025
33.2981 253.025
33.3026 253.031
33.3026 253.036
S4DE_SS2SPAMERICA2_2025M5_0

0
0 15000 75900 75960
0 0 0 1
23
33.2441 253.059
33.2441 253.071
33.2441 253.076
33.2441 253.076
33.2441 253.076
33.2396 253.082
33.2126 253.088
33.2081 253.088
33.2036 253.088
33.1991 253.082
33.1946 253.076
33.1946 253.076
33.1946 253.048
33.1946 253.042
33.1946 253.042
33.2081 253.036
33.2081 253.036
33.2126 253.036
33.2171 253.036
33.2351 253.042
33.2441 253.048
33.2441 253.048
33.2441 253.059
S4DE_SS2SPAMERICA2_2025M5_1

0
15000 30000 75900 75960
0 0 0 1
27
33.2486 253.076
33.2486 253.076
33.2441 253.088
33.2441 253.088
33.2351 253.093
33.2261 253.093
33.2081 253.093
33.2036 253.093
33.1991 253.093
33.1991 253.093
33.1902 253.082
33.1901 253.082
33.1857 253.071
33.1856 253.065
33.1856 253.053
33.1901 253.036
33.1991 253.031
33.2036 253.031
33.2081 253.031
33.2216 253.031
33.2261 253.031
33.2351 253.031
33.2441 253.036
33.2486 253.048
33.2486 253.053
33.2486 253.059
33.2486 253.076
S4DE_SS2SPAMERICA2_2025M5_2

0
30000 45000 75900 75960
0 0 0 1
25
33.2846 253.053
33.2801 253.065
33.2351 253.088
33.2306 253.088
33.2261 253.088
33.2126 253.088
33.2036 253.088
33.1946 253.082
33.1901 253.076
33.1857 253.059
33.1856 253.053
33.1856 253.048
33.1857 253.042
33.1857 253.042
33.1857 253.042
33.1901 253.025
33.1946 253.025
33.2351 253.025
33.2396 253.025
33.2441 253.025
33.2801 253.036
33.2801 253.036
33.2846 253.048
33.2846 253.048
33.2846 253.053
S4DE_SS2SPAMERICA2_2025M5_3

0
45000 60000 75900 75960
0 0 0 1
25
33.2891 253.042
33.2891 253.053
33.2801 253.059
33.2486 253.065
33.2441 253.065
33.2396 253.065
33.2171 253.065
33.2036 253.065
33.1991 253.065
33.1946 253.059
33.1946 253.042
33.1946 253.019
33.1991 253.019
33.2081 253.019
33.2216 253.019
33.2306 253.019
33.2441 253.019
33.2576 253.019
33.2711 253.019
33.2756 253.019
33.2801 253.019
33.2891 253.025
33.2891 253.025
33.2891 253.031
33.2891 253.042
S4DE_SS2SPAMERICA2_2025M6_0

0
0 15000 75960 76020
0 0 0 1
28
33.2441 253.053
33.2441 253.071
33.2396 253.082
33.2351 253.088
33.2306 253.093
33.2216 253.099
33.2171 253.099
33.2126 253.099
33.1991 253.099
33.1946 253.099
33.1901 253.099
33.1857 253.099
33.1856 253.099
33.1767 253.093
33.1722 253.088
33.1677 253.076
33.1632 253.065
33.1632 253.059
33.1632 253.053
33.1632 253.048
33.1722 253.031
33.1812 253.025
33.1857 253.025
33.1901 253.025
33.2081 253.025
33.2261 253.031
33.2306 253.036
33.2441 253.053
S4DE_SS2SPAMERICA2_2025M6_1

0
15000 30000 75960 76020
0 0 0 1
31
33.2441 253.071
33.2441 253.082
33.2396 253.093
33.2351 253.099
33.2351 253.099
33.2216 253.105
33.2126 253.105
33.1947 253.105
33.1901 253.105
33.1857 253.105
33.1767 253.099
33.1722 253.093
33.1722 253.093
33.1677 253.082
33.1632 253.071
33.1632 253.048
33.1632 253.042
33.1677 253.031
33.1722 253.025
33.1722 253.025
33.1856 253.019
33.1902 253.019
33.1991 253.019
33.2036 253.019
33.2261 253.025
33.2351 253.031
33.2396 253.036
33.2441 253.048
33.2441 253.048
33.2441 253.059
33.2441 253.071
S4DE_SS2SPAMERICA2_2025M6_2

0
30000 45000 75960 76020
0 0 0 1
27
33.2396 253.053
33.2396 253.071
33.2396 253.071
33.2351 253.082
33.2306 253.088
33.2171 253.093
33.2081 253.093
33.2036 253.093
33.2036 253.093
33.1901 253.088
33.1767 253.076
33.1677 253.059
33.1677 253.053
33.1677 253.031
33.1677 253.025
33.1677 253.025
33.1722 253.019
33.1722 253.019
33.1767 253.019
33.1812 253.019
33.1857 253.019
33.1901 253.019
33.2036 253.019
33.2261 253.019
33.2351 253.031
33.2396 253.048
33.2396 253.053
S4DE_SS2SPAMERICA2_2025M6_3

0
45000 60000 75960 76020
0 0 0 1
20
33.2306 253.048
33.2306 253.059
33.2306 253.065
33.2306 253.065
33.2261 253.065
33.2081 253.065
33.2036 253.065
33.1991 253.065
33.1946 253.065
33.1857 253.059
33.1856 253.059
33.1856 253.053
33.1856 253.019
33.1856 253.019
33.1901 253.019
33.2126 253.019
33.2306 253.019
33.2306 253.019
33.2306 253.019
33.2306 253.048
