FORMAT	LATLON	FEET
#Time	Long	Lat	Alt	spacecraft	separates	from	carrier	aircraft	at	time	3900
# This file has been abridged such that time t=0 is actually t=3900 of the original file
0	-106.961485	33.394	44051.56
1	-106.961485	33.393	43980.56
2	-106.961485	33.392	43930.94
3	-106.961486	33.39	43918.04
4	-106.961488	33.388	43957.51
5	-106.96149	33.386	44056.3
6	-106.961493	33.384	44227.37
7	-106.961497	33.382	44478.87
8	-106.961502	33.38	44824.37
9	-106.961508	33.378	45248.35
10	-106.961515	33.376	45752.74
11	-106.961523	33.374	46360.78
12	-106.961531	33.373	47024.21
13	-106.96154	33.371	47773.43
14	-106.961549	33.37	48549.22
15	-106.961559	33.369	49408.43
16	-106.961569	33.368	50295.71
17	-106.96158	33.367	51221.24
18	-106.961591	33.366	52180.29
19	-106.961602	33.366	53169.33
20	-106.961613	33.365	54186.33
21	-106.961624	33.364	55230.75
22	-106.961636	33.364	56302.24
23	-106.961648	33.363	57400.07
24	-106.96166	33.363	58524.04
25	-106.961673	33.362	59686.08
26	-106.961686	33.362	60863.42
27	-106.961698	33.361	62055.17
28	-106.961712	33.361	63285.98
29	-106.961726	33.36	64557.55
30	-106.96174	33.36	65845.41
31	-106.961754	33.36	67176.06
32	-106.961768	33.359	68510.37
33	-106.961784	33.359	69903.19
34	-106.961799	33.358	71300.29
35	-106.961814	33.358	72758.93
36	-106.96183	33.357	74237.11
37	-106.961847	33.357	75750.05
38	-106.961862	33.356	77173.53
39	-106.961881	33.356	78916.28
40	-106.961897	33.355	80375.93
41	-106.961915	33.355	82034.33
42	-106.961933	33.354	83732.21
43	-106.961952	33.353	85470.56
44	-106.961971	33.353	87250.26
45	-106.961991	33.352	89072.51
46	-106.962011	33.352	91014.05
47	-106.962032	33.351	92945.79
48	-106.962053	33.351	94844.71
49	-106.962075	33.35	96908.94
50	-106.962096	33.35	98919.56
51	-106.962118	33.35	100997.61
52	-106.962142	33.349	103210.56
53	-106.962164	33.349	105320.65
54	-106.962189	33.348	107658.98
55	-106.962214	33.348	109959.49
56	-106.962239	33.348	112335.31
57	-106.962264	33.347	114691.43
58	-106.96229	33.347	117172.6
59	-106.962317	33.347	119682.57
60	-106.962344	33.346	122271.91
61	-106.962372	33.346	124889.68
62	-106.9624	33.345	127534.35
63	-106.962429	33.345	130231.87
64	-106.962459	33.345	133066.26
65	-106.962488	33.345	135899.05
66	-106.962519	33.344	138742.72
67	-106.962548	33.344	141572.79
68	-106.962579	33.344	144532.34
69	-106.96261	33.343	147446.14
70	-106.962641	33.343	150341.31
71	-106.962672	33.343	153333.5
72	-106.962702	33.343	156215.73
73	-106.962733	33.343	159162.96
74	-106.962765	33.342	162144.72
75	-106.962796	33.342	165130.15
76	-106.962826	33.342	168029.1
77	-106.962858	33.342	171017.67
78	-106.962889	33.342	173976.31
79	-106.96292	33.342	176963.09
80	-106.962951	33.341	179888.26
81	-106.962982	33.341	182839.42
82	-106.963012	33.341	185785.9
83	-106.963043	33.341	188726.59
84	-106.963074	33.341	191660.48
85	-106.963105	33.341	194615.96
86	-106.963135	33.341	197533.24
87	-106.963166	33.34	200426.12
88	-106.963195	33.34	203287.04
89	-106.963225	33.34	206116.04
90	-106.963254	33.34	208913.15
91	-106.963283	33.34	211678.39
92	-106.963312	33.34	214411.79
93	-106.96334	33.34	217113.39
94	-106.963368	33.34	219783.23
95	-106.963395	33.339	222421.35
96	-106.963423	33.339	225053.7
97	-106.963451	33.339	227704.92
98	-106.963476	33.339	230171.03
99	-106.963503	33.339	232682.29
100	-106.963528	33.339	235161.98
101	-106.963554	33.339	237610.09
102	-106.96358	33.339	240050.67
103	-106.963604	33.338	242411.71
104	-106.963629	33.338	244788.6
105	-106.963653	33.338	247110.3
106	-106.963677	33.338	249400.49
107	-106.963701	33.338	251659.19
108	-106.963724	33.338	253886.41
109	-106.963747	33.338	256082.15
110	-106.96377	33.337	258267.92
111	-106.963792	33.337	260400.41
112	-106.963814	33.337	262501.47
113	-106.963836	33.337	264571.08
114	-106.963857	33.337	266609.28
115	-106.963876	33.337	268436.74
116	-106.963899	33.337	270591.44
117	-106.963917	33.337	272361.74
118	-106.963937	33.336	274277.15
119	-106.963957	33.336	276161.16
120	-106.963976	33.336	278013.79
121	-106.963996	33.336	279907.24
122	-106.964015	33.336	281695.86
123	-106.964033	33.336	283453.12
124	-106.964051	33.336	285196.12
125	-106.964069	33.335	286890.35
126	-106.964087	33.335	288553.23
127	-106.964104	33.335	290184.77
128	-106.96412	33.335	291784.97
129	-106.964137	33.335	293338.3
130	-106.964153	33.335	294876.15
131	-106.964169	33.335	296397.58
132	-106.964184	33.334	297843.28
133	-106.964199	33.334	299301.78
134	-106.964214	33.334	300728.33
135	-106.964228	33.334	302109.29
136	-106.964242	33.334	303432.27
137	-106.964256	33.334	304764.29
138	-106.96427	33.334	306064.4
139	-106.964283	33.334	307320.18
140	-106.964296	33.333	308544.68
141	-106.964308	33.333	309737.89
142	-106.96432	33.333	310899.83
143	-106.964332	33.333	312030.49
144	-106.964344	33.333	313140.72
145	-106.964355	33.333	314198.01
146	-106.964366	33.333	315245.08
147	-106.964377	33.332	316250.36
148	-106.964387	33.332	317224.39
149	-106.964397	33.332	318167.16
150	-106.964407	33.332	319087.63
151	-106.964416	33.332	319967.58
152	-106.964425	33.332	320816.29
153	-106.964434	33.332	321633.75
154	-106.964442	33.332	322419.96
155	-106.96445	33.331	323174.94
156	-106.964458	33.331	323898.67
157	-106.964465	33.331	324591.17
158	-106.964472	33.331	325252.44
159	-106.964478	33.331	325882.47
160	-106.964485	33.331	326487.1
161	-106.964491	33.331	327054.36
162	-106.964497	33.33	327590.39
163	-106.964502	33.33	328095.2
164	-106.964507	33.33	328573.36
165	-106.964512	33.33	329015.41
166	-106.964517	33.33	329426.24
167	-106.964521	33.33	329805.85
168	-106.964524	33.33	330154.23
169	-106.964528	33.33	330471.4
170	-106.964531	33.329	330757.36
171	-106.964534	33.329	330990.46
172	-106.964536	33.329	331237.74
173	-106.964538	33.329	331411.96
174	-106.96454	33.329	331575.89
175	-106.964542	33.329	331708.6
176	-106.964543	33.329	331810.1
177	-106.964544	33.328	331880.4
178	-106.964544	33.328	331919.98
179	-106.964545	33.328	331927.42
180	-106.964545	33.328	331903.71
181	-106.964544	33.328	331846.03
182	-106.964544	33.328	331762.83
183	-106.964542	33.328	331638.88
184	-106.964541	33.327	331488.84
185	-106.964539	33.327	331307.59
186	-106.964538	33.327	331099.69
187	-106.964535	33.327	330851.47
188	-106.964533	33.327	330576.58
189	-106.964529	33.327	330270.47
190	-106.964526	33.327	329933.15
191	-106.964523	33.327	329576.12
192	-106.964519	33.326	329168.97
193	-106.964514	33.326	328738.22
194	-106.96451	33.326	328281.02
195	-106.964505	33.326	327783.03
196	-106.9645	33.326	327263.96
197	-106.964494	33.326	326697.15
198	-106.964488	33.326	326109.89
199	-106.964482	33.325	325497.74
200	-106.964476	33.325	324848.33
201	-106.964469	33.325	324167.68
202	-106.964462	33.325	323455.8
203	-106.964454	33.325	322705.1
204	-106.964446	33.325	321938.33
205	-106.964438	33.325	321124.52
206	-106.96443	33.325	320278.84
207	-106.964421	33.324	319410.12
208	-106.964412	33.324	318510.18
209	-106.964402	33.324	317579.01
210	-106.964392	33.324	316616.58
211	-106.964382	33.324	315622.9
212	-106.964372	33.324	314597.93
213	-106.964361	33.324	313530.98
214	-106.96435	33.323	312454.21
215	-106.964339	33.323	311335.45
216	-106.964327	33.323	310173.76
217	-106.964315	33.323	308992.14
218	-106.964303	33.323	307779.24
219	-106.96429	33.323	306522.46
220	-106.964278	33.323	305362.78
221	-106.964265	33.322	304058.54
222	-106.96425	33.322	302587.73
223	-106.964237	33.322	301356.17
224	-106.964223	33.322	299958.04
225	-106.964208	33.322	298528.61
226	-106.964193	33.322	297067.88
227	-106.964178	33.322	295500.41
228	-106.964163	33.322	294052.45
229	-106.964146	33.321	292450.62
230	-106.96413	33.321	290847.64
231	-106.964113	33.321	289229.05
232	-106.964096	33.321	287579.13
233	-106.964079	33.321	285880.92
234	-106.964062	33.321	284168.03
235	-106.964044	33.321	282423.81
236	-106.964026	33.32	280684.07
237	-106.964007	33.32	278841.36
238	-106.963988	33.32	276984.59
239	-106.963969	33.32	275133.56
240	-106.963949	33.32	273213.48
241	-106.963929	33.32	271280.92
242	-106.963909	33.32	269317.01
243	-106.963889	33.319	267321.77
244	-106.963868	33.319	265295.19
245	-106.963847	33.319	263237.29
246	-106.963825	33.319	261105.94
247	-106.963803	33.319	258984.76
248	-106.963781	33.319	256832.27
249	-106.963759	33.319	254670.47
250	-106.963736	33.319	252433.39
251	-106.963713	33.318	250187.04
252	-106.963689	33.318	247909.43
253	-106.963666	33.318	245600.59
254	-106.963642	33.318	243260.55
255	-106.963617	33.318	240889.33
256	-106.963592	33.318	238462.79
257	-106.963567	33.318	236029.03
258	-106.963542	33.317	233589.02
259	-106.963516	33.317	231068.41
260	-106.96349	33.317	228541.67
261	-106.963464	33.317	225984.06
262	-106.96344	33.317	223629.89
263	-106.96341	33.317	220776.63
264	-106.963386	33.317	218366.72
265	-106.963358	33.316	215689.42
266	-106.96333	33.316	212981.85
267	-106.9633	33.316	210078.98
268	-106.963273	33.316	207421.03
269	-106.963243	33.316	204510.78
270	-106.963214	33.316	201682.53
271	-106.963184	33.315	198825.25
272	-106.963155	33.315	195939.28
273	-106.963125	33.315	193025.14
274	-106.963094	33.315	190083.28
275	-106.963064	33.315	187143.82
276	-106.963033	33.314	184147.72
277	-106.963002	33.314	181094.97
278	-106.96297	33.314	178047.13
279	-106.962939	33.314	174975.22
280	-106.962907	33.314	171880.12
281	-106.962875	33.313	168762.42
282	-106.962843	33.313	165623.13
283	-106.962811	33.313	162559.4
284	-106.962778	33.312	159351.84
285	-106.962746	33.312	156159.53
286	-106.962712	33.312	152888.64
287	-106.96268	33.311	149703.36
288	-106.962647	33.311	146509.84
289	-106.962614	33.31	143214.17
290	-106.962581	33.31	139983.2
291	-106.962549	33.309	136788.51
292	-106.962516	33.309	133571.18
293	-106.962484	33.308	130369.66
294	-106.962452	33.307	127159.39
295	-106.96242	33.306	124011.68
296	-106.96239	33.305	120934.57
297	-106.96236	33.304	117845.02
298	-106.96233	33.303	114846.34
299	-106.962302	33.302	111918.53
300	-106.962275	33.3	109073.51
301	-106.962249	33.299	106322.25
302	-106.962225	33.297	103676.67
303	-106.962201	33.295	101121.91
304	-106.96218	33.293	98740.68
305	-106.96216	33.291	96443.99
306	-106.962142	33.289	94305.56
307	-106.962126	33.286	92304.85
308	-106.962111	33.284	90444.61
309	-106.962097	33.282	88724.3
310	-106.962086	33.279	87123.44
311	-106.962075	33.277	85667.34
312	-106.962067	33.275	84331.82
313	-106.962059	33.272	83108.13
314	-106.962052	33.27	81987.01
315	-106.962046	33.268	80960.12
316	-106.962041	33.265	80019.29
317	-106.962037	33.263	79147.83
318	-106.962033	33.261	78362.2
319	-106.96203	33.259	77622.01
320	-106.962027	33.257	76937.42
321	-106.962025	33.256	76288.24
322	-106.962022	33.254	75666.65
323	-106.96202	33.252	75068.39
324	-106.962018	33.251	74484.44
325	-106.962016	33.249	73979.08
326	-106.962014	33.248	73431.87
327	-106.962011	33.247	72897.86
328	-106.962009	33.245	72375.27
329	-106.962007	33.244	71862.73
330	-106.962005	33.243	71359.01
331	-106.962003	33.242	70863.15
332	-106.962001	33.24	70354.92
333	-106.961998	33.239	69867.72
334	-106.961996	33.238	69409.81
335	-106.961994	33.237	68918.78
336	-106.961992	33.236	68451.27
337	-106.96199	33.235	67983.26
338	-106.961988	33.234	67542.06
339	-106.961985	33.233	67090.48
340	-106.961983	33.232	66615.02
341	-106.961981	33.231	66183.26
342	-106.961978	33.23	65718.43
343	-106.961976	33.23	65291.92
344	-106.961974	33.229	64832.43
345	-106.961971	33.228	64393.02
346	-106.961969	33.227	63968.92
347	-106.961966	33.226	63520.78
348	-106.961964	33.225	63087.78
349	-106.961962	33.225	62656.83
350	-106.961959	33.224	62228.03
351	-106.961957	33.223	61801.48
352	-106.961954	33.223	61389.94
353	-106.961952	33.222	60963.82
354	-106.961949	33.221	60540.16
355	-106.961947	33.221	60119.04
356	-106.961944	33.22	59704.66
357	-106.961942	33.219	59301.14
358	-106.96194	33.219	58883.89
359	-106.961937	33.218	58481.64
360	-106.961935	33.217	58074.03
361	-106.961932	33.217	57673.23
362	-106.96193	33.216	57275.18
363	-106.961927	33.216	56879.88
364	-106.961925	33.215	56487.29
365	-106.961922	33.214	56097.5
366	-106.96192	33.214	55706.79
367	-106.961918	33.213	55322.99
368	-106.961915	33.213	54942.28
369	-106.961913	33.212	54564.72
370	-106.961911	33.212	54190.3
371	-106.961908	33.211	53819.02
372	-106.961906	33.211	53447.21
373	-106.961903	33.21	53082.18
374	-106.961901	33.21	52720.2
375	-106.961899	33.209	52361.22
376	-106.961897	33.209	52005.16
377	-106.961895	33.208	51651.97
378	-106.961892	33.208	51298.09
379	-106.96189	33.207	50953.92
380	-106.961888	33.207	50605.48
381	-106.961886	33.206	50263.09
382	-106.961884	33.206	49926.61
383	-106.961881	33.205	49585.93
384	-106.961879	33.205	49251.26
385	-106.961877	33.204	48949.04
386	-106.961875	33.204	48586.69
387	-106.961873	33.204	48292.65
388	-106.961871	33.203	47968.47
389	-106.961869	33.203	47646.94
390	-106.961867	33.202	47328.01
391	-106.961865	33.202	47011.64
392	-106.961863	33.201	46682.15
393	-106.961861	33.201	46370.86
394	-106.961859	33.201	46058.88
395	-106.961857	33.2	45749.26
396	-106.961855	33.2	45451.05
397	-106.961853	33.199	45145.92
398	-106.961851	33.199	44845.95
399	-106.961849	33.199	44545.09
400	-106.961847	33.198	44249.24
401	-106.961845	33.198	43958.48
402	-106.961844	33.198	43666.75
403	-106.961842	33.197	43377.35
404	-106.96184	33.197	43092.98
405	-106.961838	33.196	42805.26
406	-106.961836	33.196	42523.43
407	-106.961835	33.196	42245.68
408	-106.961833	33.195	41970.46
409	-106.961832	33.195	41706.79
410	-106.96183	33.194	41446.35
411	-106.961829	33.194	41190.64
412	-106.961828	33.193	40937.95
413	-106.961827	33.193	40685.31
414	-106.961826	33.192	40443.21
415	-106.961825	33.192	40197.52
416	-106.961825	33.191	39959.13
417	-106.961824	33.191	39727.13
418	-106.961824	33.19	39494.95
419	-106.961824	33.189	39262.04
420	-106.961825	33.188	39045.97	
